param n=50;
param m=6;
param K = 25;
param Q = 60;
param L =31;
param HC:= 
1 205.417
2 191.671
3 166.065
4 206.316
5 193.796
6 203.468;

param o:
	1	2	3	4	5	6	7	8	9	10	11	12	13	14	15	16	17	18	19	20	21	22	23	24	25	26	27	28	29	30	31	32	33	34	35	36	37	38	39	40	41	42	43	44	45	46	47	48	49	50:=
1	67.08203932	120.8304597	70.71067812	162.788206	50.99019514	113.137085	220	210.2379604	161.245155	190.2629759	123.6931688	85.44003745	155.5634919	259.4224354	192.3538406	120.4159458	31.6227766	193.1320792	167.6305461	67.08203932	50	78.10249676	36.05551275	76.15773106	224.7220505	60	30	138.9244399	114.0175425	80.62257748	94.86832981	85.44003745	58.30951895	60	202.4845673	50.99019514	181.1077028	100.4987562	70.71067812	42.42640687	106.3014581	199.2485885	241.8677324	127.2792206	169.7056275	126.4911064	160	133.4166406	194.1648784	72.80109889
2	205.1828453	76.15773106	76.15773106	170	192.3538406	40	184.3908891	183.8477631	208.8061302	170.2938637	110	150	31.6227766	150	186.0107524	70	155.5634919	111.8033989	106.3014581	151.3274595	136.0147051	143.1782106	148.6606875	150.3329638	110	184.3908891	170	150	110.4536102	130	150.3329638	228.2542442	130.3840481	196.977156	120.8304597	183.8477631	172.0465053	92.19544457	202.4845673	186.0107524	41.23105626	125.2996409	183.5755975	31.6227766	40	40	144.222051	50.99019514	194.1648784	140.3566885
3	282.3118843	94.86832981	152.9705854	117.0469991	246.9817807	120	82.46211251	90.55385138	170.8800749	90.55385138	233.4523506	162.788206	94.86832981	50	110.4536102	194.1648784	240.4163056	22.36067977	50	178.0449381	233.4523506	250.7987241	237.6972865	170.2938637	41.23105626	272.0294102	228.2542442	272.9468813	231.9482701	240.208243	155.5634919	280.1785145	231.9482701	244.1311123	14.14213562	265.7066051	101.9803903	210.9502311	242.0743687	254.9509757	130	22.36067977	64.03124237	110.4536102	89.4427191	164.924225	89.4427191	177.2004515	120.4159458	164.0121947
4	100	110	50	178.8854382	100.4987562	85.44003745	225.6102835	218.4032967	191.0497317	199.2485885	76.15773106	113.137085	125.2996409	240.4163056	206.1552813	70.71067812	50	181.1077028	160	100	31.6227766	50.99019514	42.42640687	106.3014581	202.4845673	78.10249676	80	98.99494937	67.08203932	44.72135955	120.4159458	133.4166406	30	110	191.0497317	78.10249676	193.1320792	50.99019514	120.4159458	85.44003745	76.15773106	190.2629759	240.8318916	98.48857802	138.9244399	80.62257748	167.6305461	85.44003745	210.2379604	98.99494937
5	50	144.222051	100	170	20	142.126704	231.9482701	220.9072203	158.113883	200.9975124	151.3274595	90	184.3908891	283.019434	200	151.3274595	44.72135955	214.7091055	187.8829423	70	72.80109889	98.48857802	53.85164807	80	250	58.30951895	10	161.5549442	141.4213562	104.4030651	100	53.85164807	82.46211251	31.6227766	223.6067977	44.72135955	190.2629759	130	44.72135955	20	136.0147051	219.317122	257.0992026	156.2049935	198.4943324	158.113883	172.626765	164.924225	200.2498439	80.62257748
6	210.9502311	31.6227766	76.15773106	117.0469991	183.8477631	40	128.0624847	127.2792206	161.245155	114.0175425	155.241747	117.0469991	31.6227766	117.0469991	130.3840481	117.0469991	165.5294536	60.8276253	50	125.2996409	155.241747	171.1724277	161.5549442	120.8304597	80.62257748	196.977156	162.788206	194.1648784	152.9705854	160.3121954	114.0175425	219.317122	152.9705854	184.3908891	70.71067812	192.3538406	116.6190379	131.5294644	186.0107524	186.0107524	50	72.80109889	130	31.6227766	40	89.4427191	89.4427191	102.9563014	138.9244399	111.8033989;
param cost:
	1	2	3	4	5	6	7	8	9	10	11	12	13	14	15	16	17	18	19	20	21	22	23	24	25	26	27	28	29	30	31	32	33	34	35	36	37	38	39	40	41	42	43	44	45	46	47	48	49	50:=
1	0	187.8829423	136.0147051	220	53.85164807	178.0449381	281.6025568	270.7397274	206.1552813	250.7987241	152.9705854	140	220.2271555	326.4965543	250	165.5294536	50	260	234.0939982	120	76.15773106	90.55385138	58.30951895	130	291.5475947	30	60	150.3329638	143.1782106	101.9803903	150	58.30951895	85.44003745	67.08203932	269.2582404	22.36067977	240.208243	139.2838828	80.62257748	30	170.2938637	265.7066051	305.9411708	192.0937271	234.3074903	180.2775638	222.0360331	183.5755975	250.1999201	130.3840481
2	187.8829423	0	60	94.33981132	156.2049935	42.42640687	120.8304597	116.6190379	133.4166406	100	156.5247584	85.44003745	60	138.9244399	113.137085	122.0655562	145.6021978	72.80109889	50	94.33981132	140.3566885	160.3121954	143.1782106	89.4427191	106.3014581	177.2004515	136.0147051	193.1320792	152.3154621	151.3274595	82.46211251	191.0497317	140	155.5634919	82.46211251	170.8800749	98.99494937	130	156.2049935	161.245155	50	80.62257748	131.5294644	44.72135955	70.71067812	98.99494937	70.71067812	113.137085	120.4159458	80.62257748
3	136.0147051	60	0	136.0147051	116.6190379	42.42640687	177.2004515	170.8800749	158.113883	152.3154621	106.3014581	85.44003745	84.85281374	193.1320792	161.245155	80.62257748	89.4427191	131.5294644	110	80.62257748	80.62257748	100.4987562	85.44003745	82.46211251	156.5247584	120.8304597	94.33981132	138.9244399	100	92.19544457	89.4427191	152.6433752	80	120.8304597	141.4213562	116.6190379	147.6482306	78.10249676	126.4911064	113.137085	36.05551275	140.3566885	191.0497317	56.56854249	98.99494937	70.71067812	120.8304597	82.46211251	166.4331698	72.80109889
4	220	94.33981132	136.0147051	0	171.1724277	136.0147051	67.08203932	53.85164807	53.85164807	36.05551275	242.0743687	80	148.6606875	165.5294536	30	212.1320344	194.1648784	101.9803903	80	100	202.4845673	228.4731932	196.468827	90	152.9705854	222.0360331	160	274.5906044	236.0084744	223.6067977	70	196.468827	206.1552813	162.788206	104.4030651	210.9502311	22.36067977	214.0093456	155.241747	190	142.126704	94.86832981	100	138.9244399	155.241747	192.0937271	30	206.1552813	31.6227766	90.55385138
5	53.85164807	156.2049935	116.6190379	171.1724277	0	158.113883	235.3720459	223.6067977	152.9705854	203.9607805	171.1724277	92.19544457	200	294.1088234	200.9975124	171.1724277	63.2455532	224.7220505	197.2308292	72.80109889	92.19544457	117.0469991	72.80109889	82.46211251	262.488095	70.71067812	22.36067977	180.2775638	161.245155	123.6931688	101.9803903	36.05551275	101.9803903	14.14213562	233.2380758	56.56854249	192.3538406	150	28.28427125	28.28427125	152.6433752	228.2542442	262.488095	172.0465053	214.0093456	177.2004515	177.2004515	184.3908891	200.2498439	85.44003745
6	178.0449381	42.42640687	42.42640687	136.0147051	158.113883	0	161.245155	158.113883	170.8800749	142.126704	117.0469991	110	42.42640687	155.241747	155.5634919	80.62257748	130.3840481	100.4987562	85.44003745	111.8033989	117.0469991	131.5294644	125.2996409	110.4536102	117.0469991	161.245155	136.0147051	155.241747	114.0175425	120.4159458	110.4536102	194.1648784	114.0175425	161.245155	110.4536102	158.113883	141.4213562	92.19544457	165.5294536	155.5634919	10	111.8033989	167.6305461	14.14213562	56.56854249	56.56854249	113.137085	70.71067812	162.788206	100.4987562
7	281.6025568	120.8304597	177.2004515	67.08203932	235.3720459	161.245155	0	14.14213562	113.137085	31.6227766	277.3084925	143.1782106	155.5634919	120.4159458	42.42640687	241.8677324	250.1999201	80.62257748	78.10249676	162.788206	253.179778	276.5863337	250.7987241	152.9705854	123.6931688	280	222.0360331	313.8470965	273.1300057	269.2582404	133.4166406	262.488095	254.9509757	228.035085	76.15773106	270.1851217	44.72135955	250.7987241	221.3594362	251.7935662	170	67.08203932	36.05551275	158.113883	156.2049935	216.3330765	60	230.2172887	50	151.3274595
8	270.7397274	116.6190379	170.8800749	53.85164807	223.6067977	158.113883	14.14213562	0	98.99494937	20	272.9468813	131.5294644	156.2049935	131.5294644	28.28427125	238.5372088	240.8318916	85.44003745	78.10249676	151.3274595	245.1530134	269.2582404	241.8677324	141.4213562	131.5294644	270.1851217	210.9502311	308.7069808	268.3281573	262.488095	121.6552506	250	247.3863375	215.8703314	82.46211251	260	31.6227766	245.9674775	208.8061302	240.8318916	166.4331698	72.80109889	50	156.2049935	158.113883	214.0093456	50.99019514	228.035085	36.05551275	140.3566885
9	206.1552813	133.4166406	158.113883	53.85164807	152.9705854	170.8800749	113.137085	98.99494937	0	86.02325267	262.488095	78.10249676	192.3538406	219.317122	70.71067812	238.5372088	192.3538406	155.241747	131.5294644	94.33981132	208.0865205	236.0084744	197.2308292	86.02325267	206.1552813	215.4065923	148.6606875	290	254.9509757	234.3074903	70.71067812	170	214.0093456	141.4213562	158.113883	202.4845673	72.11102551	234.3074903	130.3840481	177.2004515	174.642492	148.6606875	148.6606875	177.2004515	200.9975124	223.6067977	82.46211251	237.0653918	64.03124237	92.19544457
10	250.7987241	100	152.3154621	36.05551275	203.9607805	142.126704	31.6227766	20	86.02325267	0	255.5386468	111.8033989	144.222051	136.0147051	20	222.0360331	220.9072203	80.62257748	67.08203932	131.5294644	225.6102835	250	222.0360331	121.6552506	130	250.1999201	191.0497317	290.6888371	250.5992817	243.5159132	101.9803903	230.8679276	228.035085	196.468827	80	240	14.14213562	228.2542442	189.7366596	220.9072203	150	70	64.03124237	141.4213562	147.6482306	198.4943324	31.6227766	212.6029163	30	120.4159458
11	152.9705854	156.5247584	106.3014581	242.0743687	171.1724277	117.0469991	277.3084925	272.9468813	262.488095	255.5386468	0	186.0107524	140.3566885	260	266.2705391	40	110	215.8703314	202.4845673	174.9285568	80	63.2455532	100	180.2775638	220	123.6931688	152.9705854	40	10	50.99019514	192.0937271	200	70	182.4828759	225.6102835	131.5294644	252.3885893	28.28427125	194.1648784	150	107.7032961	228.035085	284.6049894	123.6931688	150	70	224.7220505	60.8276253	272.0294102	172.0465053
12	140	85.44003745	85.44003745	80	92.19544457	110	143.1782106	131.5294644	78.10249676	111.8033989	186.0107524	0	143.1782106	212.1320344	110	165.5294536	117.0469991	141.4213562	113.137085	20	130.3840481	158.113883	120.8304597	10	186.0107524	143.1782106	80	212.1320344	178.0449381	156.2049935	10	120.8304597	136.0147051	85.44003745	148.6606875	131.5294644	100.4987562	158.113883	80.62257748	110	110.4536102	142.126704	170.8800749	120.4159458	155.241747	155.241747	85.44003745	167.6305461	110.4536102	14.14213562
13	220.2271555	60	84.85281374	148.6606875	200	42.42640687	155.5634919	156.2049935	192.3538406	144.222051	140.3566885	143.1782106	0	120.4159458	161.245155	100.4987562	172.0465053	80.62257748	78.10249676	148.6606875	156.5247584	167.6305461	166.4331698	145.6021978	80.62257748	202.4845673	178.0449381	180.2775638	140	155.241747	141.4213562	236.0084744	152.3154621	202.4845673	89.4427191	200	147.6482306	120.4159458	205.9126028	197.9898987	50	94.33981132	152.6433752	28.28427125	14.14213562	70.71067812	120.8304597	82.46211251	170	136.0147051
14	326.4965543	138.9244399	193.1320792	165.5294536	294.1088234	155.241747	120.4159458	131.5294644	219.317122	136.0147051	260	212.1320344	120.4159458	0	155.241747	220	282.3118843	70.71067812	98.99494937	226.715681	272.0294102	286.3564213	278.5677655	219.317122	40	313.8470965	274.5906044	300	260.1922366	274.5906044	205.1828453	328.0243893	269.2582404	292.0616373	64.03124237	308.7069808	148.6606875	240.8318916	290.6888371	300.1666204	164.924225	72.11102551	90.55385138	143.1782106	110	190	138.9244399	200.2498439	164.924225	212.6029163
15	250	113.137085	161.245155	30	200.9975124	155.5634919	42.42640687	28.28427125	70.71067812	20	266.2705391	110	161.245155	155.241747	0	234.3074903	223.6067977	100.4987562	85.44003745	130	230.8679276	256.3201124	225.6102835	120	150	251.7935662	190	300.1666204	260.7680962	250.7987241	100	225.6102835	234.0939982	192.3538406	100	240.8318916	14.14213562	238.5372088	184.3908891	220	162.788206	90	78.10249676	156.2049935	165.5294536	212.1320344	42.42640687	226.27417	10	120.4159458
16	165.5294536	122.0655562	80.62257748	212.1320344	171.1724277	80.62257748	241.8677324	238.5372088	238.5372088	222.0360331	40	165.5294536	100.4987562	220	234.3074903	0	117.0469991	177.2004515	165.5294536	158.113883	89.4427191	84.85281374	107.7032961	161.5549442	180	138.9244399	150.3329638	80	41.23105626	70.71067812	170	203.9607805	80.62257748	180.2775638	186.8154169	143.1782106	220.2271555	28.28427125	190	155.241747	72.11102551	189.7366596	246.9817807	85.44003745	110	30	192.0937271	22.36067977	240.8318916	152.3154621
17	50	145.6021978	89.4427191	194.1648784	63.2455532	130.3840481	250.1999201	240.8318916	192.3538406	220.9072203	110	117.0469991	172.0465053	282.3118843	223.6067977	117.0469991	0	218.4032967	194.1648784	98.48857802	30	53.85164807	10	107.7032961	245.9674775	31.6227766	50	117.0469991	100	60.8276253	126.4911064	90	40	76.15773106	228.035085	28.28427125	212.1320344	92.19544457	89.4427191	40	122.0655562	225.6102835	270.7397274	144.222051	186.0107524	130.3840481	190.2629759	134.1640786	225.6102835	104.4030651
18	260	72.80109889	131.5294644	101.9803903	224.7220505	100.4987562	80.62257748	85.44003745	155.241747	80.62257748	215.8703314	141.4213562	80.62257748	70.71067812	100.4987562	177.2004515	218.4032967	0	28.28427125	156.2049935	212.1320344	230.2172887	215.8703314	148.6606875	50.99019514	250	205.9126028	254.9509757	213.7755833	220	134.5362405	258.069758	210.9502311	222.0360331	10	243.5159132	90	192.3538406	220.2271555	232.594067	110.4536102	14.14213562	72.11102551	92.19544457	78.10249676	148.6606875	72.80109889	161.5549442	110.4536102	142.126704
19	234.0939982	50	110	80	197.2308292	85.44003745	78.10249676	78.10249676	131.5294644	67.08203932	202.4845673	113.137085	78.10249676	98.99494937	85.44003745	165.5294536	194.1648784	28.28427125	0	128.0624847	190.2629759	210.2379604	192.3538406	120.4159458	76.15773106	225.6102835	178.8854382	240.4163056	199.2485885	200.9975124	106.3014581	230.2172887	190	194.1648784	36.05551275	218.4032967	72.80109889	177.2004515	192.0937271	206.1552813	94.86832981	31.6227766	82.46211251	80.62257748	80.62257748	138.9244399	50	152.6433752	94.86832981	114.0175425
20	120	94.33981132	80.62257748	100	72.80109889	111.8033989	162.788206	151.3274595	94.33981132	131.5294644	174.9285568	20	148.6606875	226.715681	130	158.113883	98.48857802	156.2049935	128.0624847	0	114.0175425	142.126704	102.9563014	10	198.4943324	123.6931688	60	198.4943324	166.4331698	141.4213562	30	102.9563014	120.4159458	67.08203932	164.0121947	111.8033989	120.4159458	147.6482306	64.03124237	90	110.4536102	158.113883	189.7366596	123.6931688	161.5549442	151.3274595	104.4030651	162.788206	130.3840481	14.14213562
21	76.15773106	140.3566885	80.62257748	202.4845673	92.19544457	117.0469991	253.179778	245.1530134	208.0865205	225.6102835	80	130.3840481	156.5247584	272.0294102	230.8679276	89.4427191	30	212.1320344	190.2629759	114.0175425	0	28.28427125	20	122.0655562	234.0939982	50	76.15773106	89.4427191	70	31.6227766	138.9244399	120	10	104.4030651	222.0360331	53.85164807	218.4032967	63.2455532	117.0469991	70	107.7032961	220.9072203	270.1851217	130	170	106.3014581	194.1648784	108.1665383	234.0939982	116.6190379
22	90.55385138	160.3121954	100.4987562	228.4731932	117.0469991	131.5294644	276.5863337	269.2582404	236.0084744	250	63.2455532	158.113883	167.6305461	286.3564213	256.3201124	84.85281374	53.85164807	230.2172887	210.2379604	142.126704	28.28427125	0	44.72135955	150	247.3863375	60.8276253	102.9563014	63.2455532	53.85164807	14.14213562	166.4331698	141.4213562	22.36067977	130	240.208243	70	243.5159132	56.56854249	143.1782106	92.19544457	121.6552506	240	291.5475947	143.1782106	180.2775638	108.1665383	218.4032967	106.3014581	260	144.222051
23	58.30951895	143.1782106	85.44003745	196.468827	72.80109889	125.2996409	250.7987241	241.8677324	197.2308292	222.0360331	100	120.8304597	166.4331698	278.5677655	225.6102835	107.7032961	10	215.8703314	192.3538406	102.9563014	20	44.72135955	0	111.8033989	241.6609195	36.05551275	58.30951895	107.7032961	90	50.99019514	130	100	30	85.44003745	225.6102835	36.05551275	213.7755833	82.46211251	98.48857802	50	116.6190379	223.6067977	270.1851217	138.9244399	180.2775638	122.0655562	191.0497317	125.2996409	228.035085	107.7032961
24	130	89.4427191	82.46211251	90	82.46211251	110.4536102	152.9705854	141.4213562	86.02325267	121.6552506	180.2775638	10	145.6021978	219.317122	120	161.5549442	107.7032961	148.6606875	120.4159458	10	122.0655562	150	111.8033989	0	192.0937271	133.4166406	70	205.1828453	172.0465053	148.6606875	20	111.8033989	128.0624847	76.15773106	156.2049935	121.6552506	110.4536102	152.6433752	72.11102551	100	110	150	180.2775638	121.6552506	158.113883	152.9705854	94.86832981	164.924225	120.4159458	10
25	291.5475947	106.3014581	156.5247584	152.9705854	262.488095	117.0469991	123.6931688	131.5294644	206.1552813	130	220	186.0107524	80.62257748	40	150	180	245.9674775	50.99019514	76.15773106	198.4943324	234.0939982	247.3863375	241.6609195	192.0937271	0	277.3084925	242.0743687	260	220.2271555	235.3720459	180.2775638	297.3213749	230.8679276	261.7250466	50	272.9468813	140.3566885	200.9975124	261.7250466	266.2705391	126.4911064	60	102.9563014	104.4030651	70	150	123.6931688	160.3121954	160	184.3908891
26	30	177.2004515	120.8304597	222.0360331	70.71067812	161.245155	280	270.1851217	215.4065923	250.1999201	123.6931688	143.1782106	202.4845673	313.8470965	251.7935662	138.9244399	31.6227766	250	225.6102835	123.6931688	50	60.8276253	36.05551275	133.4166406	277.3084925	0	67.08203932	120.4159458	114.0175425	72.80109889	152.9705854	85.44003745	58.30951895	84.85281374	259.6150997	14.14213562	240.8318916	111.8033989	98.99494937	42.42640687	152.6433752	257.0992026	301.4962686	174.9285568	216.3330765	156.2049935	220	158.113883	253.179778	131.5294644
27	60	136.0147051	94.33981132	160	22.36067977	136.0147051	222.0360331	210.9502311	148.6606875	191.0497317	152.9705854	80	178.0449381	274.5906044	190	150.3329638	50	205.9126028	178.8854382	60	76.15773106	102.9563014	58.30951895	70	242.0743687	67.08203932	0	165.5294536	143.1782106	107.7032961	90	58.30951895	85.44003745	30	214.7091055	53.85164807	180.2775638	130.3840481	41.23105626	30	130.3840481	210.2379604	247.3863375	150	192.0937271	155.241747	162.788206	162.788206	190.2629759	70.71067812
28	150.3329638	193.1320792	138.9244399	274.5906044	180.2775638	155.241747	313.8470965	308.7069808	290	290.6888371	40	212.1320344	180.2775638	300	300.1666204	80	117.0469991	254.9509757	240.4163056	198.4943324	89.4427191	63.2455532	107.7032961	205.1828453	260	120.4159458	165.5294536	0	41.23105626	58.30951895	219.317122	203.9607805	80.62257748	193.1320792	264.7640459	131.5294644	286.5309756	63.2455532	206.1552813	155.241747	145.6021978	266.8332813	322.8002478	162.788206	190	110	259.4224354	100.4987562	305.2867504	197.9898987
29	143.1782106	152.3154621	100	236.0084744	161.245155	114.0175425	273.1300057	268.3281573	254.9509757	250.5992817	10	178.0449381	140	260.1922366	260.7680962	41.23105626	100	213.7755833	199.2485885	166.4331698	70	53.85164807	90	172.0465053	220.2271555	114.0175425	143.1782106	41.23105626	0	41.23105626	184.3908891	190	60	172.626765	223.6067977	121.6552506	246.9817807	22.36067977	184.3908891	140	104.4030651	225.6102835	281.6025568	121.6552506	150.3329638	70.71067812	219.544984	63.2455532	266.2705391	164.0121947
30	101.9803903	151.3274595	92.19544457	223.6067977	123.6931688	120.4159458	269.2582404	262.488095	234.3074903	243.5159132	50.99019514	156.2049935	155.241747	274.5906044	250.7987241	70.71067812	60.8276253	220	200.9975124	141.4213562	31.6227766	14.14213562	50.99019514	148.6606875	235.3720459	72.80109889	107.7032961	58.30951895	41.23105626	0	164.0121947	150.3329638	22.36067977	136.0147051	230	80.62257748	237.6972865	42.42640687	148.6606875	100.4987562	110.4536102	230.2172887	282.8427125	131.5294644	167.6305461	94.33981132	211.896201	92.19544457	254.9509757	142.126704
31	150	82.46211251	89.4427191	70	101.9803903	110.4536102	133.4166406	121.6552506	70.71067812	101.9803903	192.0937271	10	141.4213562	205.1828453	100	170	126.4911064	134.5362405	106.3014581	30	138.9244399	166.4331698	130	20	180.2775638	152.9705854	90	219.317122	184.3908891	164.0121947	0	130	144.222051	94.86832981	141.4213562	141.4213562	90.55385138	164.0121947	89.4427191	120	111.8033989	134.5362405	161.5549442	120	152.9705854	158.113883	76.15773106	170.8800749	100.4987562	22.36067977
32	58.30951895	191.0497317	152.6433752	196.468827	36.05551275	194.1648784	262.488095	250	170	230.8679276	200	120.8304597	236.0084744	328.0243893	225.6102835	203.9607805	90	258.069758	230.2172887	102.9563014	120	141.4213562	100	111.8033989	297.3213749	85.44003745	58.30951895	203.9607805	190	150.3329638	130	0	130	36.05551275	266.2705391	72.80109889	218.4032967	181.1077028	41.23105626	50	188.6796226	260.7680962	291.5475947	208.0865205	250	211.896201	206.1552813	218.4032967	223.6067977	116.6190379
33	85.44003745	140	80	206.1552813	101.9803903	114.0175425	254.9509757	247.3863375	214.0093456	228.035085	70	136.0147051	152.3154621	269.2582404	234.0939982	80.62257748	40	210.9502311	190	120.4159458	10	22.36067977	30	128.0624847	230.8679276	58.30951895	85.44003745	80.62257748	60	22.36067977	144.222051	130	0	114.0175425	220.9072203	63.2455532	221.3594362	53.85164807	126.4911064	80	104.4030651	220.2271555	270.7397274	126.4911064	165.5294536	98.99494937	196.468827	100	237.6972865	122.0655562
34	67.08203932	155.5634919	120.8304597	162.788206	14.14213562	161.245155	228.035085	215.8703314	141.4213562	196.468827	182.4828759	85.44003745	202.4845673	292.0616373	192.3538406	180.2775638	76.15773106	222.0360331	194.1648784	67.08203932	104.4030651	130	85.44003745	76.15773106	261.7250466	84.85281374	30	193.1320792	172.626765	136.0147051	94.86832981	36.05551275	114.0175425	0	230.2172887	70.71067812	184.3908891	160.3121954	14.14213562	42.42640687	156.5247584	224.7220505	256.3201124	174.9285568	216.3330765	184.3908891	170.8800749	192.3538406	191.0497317	80.62257748
35	269.2582404	82.46211251	141.4213562	104.4030651	233.2380758	110.4536102	76.15773106	82.46211251	158.113883	80	225.6102835	148.6606875	89.4427191	64.03124237	100	186.8154169	228.035085	10	36.05551275	164.0121947	222.0360331	240.208243	225.6102835	156.2049935	50	259.6150997	214.7091055	264.7640459	223.6067977	230	141.4213562	266.2705391	220.9072203	230.2172887	0	252.9822128	90.55385138	202.2374842	228.035085	241.6609195	120.4159458	10	64.03124237	101.9803903	86.02325267	158.113883	76.15773106	170.8800749	110	150
36	22.36067977	170.8800749	116.6190379	210.9502311	56.56854249	158.113883	270.1851217	260	202.4845673	240	131.5294644	131.5294644	200	308.7069808	240.8318916	143.1782106	28.28427125	243.5159132	218.4032967	111.8033989	53.85164807	70	36.05551275	121.6552506	272.9468813	14.14213562	53.85164807	131.5294644	121.6552506	80.62257748	141.4213562	72.80109889	63.2455532	70.71067812	252.9822128	0	230.2172887	117.0469991	84.85281374	28.28427125	150	250	292.7456234	172.0465053	214.0093456	158.113883	210.2379604	161.245155	241.8677324	120.4159458
37	240.208243	98.99494937	147.6482306	22.36067977	192.3538406	141.4213562	44.72135955	31.6227766	72.11102551	14.14213562	252.3885893	100.4987562	147.6482306	148.6606875	14.14213562	220.2271555	212.1320344	90	72.80109889	120.4159458	218.4032967	243.5159132	213.7755833	110.4536102	140.3566885	240.8318916	180.2775638	286.5309756	246.9817807	237.6972865	90.55385138	218.4032967	221.3594362	184.3908891	90.55385138	230.2172887	0	224.7220505	177.2004515	210.2379604	148.6606875	80.62257748	78.10249676	142.126704	152.3154621	197.9898987	28.28427125	212.1320344	22.36067977	110
38	139.2838828	130	78.10249676	214.0093456	150	92.19544457	250.7987241	245.9674775	234.3074903	228.2542442	28.28427125	158.113883	120.4159458	240.8318916	238.5372088	28.28427125	92.19544457	192.3538406	177.2004515	147.6482306	63.2455532	56.56854249	82.46211251	152.6433752	200.9975124	111.8033989	130.3840481	63.2455532	22.36067977	42.42640687	164.0121947	181.1077028	53.85164807	160.3121954	202.2374842	117.0469991	224.7220505	0	171.1724277	131.5294644	82.46211251	203.9607805	259.6150997	100.4987562	131.5294644	53.85164807	197.2308292	50	244.1311123	144.222051
39	80.62257748	156.2049935	126.4911064	155.241747	28.28427125	165.5294536	221.3594362	208.8061302	130.3840481	189.7366596	194.1648784	80.62257748	205.9126028	290.6888371	184.3908891	190	89.4427191	220.2271555	192.0937271	64.03124237	117.0469991	143.1782106	98.48857802	72.11102551	261.7250466	98.99494937	41.23105626	206.1552813	184.3908891	148.6606875	89.4427191	41.23105626	126.4911064	14.14213562	228.035085	84.85281374	177.2004515	171.1724277	0	56.56854249	161.5549442	222.0360331	250.7987241	178.8854382	219.544984	192.3538406	165.5294536	200.9975124	182.4828759	78.10249676
40	30	161.245155	113.137085	190	28.28427125	155.5634919	251.7935662	240.8318916	177.2004515	220.9072203	150	110	197.9898987	300.1666204	220	155.241747	40	232.594067	206.1552813	90	70	92.19544457	50	100	266.2705391	42.42640687	30	155.241747	140	100.4987562	120	50	80	42.42640687	241.6609195	28.28427125	210.2379604	131.5294644	56.56854249	0	148.6606875	237.6972865	276.5863337	169.7056275	212.1320344	165.5294536	192.3538406	170.8800749	220.2271555	100.4987562
41	170.2938637	50	36.05551275	142.126704	152.6433752	10	170	166.4331698	174.642492	150	107.7032961	110.4536102	50	164.924225	162.788206	72.11102551	122.0655562	110.4536102	94.86832981	110.4536102	107.7032961	121.6552506	116.6190379	110	126.4911064	152.6433752	130.3840481	145.6021978	104.4030651	110.4536102	111.8033989	188.6796226	104.4030651	156.5247584	120.4159458	150	148.6606875	82.46211251	161.5549442	148.6606875	0	121.6552506	177.2004515	22.36067977	64.03124237	50	120.4159458	64.03124237	169.7056275	100
42	265.7066051	80.62257748	140.3566885	94.86832981	228.2542442	111.8033989	67.08203932	72.80109889	148.6606875	70	228.035085	142.126704	94.33981132	72.11102551	90	189.7366596	225.6102835	14.14213562	31.6227766	158.113883	220.9072203	240	223.6067977	150	60	257.0992026	210.2379604	266.8332813	225.6102835	230.2172887	134.5362405	260.7680962	220.2271555	224.7220505	10	250	80.62257748	203.9607805	222.0360331	237.6972865	121.6552506	0	58.30951895	104.4030651	92.19544457	161.5549442	67.08203932	174.642492	100	144.222051
43	305.9411708	131.5294644	191.0497317	100	262.488095	167.6305461	36.05551275	50	148.6606875	64.03124237	284.6049894	170.8800749	152.6433752	90.55385138	78.10249676	246.9817807	270.7397274	72.11102551	82.46211251	189.7366596	270.1851217	291.5475947	270.1851217	180.2775638	102.9563014	301.4962686	247.3863375	322.8002478	281.6025568	282.8427125	161.5549442	291.5475947	270.7397274	256.3201124	64.03124237	292.7456234	78.10249676	259.6150997	250.7987241	276.5863337	177.2004515	58.30951895	0	161.5549442	150	219.317122	85.44003745	232.594067	86.02325267	177.2004515
44	192.0937271	44.72135955	56.56854249	138.9244399	172.0465053	14.14213562	158.113883	156.2049935	177.2004515	141.4213562	123.6931688	120.4159458	28.28427125	143.1782106	156.2049935	85.44003745	144.222051	92.19544457	80.62257748	123.6931688	130	143.1782106	138.9244399	121.6552506	104.4030651	174.9285568	150	162.788206	121.6552506	131.5294644	120	208.0865205	126.4911064	174.9285568	101.9803903	172.0465053	142.126704	100.4987562	178.8854382	169.7056275	22.36067977	104.4030651	161.5549442	0	42.42640687	58.30951895	114.0175425	72.11102551	164.0121947	111.8033989
45	234.3074903	70.71067812	98.99494937	155.241747	214.0093456	56.56854249	156.2049935	158.113883	200.9975124	147.6482306	150	155.241747	14.14213562	110	165.5294536	110	186.0107524	78.10249676	80.62257748	161.5549442	170	180.2775638	180.2775638	158.113883	70	216.3330765	192.0937271	190	150.3329638	167.6305461	152.9705854	250	165.5294536	216.3330765	86.02325267	214.0093456	152.3154621	131.5294644	219.544984	212.1320344	64.03124237	92.19544457	150	42.42640687	0	80	126.4911064	90.55385138	174.642492	148.6606875
46	180.2775638	98.99494937	70.71067812	192.0937271	177.2004515	56.56854249	216.3330765	214.0093456	223.6067977	198.4943324	70	155.241747	70.71067812	190	212.1320344	30	130.3840481	148.6606875	138.9244399	151.3274595	106.3014581	108.1665383	122.0655562	152.9705854	150	156.2049935	155.241747	110	70.71067812	94.33981132	158.113883	211.896201	98.99494937	184.3908891	158.113883	158.113883	197.9898987	53.85164807	192.3538406	165.5294536	50	161.5549442	219.317122	58.30951895	80	0	169.7056275	14.14213562	219.317122	143.1782106
47	222.0360331	70.71067812	120.8304597	30	177.2004515	113.137085	60	50.99019514	82.46211251	31.6227766	224.7220505	85.44003745	120.8304597	138.9244399	42.42640687	192.0937271	190.2629759	72.80109889	50	104.4030651	194.1648784	218.4032967	191.0497317	94.86832981	123.6931688	220	162.788206	259.4224354	219.544984	211.896201	76.15773106	206.1552813	196.468827	170.8800749	76.15773106	210.2379604	28.28427125	197.2308292	165.5294536	192.3538406	120.4159458	67.08203932	85.44003745	114.0175425	126.4911064	169.7056275	0	183.8477631	50	92.19544457
48	183.5755975	113.137085	82.46211251	206.1552813	184.3908891	70.71067812	230.2172887	228.035085	237.0653918	212.6029163	60.8276253	167.6305461	82.46211251	200.2498439	226.27417	22.36067977	134.1640786	161.5549442	152.6433752	162.788206	108.1665383	106.3014581	125.2996409	164.924225	160.3121954	158.113883	162.788206	100.4987562	63.2455532	92.19544457	170.8800749	218.4032967	100	192.3538406	170.8800749	161.245155	212.1320344	50	200.9975124	170.8800749	64.03124237	174.642492	232.594067	72.11102551	90.55385138	14.14213562	183.8477631	0	233.4523506	155.241747
49	250.1999201	120.4159458	166.4331698	31.6227766	200.2498439	162.788206	50	36.05551275	64.03124237	30	272.0294102	110.4536102	170	164.924225	10	240.8318916	225.6102835	110.4536102	94.86832981	130.3840481	234.0939982	260	228.035085	120.4159458	160	253.179778	190.2629759	305.2867504	266.2705391	254.9509757	100.4987562	223.6067977	237.6972865	191.0497317	110	241.8677324	22.36067977	244.1311123	182.4828759	220.2271555	169.7056275	100	86.02325267	164.0121947	174.642492	219.317122	50	233.4523506	0	121.6552506
50	130.3840481	80.62257748	72.80109889	90.55385138	85.44003745	100.4987562	151.3274595	140.3566885	92.19544457	120.4159458	172.0465053	14.14213562	136.0147051	212.6029163	120.4159458	152.3154621	104.4030651	142.126704	114.0175425	14.14213562	116.6190379	144.222051	107.7032961	10	184.3908891	131.5294644	70.71067812	197.9898987	164.0121947	142.126704	22.36067977	116.6190379	122.0655562	80.62257748	150	120.4159458	110	144.222051	78.10249676	100.4987562	100	144.222051	177.2004515	111.8033989	148.6606875	143.1782106	92.19544457	155.241747	121.6552506	0;

param d:=
0	0
1	2
2	2
3	1
4	4
5	2
6	1
7	12
8	1
9	4
10	8
11	8
12	1
13	2
14	1
15	2
16	2
17	2
18	8
19	2
20	4
21	2
22	2
23	8
24	12
25	4
26	2
27	4
28	12
29	1
30	8
31	2
32	1
33	4
34	12
35	12
36	12
37	12
38	12
39	8
40	12
41	1
42	1
43	4
44	1
45	1
46	12
47	1
48	8
49	2
50	1;
param puntos:= 80; 

param cotas: 
 	 1 	 2:= 

1	3115.6267086025055	1629.665856379306
2	3117.269359642781	1621.447312228039
3	3117.9675139389124	1613.742264906842
4	3121.713964165016	1558.8098774252803
5	3122.838477915778	1551.715847024776
6	3123.259022594994	1548.15293532731
7	3126.678999230159	1539.3551672497779
8	3127.0995439093754	1535.7922555523116
9	3128.177783113959	1494.4700661047145
10	3128.1777831139593	1494.4700661047143
11	3129.3022968647215	1487.37603570421
12	3129.722841543937	1483.8131240067437
13	3132.7264037537298	1479.1574915529432
14	3133.563362858318	1471.4524442317456
15	3140.5528097993283	1462.7563147058445
16	3141.677323550092	1455.6622843053397
17	3145.101430439099	1447.443740154073
18	3145.517844864472	1443.3016045303423
19	3162.0829217061705	1438.8032542580302
20	3163.7255727464462	1430.5847101067632
21	3169.561494096459	1423.5026707817697
22	3187.2875917212114	1422.563701357028
23	3190.2707101617	1412.7934809626713
24	3194.1933673576423	1399.497362612828
25	3201.0011301959685	1393.8391239685977
26	3202.225192167853	1384.642641261268
27	3202.2251921678544	1384.6426412612675
28	3206.5683940430117	1367.783611213958
29	3213.4698110947	1367.0457080406438
30	3221.1581974180435	1360.7015718889643
31	3243.4698110947015	1355.42293143896
32	3248.338140899751	1347.0457080406438
33	3261.847034493016	1345.4229314389602
34	3262.927944274783	1339.96366871565
35	3276.4368378680483	1338.3408921139664
36	3290.158565879806	1333.1012207952838
37	3301.426477067876	1327.6585712392339
38	3312.4801745409077	1323.5265804131163
39	3318.2065847247873	1317.6029889406523
40	3339.7107961459305	1316.66413249275
41	3342.115314142849	1312.3799307892298
42	3350.9787073340012	1311.2214829367003
43	3354.3005995209624	1309.5820931677565
44	3360.027009704842	1303.6585016952922
45	3383.935739122903	1298.4354435438697
46	3392.799132314056	1297.27699569134
47	3398.525542497935	1291.353404218876
48	3423.2749647906567	1289.96366871565
49	3436.7838583839216	1288.3408921139664
50	3450.5055863956795	1283.1012207952838
51	3458.2373916817496	1280.6086197381098
52	3463.963801865629	1274.685028265646
53	3472.8271950567814	1273.526580413116
54	3478.553605240661	1267.6029889406523
55	3500.0578166618043	1266.6641324927498
56	3502.4623346587223	1262.3799307892298
57	3514.647620036836	1259.582093167756
58	3520.3740302207157	1253.6585016952922
59	3544.282759638777	1248.4354435438697
60	3553.1461528299296	1247.27699569134
61	3558.8725630138088	1241.353404218876
62	3623.9007170010973	1240.216899392603
63	3632.7641101922495	1239.058451540073
64	3638.4905203761286	1233.1348600676092
65	3638.490520376129	1233.134860067609
66	3678.8725630138088	1229.730627617192
67	3743.900717001097	1228.594122790919
68	3752.764110192249	1227.4356749383892
69	3758.4905203761286	1221.5120834659253
70	3774.0601290548616	1218.64748033041
71	3839.088283042149	1217.510975504137
72	3847.9516762333014	1216.3525276516073
73	3853.678086417181	1210.4289361791432
74	3894.060129054861	1207.0247037287263
75	3959.088283042149	1205.8881989024533
76	3967.9516762333014	1204.7297510499232
77	3973.678086417181	1198.8061595774593
78	4428.42854825264	1198.557307328385
79	4440.209902118799	1197.3988594758553
80	4445.936312302678	1191.4752680033912
; 
