Numfront:	
61	

AUGMECON-II:	20
3737.38144	1805.02814
3742.87109	1773.11422
3757.68377	1737.69775
3768.32872	1725.98202
3782.70000	1702.94313
3797.51268	1667.52666
3810.07949	1652.03637
3834.12977	1627.07509
3865.79657	1597.51115
3888.41039	1571.95618
3910.74582	1541.93093
3939.42035	1525.03064
3976.27684	1500.43272
3998.64564	1470.13706
4055.07530	1447.60410
4150.81863	1414.24034
4210.70897	1396.20930
4364.87392	1369.92231
4467.22963	1341.89127
4988.16761	1318.68524
	
NSGA-II_1:	72
4583.65586	1330.90107
3775.45219	1807.40906
3776.76659	1771.96902
3780.01215	1731.96902
4549.96269	1339.67002
3791.05732	1685.37487
3775.45219	1807.40906
4364.87392	1369.92231
4322.32970	1376.34111
3977.40646	1479.20163
3786.46751	1714.12081
4177.01580	1404.97825
4467.22963	1341.89127
4501.19048	1340.90107
4210.70897	1396.20930
4150.81863	1414.24034
3816.53485	1634.18816
3814.61445	1648.79081
3916.26076	1548.69786
4262.43937	1394.37215
3862.24735	1603.21033
4144.98271	1426.60102
4077.01580	1444.97825
3842.73692	1609.22687
4081.27246	1438.34200
3918.18117	1534.09520
3836.05018	1612.47243
4055.07530	1447.60410
4242.23843	1395.91369
3834.12977	1627.07509
3780.01215	1731.96902
3786.46751	1714.12081
3976.31021	1500.16231
3957.89113	1500.91735
4288.63654	1385.11006
4433.53646	1350.66021
4501.19048	1340.90107
4210.70897	1396.20930
3797.51268	1667.52666
4275.93160	1387.14474
3804.19942	1664.28111
4050.29195	1457.48590
3829.59482	1630.32064
3892.25401	1571.75977
3795.59227	1682.12932
3875.76014	1579.29458
4105.87868	1437.73591
3895.27547	1557.57885
4391.07108	1360.66021
4132.07585	1428.47381
4118.78554	1435.86312
3947.92756	1519.13392
3939.42035	1525.03064
4045.04374	1459.33343
3886.89825	1579.20163
4030.36982	1459.93953
4424.76425	1351.89127
4024.84281	1460.87497
4004.17265	1469.20163
3998.64564	1470.13706
3955.07103	1509.22687
3872.94004	1587.60410
3808.15763	1655.81093
3865.79657	1597.51114
3924.86792	1530.84965
3976.31021	1500.16231
3905.35259	1552.56538
3895.27547	1557.57885
4246.17116	1395.11006
4407.33929	1359.92231
4407.33929	1359.92231
4391.07108	1360.66021
	
NSGA-II_2:	60
4583.65586	1330.90107
3843.04188	1654.54021
3864.20721	1612.11380
3844.69188	1633.82953
4364.87392	1369.92231
3946.33820	1533.73658
4322.32970	1376.34111
4210.70897	1396.20930
4501.19048	1340.90107
3890.40437	1602.85171
3999.34333	1492.11380
3990.58694	1495.98132
3908.45595	1574.35854
3843.04188	1654.54021
4549.96269	1339.67002
3927.97128	1552.64281
3917.21234	1570.49103
4144.98271	1426.60102
4010.10227	1474.26559
3979.82800	1513.82953
3897.69701	1592.20676
4288.63654	1385.11006
4242.23843	1395.91369
4391.07108	1360.66021
4433.53646	1350.66021
3926.82287	1555.45231
4035.55997	1469.31983
4407.33929	1359.92231
4467.22963	1341.89127
4038.24140	1457.60410
4467.22963	1341.89127
4549.96269	1339.67002
4177.01580	1404.97825
3897.69701	1592.20676
3979.82800	1513.82953
4275.93160	1387.14474
4150.81863	1414.24034
4150.81863	1414.24034
4177.01580	1404.97825
4081.27246	1438.34200
4055.07530	1447.60410
4081.27246	1438.34200
4010.10227	1474.26559
4105.87868	1437.73591
3972.53537	1524.47448
4246.17116	1395.11006
4055.07530	1447.60410
3966.76031	1532.90270
4127.90067	1434.24034
4424.76425	1351.89127
4262.43937	1394.37215
4036.29944	1465.00349
4132.07585	1428.47381
4132.07585	1428.47381
4105.87868	1437.73591
3968.78683	1527.16270
4118.78554	1435.86312
4262.43937	1394.37215
3966.76031	1532.90270
4424.76425	1351.89127
	
NSGA-II_3:	70
4583.65586	1330.90107
3757.68377	1737.69775
3977.40646	1479.20163
3834.35970	1630.84965
3976.31021	1500.16231
4322.32970	1376.34111
3916.49069	1552.47243
4467.22963	1341.89127
4210.70897	1396.20930
4177.01580	1404.97825
4549.96269	1339.67002
4501.19048	1340.90107
3776.70594	1704.35924
4549.96269	1339.67002
3797.51268	1667.52666
4050.81863	1454.24034
3836.05018	1612.47243
3918.18117	1534.09520
4144.98271	1426.60102
4364.87392	1369.92231
3957.89113	1500.91735
3895.27547	1557.57885
3816.53485	1634.18816
4288.63654	1385.11006
4242.23843	1395.91369
4433.53646	1350.66021
3787.84405	1704.26629
4501.19048	1340.90107
3796.14220	1696.15618
3862.24735	1603.21033
4077.01580	1444.97825
4391.07108	1360.66021
3808.15763	1655.81093
3757.68377	1737.69775
3770.29410	1720.30808
3810.12301	1650.13699
3892.25401	1571.75977
4275.93160	1387.14474
4118.78554	1435.86312
4583.65586	1330.90107
4407.33929	1359.92231
4210.70897	1396.20930
3898.66585	1555.81093
4246.17116	1395.11006
3796.22127	1682.64351
4024.84281	1460.87497
4099.97399	1444.37215
3875.76014	1579.29458
3886.89825	1579.20163
4364.87392	1369.92231
4177.01580	1404.97825
4150.81863	1414.24034
3924.86792	1530.84965
3842.73692	1609.22687
4064.06299	1451.17059
3768.32872	1725.98202
4037.86582	1460.43268
4150.81863	1414.24034
4424.76425	1351.89127
4126.17116	1435.11006
3944.37834	1524.83311
3998.64564	1470.13706
3804.19942	1664.28111
3949.51391	1522.54013
3869.34830	1595.24342
4004.17265	1469.20163
3955.07103	1509.22687
3872.94004	1587.60410
4104.93408	1441.30239
3816.53485	1634.18816
	
NSGA-II_4:	80
4649.00023	1338.54039
3830.36435	1868.02042
3834.92432	1792.58038
3831.88927	1861.12914
4387.67407	1383.98043
4445.22010	1381.24632
4532.57400	1349.53059
4615.30706	1347.30934
4566.53485	1348.54039
4242.36016	1412.61757
4522.90357	1355.58610
4456.41545	1368.29953
3949.69448	1606.56743
3977.14657	1562.01159
3917.92128	1616.90516
3916.00088	1631.50782
3890.07371	1669.17239
4194.23440	1445.99493
4276.05333	1403.84862
4498.88083	1358.29953
4353.98090	1392.74938
4307.58280	1403.55301
4141.83348	1455.86312
4050.90034	1505.25714
4000.05228	1538.52794
3864.99166	1712.64772
3861.92677	1734.50239
4068.94799	1477.57885
4016.40945	1529.22687
3986.81700	1555.95607
3883.61689	1676.19251
3866.51658	1705.75645
3998.13187	1553.13060
4378.00364	1390.03594
4266.38290	1409.90414
3954.81114	1592.03683
4446.74502	1374.35505
4232.68973	1418.67308
4160.60802	1454.99723
4175.52665	1447.09418
3927.59172	1610.84965
3908.35129	1645.26866
4114.20991	1465.80086
3891.99412	1654.56973
4027.97820	1526.21782
3909.54406	1638.52794
3879.65868	1684.66268
3934.27846	1607.60410
4033.35040	1521.29893
4095.71419	1467.57885
3974.12511	1576.19251
3964.48157	1585.98132
4086.04375	1473.63436
4480.43819	1365.58610
4036.94213	1513.65961
3968.76935	1583.63436
4231.16481	1425.56435
4217.06779	1435.17578
4057.75264	1490.52563
3852.57503	1761.78538
4344.31047	1398.80489
4639.32980	1344.59591
4331.60554	1400.83957
4129.40735	1458.80991
4207.39736	1441.23130
4311.51553	1402.74938
4059.27756	1483.63436
3842.90460	1767.84089
3855.47141	1752.35060
4639.32980	1344.59591
4345.20870	1393.98043
4490.10862	1359.53059
4489.21040	1364.35505
3871.44702	1694.79951
3860.40185	1741.39366
3841.37968	1774.73217
3836.44924	1785.68911
3872.97194	1687.90824
3898.68086	1651.32418
4006.73902	1535.28239
	
NSGA-II_5:	62
4583.65586	1330.90107
3799.50887	1766.33407
4549.96269	1339.67002
4364.87392	1369.92231
4322.32970	1376.34111
4010.10227	1474.26559
3804.95592	1705.62340
4501.19048	1340.90107
4177.01580	1404.97825
4467.22963	1341.89127
3846.90559	1639.28879
4210.70897	1396.20930
4144.98271	1426.60102
4077.01580	1444.97825
3819.91877	1699.33026
4081.27246	1438.34200
3999.34333	1492.11380
3990.58694	1495.98132
3908.45595	1574.35854
3917.21234	1570.49103
3803.30592	1726.33407
3801.15887	1745.62340
3824.47125	1683.90767
3976.45797	1525.82066
3845.25559	1659.99947
3866.42092	1617.57307
3857.69701	1632.20676
4038.24140	1457.60410
4433.53646	1350.66021
4288.63654	1385.11006
3979.82800	1513.82953
3897.69701	1592.20676
3835.89996	1679.23730
4032.33671	1464.24034
4132.07585	1428.47381
4242.23843	1395.91369
4391.07108	1360.66021
3927.97128	1552.64281
3948.55191	1539.19584
4407.33929	1359.92231
4262.43937	1394.37215
3971.72575	1531.02074
4150.81863	1414.24034
4105.87868	1437.73591
4055.07530	1447.60410
4126.17116	1435.11006
3894.32698	1604.19789
4150.81863	1414.24034
3877.21234	1610.49103
4118.78554	1435.86312
3959.34333	1532.11380
4050.81863	1454.24034
3927.97128	1552.64281
3956.11041	1535.98132
4424.76425	1351.89127
3889.59475	1609.39796
3838.88246	1672.66993
4246.17116	1395.11006
4275.93160	1387.14474
4279.86433	1386.34111
4055.07530	1447.60410
3844.95592	1665.62340
	
NSGA-II_6:	62
4583.65586	1330.90107
3872.83707	1695.80707
4150.81863	1414.24034
4549.96269	1339.67002
3977.40646	1479.20163
4126.17116	1435.11006
3918.18117	1534.09520
4177.01580	1404.97825
3876.08460	1645.07115
4501.19048	1340.90107
4210.70897	1396.20930
3898.66585	1555.81093
3892.21048	1573.65914
3874.43460	1665.78183
4364.87392	1369.92231
4322.32970	1376.34111
3976.31021	1500.16231
3890.56048	1594.36982
3873.30497	1687.01288
3911.72581	1551.94342
3952.77065	1522.37947
3890.56048	1594.36982
4242.23843	1395.91369
3888.96493	1613.65914
4433.53646	1350.66021
4288.63654	1385.11006
4467.22963	1341.89127
4099.97399	1444.37215
3957.89113	1500.91735
4467.22963	1341.89127
4322.32970	1376.34111
4407.33929	1359.92231
4077.01580	1444.97825
3887.31493	1634.36982
4262.43937	1394.37215
3935.55570	1530.94260
3955.07103	1509.22687
4391.07108	1360.66021
4364.87392	1369.92231
4045.04374	1459.33343
4424.76425	1351.89127
4246.17116	1395.11006
3998.64564	1470.13706
3888.96295	1624.39507
4024.84281	1460.87497
4004.17265	1469.20163
3939.42035	1525.03064
3911.72581	1551.94342
3976.27684	1500.43268
4110.18228	1439.45486
4050.81863	1454.24034
4071.24091	1450.07134
4275.93160	1387.14474
4391.07108	1360.66021
4064.06299	1451.17059
4279.86433	1386.34111
4030.36982	1459.93953
4050.29195	1457.48590
4076.48912	1448.22380
4104.93408	1441.30239
3944.37834	1524.83311
4058.53598	1452.10602
	
NSGA-II_7:	74
4583.65586	1330.90107
3772.15773	1825.74152
4322.32970	1376.34111
4391.07108	1360.66021
4081.27246	1438.34200
4177.01580	1404.97825
4126.17116	1435.11006
3788.58358	1742.13639
3802.28445	1738.15629
4501.19048	1340.90107
4003.60363	1469.93953
4549.96269	1339.67002
3777.71251	1776.88602
4168.41417	1428.31675
3776.50537	1803.81136
4210.70897	1396.20930
3822.41844	1673.38142
4030.36982	1459.93953
3944.37834	1524.83311
3862.24735	1603.21033
4288.63654	1385.11006
4132.07585	1428.47381
3784.16787	1759.03781
4433.53646	1350.66021
3773.13567	1823.02462
4467.22963	1341.89127
3774.02782	1805.17029
4058.53388	1454.97825
3981.26819	1499.96478
4467.22963	1341.89127
4424.76425	1351.89127
4583.65586	1330.90107
4549.96269	1339.67002
4275.93160	1387.14474
3821.95713	1689.81352
4242.23843	1395.91369
3999.18792	1486.84095
3917.05693	1565.21817
3842.55384	1651.75864
3921.47264	1548.31675
4172.60009	1421.87966
3815.96307	1691.22963
3851.37627	1637.95996
3811.54736	1708.13105
3846.52907	1651.08379
3842.11336	1667.98521
4246.17116	1395.11006
3855.79198	1621.05854
3782.12822	1759.98461
3840.40206	1669.60685
3942.45793	1539.43577
3860.32694	1617.81299
3868.93409	1599.96478
3814.39531	1706.76255
3854.22422	1636.59147
3806.70016	1721.25488
3806.70016	1721.25488
3921.47264	1548.31675
3974.12473	1509.87182
3965.61752	1515.76854
3899.13720	1578.34200
3891.99374	1588.24905
4024.84281	1460.87497
3937.92298	1542.68132
3999.18792	1486.84095
3917.05693	1565.21817
3899.13720	1578.34200
4077.01580	1444.97825
3951.06508	1521.58755
4076.48912	1448.22380
4064.43857	1448.34200
4132.07585	1428.47381
4064.06299	1451.17059
3891.99374	1588.24905
	
NSGA-II_8:	66
4583.65586	1330.90107
3819.02878	1752.18883
3977.40646	1479.20163
4549.96269	1339.67002
4364.87392	1369.92231
3976.27684	1500.43268
4501.19048	1340.90107
4177.01580	1404.97825
4467.22963	1341.89127
3892.21048	1573.65914
3826.05050	1711.25293
3838.44968	1695.36784
4126.17116	1435.11006
4322.32970	1376.34111
3821.56893	1728.48709
3864.20721	1612.11380
3844.69188	1633.82953
3840.09968	1674.65716
3916.26076	1548.69786
3896.74544	1570.41359
3890.56048	1594.36982
4242.23843	1395.91369
4288.63654	1385.11006
3957.89113	1500.91735
4081.27246	1438.34200
4433.53646	1350.66021
4077.01580	1444.97825
4055.07530	1447.60410
4322.32970	1376.34111
4210.70897	1396.20930
3918.18117	1534.09520
3898.66585	1555.81093
4391.07108	1360.66021
3820.67879	1731.47815
3819.91893	1749.19777
4132.07585	1428.47381
4210.70897	1396.20930
4407.33929	1359.92231
3857.69701	1632.20676
4030.36982	1459.93953
3944.37834	1524.83311
4262.43937	1394.37215
4105.87868	1437.73591
3841.93838	1669.50149
3890.40437	1602.85171
3863.10371	1627.07509
3832.08412	1707.52565
3843.58838	1648.79081
3843.04188	1654.54021
4004.17265	1469.20163
4003.60363	1469.93953
3877.21234	1610.49103
4150.81863	1414.24034
4150.81863	1414.24034
4275.93160	1387.14474
3924.86792	1530.84965
4038.24140	1457.60410
4424.76425	1351.89127
4246.17116	1395.11006
4050.81863	1454.24034
3955.07103	1509.22687
3947.92756	1519.13392
3905.35259	1552.56538
4050.29195	1457.48590
3911.72581	1551.94342
3863.10371	1627.07509
	
NSGA-II_9:	67
4583.65586	1330.90107
3765.69062	1797.64749
3770.25058	1722.20745
3767.00502	1762.20745
3977.40646	1479.20163
4322.32970	1376.34111
4364.87392	1369.92231
4549.96269	1339.67002
4501.19048	1340.90107
3895.27547	1557.57885
4177.01580	1404.97825
4467.22963	1341.89127
4150.81863	1414.24034
4210.70897	1396.20930
3834.12977	1627.07509
3776.70594	1704.35924
3789.76591	1700.49173
3875.76014	1579.29458
4144.98271	1426.60102
4055.07530	1447.60410
3796.22127	1682.64351
4081.27246	1438.34200
3918.18117	1534.09520
3836.05018	1612.47243
3816.53485	1634.18816
3810.07949	1652.03637
3814.61445	1648.79081
4288.63654	1385.11006
3976.27684	1500.43268
3957.89113	1500.91735
4433.53646	1350.66021
4050.29195	1457.48590
3807.33852	1680.66588
4549.96269	1339.67002
4242.23843	1395.91369
3892.21048	1573.65914
4030.36982	1459.93953
3916.26076	1548.69786
3823.22160	1630.94260
3944.37834	1524.83311
3862.24735	1603.21033
4262.43937	1394.37215
3808.51173	1667.56929
4118.78554	1435.86312
4105.87868	1437.73591
4004.17265	1469.20163
4003.60363	1469.93953
3905.35259	1552.56538
3892.21048	1573.65914
4127.90067	1434.24034
4391.07108	1360.66021
4364.87392	1369.92231
4275.93160	1387.14474
3924.86792	1530.84965
3842.73692	1609.22687
4132.07585	1428.47381
3808.51173	1667.56929
4246.17116	1395.11006
4424.76425	1351.89127
3872.94004	1587.60410
3955.07103	1509.22687
3947.92756	1519.13392
3865.79657	1597.51114
3976.27684	1500.43268
4407.33929	1359.92231
4391.07108	1360.66021
4407.33929	1359.92231
	
NSGA-II_10:	78
4583.65586	1330.90107
3775.45219	1807.40906
3780.01215	1731.96902
3775.45219	1807.40906
4364.87392	1369.92231
3976.27684	1500.43268
3791.05732	1685.37487
4501.19048	1340.90107
4549.96269	1339.67002
3786.46751	1714.12081
4210.70897	1396.20930
4150.81863	1414.24034
3916.26076	1548.69786
3895.27547	1557.57885
4262.43937	1394.37215
4322.32970	1376.34111
3939.42035	1525.03064
3892.25401	1571.75977
3868.93409	1599.96478
3786.46751	1714.12081
3814.61445	1648.79081
3957.89113	1500.91735
3909.80395	1555.71798
3977.40646	1479.20163
4433.53646	1350.66021
4288.63654	1385.11006
3834.12977	1627.07509
4467.22963	1341.89127
4050.29195	1457.48590
4467.22963	1341.89127
4177.01580	1404.97825
4583.65586	1330.90107
4549.96269	1339.67002
4322.32970	1376.34111
4242.23843	1395.91369
3951.06508	1521.58755
4210.70897	1396.20930
3836.05018	1612.47243
3797.51268	1667.52666
3918.18117	1534.09520
3816.53485	1634.18816
4407.33929	1359.92231
4275.93160	1387.14474
3804.19942	1664.28111
3780.01215	1731.96902
3795.59227	1682.12932
3890.28862	1577.43371
3875.76014	1579.29458
4118.78554	1435.86312
4105.87868	1437.73591
4024.84281	1460.87497
4144.98271	1426.60102
3808.15763	1655.81093
4177.01580	1404.97825
4391.07108	1360.66021
4081.27246	1438.34200
4055.07530	1447.60410
4127.90067	1434.24034
4081.27246	1438.34200
3842.73692	1609.22687
3862.24735	1603.21033
3872.94004	1587.60410
3955.07103	1509.22687
3998.64564	1470.13706
4246.17116	1395.11006
4132.07585	1428.47381
4004.17265	1469.20163
4055.07530	1447.60410
3977.40646	1479.20163
3924.86792	1530.84965
3810.07949	1652.03637
4038.24140	1457.60410
4407.33929	1359.92231
4391.07108	1360.66021
4424.76425	1351.89127
3823.22160	1630.94260
4144.98271	1426.60102
3872.94004	1587.60410
	
NSGA-II_11:	86
4649.00023	1338.54039
3795.92922	1856.43150
4387.67407	1383.98043
4445.22010	1381.24632
4532.57400	1349.53059
4276.05333	1403.84862
4566.53485	1348.54039
4615.30706	1347.30934
4456.41545	1368.29953
4498.88083	1358.29953
4522.90357	1355.58610
3828.00078	1787.44028
3949.69448	1606.56743
4000.05228	1538.52794
3954.81114	1592.03683
3905.58585	1646.99811
4086.04375	1473.63436
3831.61811	1764.97060
4160.60802	1454.99723
4211.10593	1444.72859
4480.43819	1365.58610
3797.45414	1849.54022
3797.78326	1833.72557
3891.99412	1654.56973
4141.83348	1455.86312
4307.58280	1403.55301
3878.09237	1687.07625
3967.24443	1590.52563
4353.98090	1392.74938
3883.61689	1676.19251
4378.00364	1390.03594
4266.38290	1409.90414
4639.32980	1344.59591
3977.14657	1562.01159
4059.27756	1483.63436
3818.33035	1793.49580
4446.74502	1374.35505
3859.07020	1720.41476
4232.68973	1418.67308
4016.40945	1529.22687
3890.46920	1661.46100
3871.44702	1694.79951
3916.23080	1635.28239
3890.30364	1672.94695
4036.94213	1513.65961
3869.71515	1708.69903
3850.64028	1731.63209
3974.12511	1576.19251
3808.42821	1822.00984
3837.61217	1763.55449
3909.54406	1638.52794
3861.83563	1718.68531
3799.30818	1826.83430
4033.35040	1521.29893
3849.78204	1744.94748
4224.31251	1440.29586
4175.52665	1447.09418
4311.51553	1402.74938
4331.60554	1400.83957
4615.30706	1347.30934
4170.27845	1448.94171
4129.40735	1458.80991
4049.37542	1512.14841
3916.39636	1623.79643
4068.94799	1477.57885
3986.81700	1555.95607
4126.91485	1463.76617
3924.60803	1613.65961
3809.95313	1815.11857
3816.80543	1800.38707
4057.75264	1490.52563
4050.90034	1505.25714
3934.27846	1607.60410
3842.26306	1753.25487
4242.36016	1412.61757
3998.52736	1545.41921
4227.92757	1437.22598
4114.20991	1465.80086
4095.71419	1467.57885
4194.23440	1445.99493
4231.16481	1425.56435
4335.53827	1400.03594
4095.71419	1467.57885
4242.36016	1412.61757
3876.56745	1693.96752
4489.21040	1364.35505
	
NSGA-II_12:	70
4583.65586	1330.90107
3792.30361	1744.15905
4549.96269	1339.67002
3895.27547	1557.57885
3892.21048	1573.65914
4364.87392	1369.92231
3810.07949	1652.03637
4501.19048	1340.90107
3816.53485	1634.18816
4210.70897	1396.20930
4262.43937	1394.37215
4127.90067	1434.24034
3836.05018	1612.47243
4322.32970	1376.34111
3976.31021	1500.16231
3806.83394	1692.03637
3802.35237	1709.27053
3808.42949	1672.74705
3814.61445	1648.79081
3977.40646	1479.20163
3792.30361	1744.15905
3793.95361	1723.44837
3808.42949	1672.74705
3957.89113	1500.91735
4288.63654	1385.11006
4433.53646	1350.66021
4467.22963	1341.89127
3918.18117	1534.09520
4391.07108	1360.66021
4501.19048	1340.90107
4583.65586	1330.90107
4467.22963	1341.89127
4322.32970	1376.34111
4177.01580	1404.97825
4242.23843	1395.91369
3834.12977	1627.07509
3916.26076	1548.69786
3875.76014	1579.29458
4407.33929	1359.92231
4132.07585	1428.47381
3829.59482	1630.32064
4050.29195	1457.48590
3944.37834	1524.83311
3862.24735	1603.21033
4105.87868	1437.73591
4150.81863	1414.24034
3793.95361	1723.44837
4275.93160	1387.14474
4055.07530	1447.60410
4081.27246	1438.34200
4177.01580	1404.97825
4150.81863	1414.24034
4081.27246	1438.34200
3924.86792	1530.84965
3842.73692	1609.22687
4105.87868	1437.73591
4424.76425	1351.89127
4055.07530	1447.60410
4246.17116	1395.11006
3955.07103	1509.22687
3872.94004	1587.60410
3911.72581	1551.94342
3865.79657	1597.51114
3947.92756	1519.13392
4024.84281	1460.87497
3998.64564	1470.13706
4004.17265	1469.20163
3977.40646	1479.20163
3976.27684	1500.43268
4030.36982	1459.93953
	
NSGA-II_13:	75
4583.65586	1330.90107
3741.01705	1795.82014
4549.96269	1339.67002
4364.87392	1369.92231
3977.40646	1479.20163
3789.38674	1699.69758
4322.32970	1376.34111
3742.87109	1773.11422
3775.05594	1725.06992
4150.81863	1414.24034
3757.93505	1771.49144
4501.19048	1340.90107
4177.01580	1404.97825
4288.63654	1385.11006
4467.22963	1341.89127
4210.70897	1396.20930
3796.22127	1682.64351
3816.53485	1634.18816
4262.43937	1394.37215
4077.01580	1444.97825
4081.27246	1438.34200
3823.22160	1630.94260
3836.05018	1612.47243
3976.31021	1500.16231
3951.06508	1521.58755
3814.88485	1654.89883
3776.70594	1704.35924
4242.23843	1395.91369
3862.24735	1603.21033
3762.38642	1751.39849
4433.53646	1350.66021
4023.91254	1468.51429
4467.22963	1341.89127
3918.18117	1534.09520
4055.07530	1447.60410
4583.65586	1330.90107
3957.89113	1500.91735
3872.94004	1587.60410
4391.07108	1360.66021
4132.07585	1428.47381
3762.38642	1751.39849
4407.33929	1359.92231
4038.24140	1457.60410
3802.21533	1681.22740
3808.51173	1667.56929
3768.68282	1737.74038
3773.96497	1732.98876
3813.79389	1662.81767
4125.52626	1436.79856
4004.17265	1469.20163
3888.41039	1571.95618
3875.76014	1579.29458
3910.74582	1541.93093
3905.35259	1552.56538
4275.93160	1387.14474
4105.87868	1437.73591
3842.73692	1609.22687
3944.37834	1524.83311
3924.86792	1530.84965
3955.07103	1509.22687
4050.81863	1454.24034
4424.76425	1351.89127
3998.64564	1470.13706
3868.27498	1593.57895
4024.84281	1460.87497
4131.30330	1435.95607
3895.27547	1557.57885
3776.70594	1704.35924
3976.27684	1500.43268
4105.87868	1437.73591
4030.36982	1459.93953
3898.66585	1555.81093
3891.23049	1563.64666
4246.17116	1395.11006
4288.63654	1385.11006
	
NSGA-II_14:	73
4583.65586	1330.90107
3750.77862	1805.58171
3757.68377	1737.69775
3752.63266	1782.87579
4364.87392	1369.92231
3977.40646	1479.20163
4322.32970	1376.34111
3976.31021	1500.16231
3895.27547	1557.57885
4501.19048	1340.90107
4177.01580	1404.97825
4467.22963	1341.89127
4549.96269	1339.67002
4549.96269	1339.67002
4150.81863	1414.24034
4210.70897	1396.20930
3816.53485	1634.18816
4144.98271	1426.60102
3836.05018	1612.47243
3752.63266	1782.87579
3892.25401	1571.75977
3776.70594	1704.35924
3834.12977	1627.07509
4045.04374	1459.33343
4288.63654	1385.11006
3796.14220	1696.15618
4433.53646	1350.66021
3875.76014	1579.29458
4024.84281	1460.87497
4099.97399	1444.37215
4501.19048	1340.90107
4104.93408	1441.30239
4583.65586	1330.90107
3776.28816	1718.89197
3951.06508	1521.58755
3797.51268	1667.52666
3957.89113	1500.91735
4242.23843	1395.91369
4391.07108	1360.66021
3918.18117	1534.09520
4118.78554	1435.86312
4077.01580	1444.97825
3804.19942	1664.28111
3763.67783	1736.28164
3808.15763	1655.81093
4407.33929	1359.92231
3916.26076	1548.69786
3810.12301	1650.13699
4262.43937	1394.37215
3868.93409	1599.96478
3796.22127	1682.64351
4058.53598	1452.10602
3768.32872	1725.98202
4275.93160	1387.14474
3862.24735	1603.21033
3842.73692	1609.22687
3872.94004	1587.60410
3955.07103	1509.22687
3890.28862	1577.43371
3796.22127	1682.64351
3998.64564	1470.13706
4424.76425	1351.89127
4126.17116	1435.11006
4004.17265	1469.20163
3911.72581	1551.94342
3939.42035	1525.03064
4071.24091	1450.07134
3924.86792	1530.84965
3823.22160	1630.94260
3789.38674	1699.69758
3829.59482	1630.32064
4246.17116	1395.11006
4050.81863	1454.24034
	
NSGA-II_15:	72
4583.65586	1330.90107
3888.16871	1765.22361
4364.87392	1369.92231
4322.32970	1376.34111
4010.10227	1474.26559
4549.96269	1339.67002
4501.19048	1340.90107
4177.01580	1404.97825
4210.70897	1396.20930
3891.09216	1723.80598
4055.07530	1447.60410
4144.98271	1426.60102
3920.58067	1616.99061
3945.23470	1548.69786
3899.50977	1722.16160
3903.69992	1650.10987
3999.34333	1492.11380
3990.58694	1495.98132
4288.63654	1385.11006
3979.82800	1513.82953
4433.53646	1350.66021
4501.19048	1340.90107
3924.06937	1591.12427
3922.23067	1596.27993
3901.15978	1673.81161
3902.80978	1653.10093
3925.71938	1570.41359
3889.81872	1744.51293
3889.44216	1744.51666
3925.17287	1576.16299
3900.03015	1695.04266
3888.16871	1765.22361
4467.22963	1341.89127
4467.22963	1341.89127
4322.32970	1376.34111
4583.65586	1330.90107
4549.96269	1339.67002
4242.23843	1395.91369
3908.18149	1632.87570
4391.07108	1360.66021
3899.56225	1703.83685
3902.04992	1670.82054
3939.82800	1553.82953
4407.33929	1359.92231
4262.43937	1394.37215
4081.27246	1438.34200
4150.81863	1414.24034
4105.87868	1437.73591
3914.21511	1629.14843
3967.57738	1524.67202
3946.33820	1533.73658
4132.07585	1428.47381
4081.27246	1438.34200
4275.93160	1387.14474
3926.82287	1555.45231
4246.17116	1395.11006
3972.53537	1524.47448
4424.76425	1351.89127
4031.34145	1465.20103
3959.34333	1532.11380
4150.81863	1414.24034
4038.24140	1457.60410
4036.29944	1465.00349
4118.78554	1435.86312
4105.87868	1437.73591
3959.34333	1532.11380
3926.82287	1555.45231
3899.56225	1703.83685
4038.24140	1457.60410
4118.78554	1435.86312
3946.33820	1533.73658
3908.18149	1632.87570
	
NSGA-II_16:	79
4583.65586	1330.90107
3755.60704	1821.40038
3770.25058	1722.20745
3767.00502	1762.20745
4150.81863	1414.24034
4322.32970	1376.34111
3977.40646	1479.20163
3758.26471	1814.90927
3767.00502	1762.20745
3760.11875	1792.20335
4549.96269	1339.67002
4501.19048	1340.90107
4467.22963	1341.89127
4549.96269	1339.67002
3776.70594	1704.35924
4210.70897	1396.20930
3816.53485	1634.18816
3916.26076	1548.69786
4262.43937	1394.37215
3944.37834	1524.83311
3875.76014	1579.29458
3796.22127	1682.64351
4364.87392	1369.92231
4050.81863	1454.24034
4071.24091	1450.07134
3760.11875	1792.20335
3918.18117	1534.09520
3836.05018	1612.47243
4077.01580	1444.97825
3807.33852	1680.66588
3834.12977	1627.07509
3795.75996	1699.07562
3776.24464	1720.79134
3895.27547	1557.57885
3957.89113	1500.91735
3976.31021	1500.16231
4433.53646	1350.66021
4288.63654	1385.11006
4467.22963	1341.89127
4126.17116	1435.11006
4099.97399	1444.37215
4501.19048	1340.90107
4177.01580	1404.97825
4583.65586	1330.90107
4242.23843	1395.91369
4391.07108	1360.66021
4275.93160	1387.14474
4407.33929	1359.92231
3810.07949	1652.03637
4045.04374	1459.33343
3829.59482	1630.32064
3905.35259	1552.56538
3814.61445	1648.79081
3862.24735	1603.21033
3789.76591	1700.49173
3808.51173	1667.56929
3892.21048	1573.65914
4177.01580	1404.97825
4364.87392	1369.92231
3892.21048	1573.65914
3924.86792	1530.84965
3842.73692	1609.22687
4126.17116	1435.11006
3808.51173	1667.56929
4246.17116	1395.11006
4424.76425	1351.89127
4024.84281	1460.87497
4004.17265	1469.20163
3998.64564	1470.13706
3872.94004	1587.60410
3955.07103	1509.22687
3947.92756	1519.13392
3865.79657	1597.51114
3976.31021	1500.16231
4110.18228	1439.45486
4104.93408	1441.30239
4407.33929	1359.92231
4030.36982	1459.93953
4279.86433	1386.34111
	
NSGA-II_17:	67
4583.65586	1330.90107
3776.10710	1815.84448
3776.76659	1771.96902
3780.01215	1731.96902
4549.96269	1339.67002
3791.05732	1685.37487
4364.87392	1369.92231
4322.32970	1376.34111
3977.40646	1479.20163
3786.46751	1714.12081
4501.19048	1340.90107
4150.81863	1414.24034
4467.22963	1341.89127
4210.70897	1396.20930
3816.53485	1634.18816
3951.06508	1521.58755
4126.17116	1435.11006
4079.77306	1445.91369
4081.27246	1438.34200
3918.18117	1534.09520
3836.05018	1612.47243
3892.25401	1571.75977
4055.07530	1447.60410
4242.23843	1395.91369
3976.31021	1500.16231
4433.53646	1350.66021
3916.26076	1548.69786
3875.76014	1579.29458
4467.22963	1341.89127
4583.65586	1330.90107
4177.01580	1404.97825
4288.63654	1385.11006
3895.27547	1557.57885
3957.89113	1500.91735
4391.07108	1360.66021
3797.51268	1667.52666
3814.61445	1648.79081
3804.19942	1664.28111
4132.07585	1428.47381
4407.33929	1359.92231
3829.59482	1630.32064
3905.35259	1552.56538
4105.87868	1437.73591
3834.12977	1627.07509
3795.59227	1682.12932
4262.43937	1394.37215
3868.93409	1599.96478
4024.84281	1460.87497
4177.01580	1404.97825
3862.24735	1603.21033
3842.73692	1609.22687
3890.28862	1577.43371
3955.07103	1509.22687
3872.94004	1587.60410
3998.64564	1470.13706
4246.17116	1395.11006
4004.17265	1469.20163
4424.76425	1351.89127
3939.42035	1525.03064
4053.57589	1455.17578
3808.15763	1655.81093
3924.86792	1530.84965
3976.31021	1500.16231
4050.29195	1457.48590
4038.24140	1457.60410
4279.86433	1386.34111
4275.93160	1387.14474
	
NSGA-II_18:	67
4583.65586	1330.90107
3764.63912	1798.70707
3844.69188	1633.82953
3800.32801	1707.24617
4364.87392	1369.92231
4322.32970	1376.34111
3857.69701	1632.20676
3841.95091	1662.45905
3797.58704	1735.87569
4501.19048	1340.90107
4177.01580	1404.97825
4467.22963	1341.89127
3766.49316	1776.00115
4549.96269	1339.67002
4150.81863	1414.24034
3946.33820	1533.73658
3836.66875	1667.21067
4055.07530	1447.60410
3889.59475	1609.39796
4010.10227	1474.26559
3926.82287	1555.45231
4105.87868	1437.73591
3864.20721	1612.11380
4081.27246	1438.34200
3819.84334	1685.53044
3810.85703	1702.58451
3908.45595	1574.35854
3999.34333	1492.11380
3990.58694	1495.98132
3786.00849	1754.28542
3771.12107	1774.37837
3897.69701	1592.20676
4242.23843	1395.91369
3792.30489	1740.62731
4433.53646	1350.66021
3917.21234	1570.49103
3927.97128	1552.64281
4549.96269	1339.67002
4288.63654	1385.11006
4210.70897	1396.20930
4391.07108	1360.66021
4210.70897	1396.20930
4407.33929	1359.92231
3979.82800	1513.82953
4132.07585	1428.47381
3830.37236	1680.86878
3864.20721	1612.11380
4038.24140	1457.60410
4262.43937	1394.37215
4118.78554	1435.86312
4144.98271	1426.60102
3971.72575	1531.02074
4127.90067	1434.24034
3979.82800	1513.82953
3790.63639	1752.66264
4275.93160	1387.14474
4246.17116	1395.11006
4424.76425	1351.89127
4031.34145	1465.20103
4010.10227	1474.26559
4036.29944	1465.00349
3972.53537	1524.47448
3890.40437	1602.85171
3830.37236	1680.86878
4407.33929	1359.92231
4288.63654	1385.11006
4144.98271	1426.60102
	
NSGA-II_19:	74
4687.84953	1324.91129
3767.44534	1747.45932
4686.82347	1328.54039
4583.65586	1330.90107
3786.46751	1714.12081
3976.31021	1500.16231
3791.10084	1683.47550
4322.32970	1376.34111
4142.44141	1435.86312
4364.87392	1369.92231
3918.18117	1534.09520
3916.49069	1552.47243
3836.05018	1612.47243
3816.53485	1634.18816
3797.51268	1667.52666
4467.22963	1341.89127
3834.35970	1630.84965
3895.27547	1557.57885
4549.96269	1339.67002
4501.19048	1340.90107
4210.70897	1396.20930
3951.06508	1521.58755
3892.25401	1571.75977
4262.43937	1394.37215
4150.81863	1414.24034
3939.42035	1525.03064
3977.40646	1479.20163
4045.04374	1459.33343
3868.93409	1599.96478
3957.89113	1500.91735
4102.69287	1447.61771
3875.76014	1579.29458
4288.63654	1385.11006
3808.15763	1655.81093
3810.12301	1650.13699
3780.05567	1730.06965
4391.07108	1360.66021
4433.53646	1350.66021
3804.19942	1664.28111
3767.44534	1747.45932
3791.10084	1683.47550
4076.48912	1448.22380
4407.33929	1359.92231
4058.53598	1452.10602
4177.01580	1404.97825
4242.23843	1395.91369
3890.28862	1577.43371
3909.80395	1555.71798
4571.42330	1335.90148
3955.07103	1509.22687
3872.94004	1587.60410
4570.39724	1339.53059
4128.89003	1438.35561
4275.93160	1387.14474
3778.09029	1735.74359
3862.24735	1603.21033
3842.73692	1609.22687
4424.76425	1351.89127
4364.87392	1369.92231
4177.01580	1404.97825
4150.81863	1414.24034
3998.64564	1470.13706
4104.93408	1441.30239
3823.22160	1630.94260
4024.84281	1460.87497
4004.17265	1469.20163
4246.17116	1395.11006
4030.36982	1459.93953
4110.18228	1439.45486
3924.86792	1530.84965
3977.40646	1479.20163
3955.07103	1509.22687
4549.96269	1339.67002
4131.30330	1435.95607
	
NSGA-II_20:	65
4583.65586	1330.90107
3839.95341	1838.97132
4391.07108	1360.66021
4322.32970	1376.34111
3846.25729	1765.27520
3844.60729	1813.62520
4081.27246	1438.34200
4177.01580	1404.97825
4132.07585	1428.47381
4501.19048	1340.90107
4168.63857	1426.60102
4549.96269	1339.67002
4467.22963	1341.89127
4003.60363	1469.93953
3885.81217	1643.67933
3890.40437	1602.85171
4210.70897	1396.20930
3999.18792	1486.84095
3874.68610	1650.72517
3885.98866	1619.75312
3870.27039	1667.62658
3870.09390	1691.55279
4288.63654	1385.11006
4433.53646	1350.66021
4424.76425	1351.89127
3944.37834	1524.83311
4583.65586	1330.90107
4549.96269	1339.67002
4242.23843	1395.91369
3926.73965	1587.30923
3981.26819	1499.96478
4076.48912	1448.22380
4246.17116	1395.11006
4275.93160	1387.14474
3933.50727	1559.58274
4058.53598	1452.10602
4030.36982	1459.93953
3937.92298	1542.68132
3850.67300	1748.37378
3844.36912	1822.06990
3846.25729	1765.27520
3839.95341	1838.97132
4172.60009	1421.87966
3903.40950	1601.22893
3928.66006	1572.70657
3951.06508	1521.58755
3942.45793	1539.43577
3972.30426	1512.52299
3922.20470	1590.55478
4024.84281	1460.87497
3857.66263	1741.32270
3859.52377	1727.66684
3882.30398	1648.03739
3861.97557	1717.40174
3855.10806	1744.56826
3866.39128	1700.50032
3861.97557	1717.40174
4064.43857	1448.34200
3974.12473	1509.87182
3865.67819	1708.45421
3844.60729	1813.62520
3844.36912	1822.06990
3866.39128	1700.50032
4064.06299	1451.17059
4279.86433	1386.34111
	
NSGA-II_21:	68
4583.65586	1330.90107
3767.44534	1747.45932
4549.96269	1339.67002
3792.23046	1703.47550
4322.32970	1376.34111
4177.01580	1404.97825
4467.22963	1341.89127
3814.61445	1648.79081
4501.19048	1340.90107
4210.70897	1396.20930
3784.81751	1734.83149
3797.51268	1667.52666
4055.07530	1447.60410
4262.43937	1394.37215
4275.93160	1387.14474
4131.30330	1435.95607
3795.86268	1688.23734
3892.25401	1571.75977
3836.05018	1612.47243
3918.18117	1534.09520
4081.27246	1438.34200
4364.87392	1369.92231
3786.46751	1714.12081
3977.40646	1479.20163
3816.53485	1634.18816
3834.12977	1627.07509
3868.93409	1599.96478
3976.31021	1500.16231
3916.26076	1548.69786
4288.63654	1385.11006
3895.27547	1557.57885
3875.76014	1579.29458
4024.84281	1460.87497
4433.53646	1350.66021
3957.89113	1500.91735
3804.19942	1664.28111
4132.07585	1428.47381
4242.23843	1395.91369
4045.04374	1459.33343
4407.33929	1359.92231
3905.35259	1552.56538
3890.28862	1577.43371
3778.09029	1735.74359
3947.92756	1519.13392
4150.81863	1414.24034
3872.94004	1587.60410
3786.46751	1714.12081
4391.07108	1360.66021
4364.87392	1369.92231
4150.81863	1414.24034
3939.42035	1525.03064
3862.24735	1603.21033
3842.73692	1609.22687
4105.87868	1437.73591
4105.87868	1437.73591
4050.29195	1457.48590
4424.76425	1351.89127
3955.07103	1509.22687
3998.64564	1470.13706
4246.17116	1395.11006
3808.15763	1655.81093
4004.17265	1469.20163
3977.40646	1479.20163
3924.86792	1530.84965
3898.66585	1555.81093
3976.27684	1500.43268
3829.59482	1630.32064
4391.07108	1360.66021
	
NSGA-II_22:	70
4583.65586	1330.90107
3839.21591	1770.80576
3839.21591	1770.80576
3839.87541	1726.93031
3839.87541	1726.93031
3843.12097	1686.93031
4549.96269	1339.67002
4322.32970	1376.34111
3976.31021	1500.16231
3866.77647	1622.94649
3862.18666	1651.69243
4150.81863	1414.24034
4501.19048	1340.90107
4210.70897	1396.20930
4364.87392	1369.92231
4081.27246	1438.34200
3918.18117	1534.09520
3896.74544	1570.41359
3977.40646	1479.20163
4433.53646	1350.66021
4467.22963	1341.89127
3916.26076	1548.69786
4501.19048	1340.90107
4050.29195	1457.48590
4583.65586	1330.90107
4467.22963	1341.89127
4288.63654	1385.11006
4177.01580	1404.97825
3873.18831	1606.99765
3871.31142	1619.70094
4242.23843	1395.91369
4132.07585	1428.47381
3898.66585	1555.81093
3879.64367	1589.14944
3886.33041	1585.90388
3849.57633	1669.08209
3843.12097	1686.93031
4407.33929	1359.92231
3905.35259	1552.56538
3877.72326	1603.75210
4262.43937	1394.37215
4024.84281	1460.87497
3890.28862	1577.43371
4177.01580	1404.97825
4055.07530	1447.60410
4391.07108	1360.66021
4364.87392	1369.92231
4105.87868	1437.73591
3951.06508	1521.58755
4275.93160	1387.14474
3998.64564	1470.13706
4424.76425	1351.89127
4004.17265	1469.20163
3860.22128	1657.36637
4055.07530	1447.60410
3939.42035	1525.03064
3977.40646	1479.20163
4125.52626	1436.79856
4131.30330	1435.95607
3924.86792	1530.84965
3849.57633	1669.08209
4037.86582	1460.43268
3957.89113	1500.91735
3955.07103	1509.22687
4246.17116	1395.11006
4391.07108	1360.66021
3957.89113	1500.91735
4038.24140	1457.60410
4288.63654	1385.11006
3951.47929	1516.86619
	
NSGA-II_23:	67
5401.57960	1303.62127
3790.30105	1780.37504
4583.65586	1330.90107
5171.98194	1323.62127
5367.88643	1312.39022
5236.78077	1313.62127
4322.32970	1376.34111
4391.07108	1360.66021
4177.01580	1404.97825
3836.32018	1640.87490
4172.60009	1421.87966
3999.18792	1486.84095
3918.45117	1562.49767
3860.32694	1617.81299
3834.39977	1655.47756
3942.45793	1539.43577
3849.91192	1633.30328
3862.24735	1603.21033
3801.83713	1737.70897
3815.37760	1688.81606
4467.22963	1341.89127
3827.94296	1662.49767
3921.47264	1548.31675
3810.84264	1692.06162
3806.25284	1720.80756
3790.30105	1780.37504
4144.98271	1426.60102
4210.70897	1396.20930
5203.08760	1322.39022
4024.84281	1460.87497
3799.79747	1738.65577
3795.38176	1755.55718
3794.71676	1763.47362
3806.42693	1708.96303
4003.60363	1469.93953
3891.99374	1588.24905
4549.96269	1339.67002
3817.29801	1674.21340
4581.09276	1337.43853
4501.19048	1340.90107
3944.37834	1524.83311
3944.37834	1524.83311
3936.00112	1546.45588
3965.61752	1515.76854
4104.93408	1441.30239
3899.13720	1578.34200
3868.93409	1599.96478
4288.63654	1385.11006
3806.25284	1720.80756
3981.26819	1499.96478
4275.93160	1387.14474
4058.53598	1452.10602
4242.23843	1395.91369
3913.09541	1569.93953
4433.53646	1350.66021
4424.76425	1351.89127
3977.67646	1507.60410
4129.74634	1439.84658
3823.98475	1670.96785
3853.87012	1624.83311
4076.48912	1448.22380
4130.48425	1436.60102
4246.17116	1395.11006
3995.22640	1491.56231
4030.36982	1459.93953
4071.24091	1450.07134
4003.60363	1469.93953
	
NSGA-II_24:	83
4649.00023	1338.54039
3797.73090	1914.34967
4445.22010	1381.24632
4387.67407	1383.98043
4532.57400	1349.53059
4615.30706	1347.30934
4276.05333	1403.84862
4566.53485	1348.54039
4175.52665	1447.09418
4068.94799	1477.57885
4160.60802	1454.99723
4639.32980	1344.59591
4522.90357	1355.58610
4231.16481	1425.56435
4030.96189	1523.40787
3878.09237	1687.07625
3806.95177	1868.42302
3835.51073	1796.37072
3827.48994	1826.58061
4480.43819	1365.58610
3843.53385	1762.98958
4114.20991	1465.80086
3907.89821	1659.39796
3827.81558	1810.86304
4000.05228	1538.52794
3964.48157	1585.98132
4046.61256	1507.60410
4092.97073	1474.86542
3986.81700	1555.95607
3854.73268	1749.94571
4456.41545	1368.29953
4266.38290	1409.90414
4242.36016	1412.61757
3998.13187	1553.13060
3837.07849	1780.83780
3807.92971	1865.70613
3934.27846	1607.60410
4307.58280	1403.55301
3909.94100	1641.64465
3824.22200	1835.97245
3815.91347	1840.86956
3800.19520	1888.74302
3954.81114	1592.03683
4446.74502	1374.35505
4232.68973	1418.67308
4059.27756	1483.63436
3898.22778	1665.45347
3977.14657	1562.01159
4331.60554	1400.83957
4006.73902	1535.28239
4210.32708	1434.24034
3871.63701	1704.92446
4095.71419	1467.57885
3953.28622	1598.92811
3868.89604	1733.55398
3829.34398	1803.87469
3862.37410	1734.94971
3798.34116	1911.44894
4378.00364	1390.03594
4311.51553	1402.74938
3916.39636	1623.79643
3894.56160	1679.77463
4194.23440	1445.99493
4057.75264	1490.52563
3975.62165	1568.90286
3917.92128	1616.90516
4498.88083	1358.29953
4353.98090	1392.74938
3813.40713	1850.57481
3896.70286	1672.34475
3798.66680	1895.73137
3870.06925	1720.45739
4036.94213	1513.65961
4016.40945	1529.22687
4141.83348	1455.86312
3837.07849	1780.83780
4126.91485	1463.76617
4129.40735	1458.80991
4345.20870	1393.98043
4378.00364	1390.03594
4490.10862	1359.53059
4489.21040	1364.35505
4200.65665	1440.29586
	
NSGA-II_25:	76
4583.65586	1330.90107
3811.80009	1815.22107
4391.07108	1360.66021
4322.32970	1376.34111
3825.90652	1741.04322
3824.25652	1789.39322
4081.27246	1438.34200
4549.96269	1339.67002
4177.01580	1404.97825
4126.17116	1435.11006
4169.21578	1425.91369
4501.19048	1340.90107
3840.85124	1719.48014
4467.22963	1341.89127
4132.07585	1428.47381
3841.62480	1693.16976
3874.68610	1650.72517
3830.32223	1724.14181
3890.40437	1602.85171
4031.88373	1481.90491
3949.75273	1560.28214
3846.04051	1676.26835
4019.16209	1512.69408
3870.27039	1667.62658
4424.76425	1351.89127
4433.53646	1350.66021
3816.21580	1798.31965
4288.63654	1385.11006
4210.70897	1396.20930
3943.40950	1561.22893
4025.54050	1482.85171
3934.01796	1591.22893
4242.23843	1395.91369
4210.70897	1396.20930
3813.29876	1814.73934
4021.12479	1499.75312
3968.11966	1541.37590
3938.99379	1578.13035
4246.17116	1395.11006
4275.93160	1387.14474
3882.30398	1648.03739
3885.98866	1619.75312
4172.60009	1421.87966
3882.38125	1636.23284
3915.79192	1600.13586
3954.16844	1543.38072
4036.29944	1465.00349
3972.53537	1524.47448
3938.99379	1578.13035
4064.43857	1448.34200
4057.53862	1455.93893
4021.12479	1499.75312
4036.29944	1465.00349
3985.54050	1522.85171
3929.39006	1592.85171
4058.53388	1454.97825
3882.38125	1636.23284
3856.56952	1671.60668
3837.94011	1721.45404
4077.01580	1444.97825
3823.83368	1795.63188
3920.52414	1594.93579
3954.16844	1543.38072
3968.11966	1541.37590
3869.57465	1669.98391
4279.86433	1386.34111
3903.40950	1601.22893
3993.77455	1515.40992
3985.54050	1522.85171
3972.53537	1524.47448
3856.56952	1671.60668
4006.77968	1513.78715
4077.01580	1444.97825
3903.40950	1601.22893
3993.77455	1515.40992
4288.63654	1385.11006
	
NSGA-II_26:	72
5404.98017	1309.80835
3741.01705	1795.82014
4583.65586	1330.90107
5206.48817	1328.57730
5371.28700	1318.57730
5240.18134	1319.80835
3742.87109	1773.11422
4150.81863	1414.24034
3976.31021	1500.16231
3892.21048	1573.65914
4127.90067	1434.24034
3795.75996	1699.07562
3762.38642	1751.39849
4549.96269	1339.67002
3796.22127	1682.64351
4364.87392	1369.92231
4322.32970	1376.34111
3977.40646	1479.20163
3836.05018	1612.47243
3918.18117	1534.09520
3916.26076	1548.69786
3834.12977	1627.07509
3816.53485	1634.18816
3776.70594	1704.35924
3814.61445	1648.79081
3776.24464	1720.79134
3875.76014	1579.29458
3770.25058	1722.20745
4177.01580	1404.97825
3807.33852	1680.66588
4045.04374	1459.33343
4407.33929	1359.92231
3944.37834	1524.83311
3862.24735	1603.21033
4076.48912	1448.22380
3768.68282	1737.74038
3895.27547	1557.57885
4242.23843	1395.91369
4275.93160	1387.14474
3810.07949	1652.03637
3808.51173	1667.56929
4501.19048	1340.90107
3957.89113	1500.91735
4102.69287	1447.61771
3898.66585	1555.81093
4004.17265	1469.20163
4024.84281	1460.87497
4391.07108	1360.66021
4262.43937	1394.37215
4104.93408	1441.30239
4288.63654	1385.11006
4058.53598	1452.10602
3872.94004	1587.60410
3955.07103	1509.22687
4433.53646	1350.66021
3865.79657	1597.51114
3947.92756	1519.13392
4467.22963	1341.89127
4501.19048	1340.90107
3782.70000	1702.94313
3998.64564	1470.13706
4424.76425	1351.89127
5404.98017	1309.80835
5240.18134	1319.80835
4210.70897	1396.20930
4467.22963	1341.89127
4210.70897	1396.20930
3872.94004	1587.60410
3955.07103	1509.22687
3977.40646	1479.20163
3842.73692	1609.22687
3924.86792	1530.84965
	
NSGA-II_27:	80
5401.57960	1303.62127
3738.35938	1802.31125
5203.08760	1322.39022
4583.65586	1330.90107
5367.88643	1312.39022
5236.78077	1313.62127
3742.87109	1773.11422
3976.31021	1500.16231
3823.22160	1630.94260
3757.93505	1771.49144
3816.53485	1634.18816
3741.01705	1795.82014
3776.70594	1704.35924
3796.22127	1682.64351
4150.81863	1414.24034
3808.51173	1667.56929
3768.68282	1737.74038
4322.32970	1376.34111
3977.40646	1479.20163
3775.05594	1725.06992
3814.88485	1654.89883
3892.21048	1573.65914
3836.05018	1612.47243
3762.38642	1751.39849
3895.27547	1557.57885
3875.76014	1579.29458
3789.38674	1699.69758
4467.22963	1341.89127
4407.33929	1359.92231
4262.43937	1394.37215
4581.09276	1337.43853
3865.79657	1597.51114
3944.37834	1524.83311
4242.23843	1395.91369
4424.76425	1351.89127
4275.93160	1387.14474
4004.17265	1469.20163
4077.01580	1444.97825
3918.18117	1534.09520
3917.88418	1548.76023
4549.96269	1339.67002
3762.38642	1751.39849
3802.21533	1681.22740
3977.40646	1479.20163
3957.89113	1500.91735
4131.30330	1435.95607
4050.81863	1454.24034
4501.19048	1340.90107
3773.96497	1732.98876
3813.79389	1662.81767
4024.84281	1460.87497
4132.07585	1428.47381
4391.07108	1360.66021
4081.27246	1438.34200
3911.72581	1551.94342
4364.87392	1369.92231
4288.63654	1385.11006
3955.07103	1509.22687
4549.96269	1339.67002
3862.24735	1603.21033
4433.53646	1350.66021
4501.19048	1340.90107
4045.04374	1459.33343
3947.92756	1519.13392
3998.64564	1470.13706
3898.66585	1555.81093
4210.70897	1396.20930
4177.01580	1404.97825
3872.94004	1587.60410
4210.70897	1396.20930
4364.87392	1369.92231
4177.01580	1404.97825
4055.07530	1447.60410
4105.87868	1437.73591
3955.07103	1509.22687
3872.94004	1587.60410
3924.86792	1530.84965
3842.73692	1609.22687
3782.70000	1702.94313
4055.07530	1447.60410
	
NSGA-II_28:	67
4583.65586	1330.90107
3775.05594	1725.06992
4150.81863	1414.24034
4549.96269	1339.67002
3977.40646	1479.20163
3894.14585	1578.80991
4149.68901	1435.47140
4364.87392	1369.92231
4322.32970	1376.34111
3776.70594	1704.35924
4501.19048	1340.90107
3796.22127	1682.64351
3917.88418	1548.76023
3816.53485	1634.18816
3814.88485	1654.89883
3789.38674	1699.69758
3895.27547	1557.57885
4262.43937	1394.37215
4058.53598	1452.10602
3836.05018	1612.47243
3823.22160	1630.94260
3918.18117	1534.09520
3976.31021	1500.16231
4102.69287	1447.61771
3875.76014	1579.29458
4242.23843	1395.91369
4288.63654	1385.11006
4433.53646	1350.66021
4391.07108	1360.66021
3808.51173	1667.56929
4076.48912	1448.22380
3802.21533	1681.22740
4467.22963	1341.89127
4275.93160	1387.14474
4467.22963	1341.89127
4322.32970	1376.34111
4210.70897	1396.20930
4177.01580	1404.97825
4407.33929	1359.92231
3939.42035	1525.03064
4210.70897	1396.20930
3862.24735	1603.21033
4131.30330	1435.95607
4177.01580	1404.97825
3842.73692	1609.22687
4424.76425	1351.89127
4045.04374	1459.33343
4104.93408	1441.30239
3872.94004	1587.60410
3955.07103	1509.22687
3998.64564	1470.13706
3865.79657	1597.51114
3947.92756	1519.13392
4128.89003	1438.35561
4246.17116	1395.11006
4030.36982	1459.93953
4024.84281	1460.87497
4004.17265	1469.20163
4110.18228	1439.45486
3924.86792	1530.84965
3944.37834	1524.83311
3976.27684	1500.43268
3957.89113	1500.91735
3905.35259	1552.56538
3957.89113	1500.91735
4279.86433	1386.34111
4050.29195	1457.48590
	
NSGA-II_29:	73
5079.45468	1322.02374
3787.79259	1819.03282
4501.19048	1340.90107
4952.17801	1340.05478
3811.97753	1653.21775
4353.40200	1383.03377
4279.86433	1386.34111
5079.45468	1322.02374
4978.37518	1330.79269
3811.92028	1690.79982
3998.64564	1470.13706
3794.88820	1744.14803
3794.20164	1772.97975
4467.49731	1349.67002
4364.87392	1369.92231
3979.13031	1491.85279
3795.85164	1724.62976
4173.57589	1415.17578
3897.17350	1558.76023
3877.65818	1580.47596
3790.36920	1804.85498
3791.64264	1784.14803
3937.49994	1539.63330
3816.51248	1649.97220
3836.02781	1628.25647
4132.07585	1428.47381
4246.17116	1395.11006
3870.83213	1601.14616
3972.30426	1512.52299
3818.43289	1635.36954
4276.97577	1394.02397
3794.88820	1744.14803
4233.46623	1397.14474
4059.48058	1448.53954
3804.25041	1710.45191
4424.76425	1351.89127
3808.73197	1693.21775
4085.67775	1439.27744
3837.94822	1613.65381
3939.42035	1525.03064
3919.90503	1546.74637
4199.77306	1405.91369
4024.84281	1460.87497
4167.27504	1426.85103
4105.87868	1437.73591
4219.97399	1404.37215
4079.77306	1445.91369
3804.25041	1710.45191
3790.36920	1804.85498
4167.27504	1426.85103
3831.49285	1631.50202
3932.96499	1542.87885
4126.17116	1435.11006
3976.31021	1500.16231
4424.76425	1351.89127
4391.07108	1360.66021
3874.83807	1588.78548
3794.20164	1772.97975
3897.17350	1558.76023
3791.64264	1784.14803
3965.61752	1515.76854
3946.10710	1521.78509
3844.63496	1610.40826
3864.14538	1604.39171
4120.87694	1437.65466
4978.37518	1330.79269
4952.17801	1340.05478
4391.07108	1360.66021
4053.57589	1455.17578
3877.65818	1580.47596
3874.83807	1588.78548
4045.04374	1459.33343
4045.04374	1459.33343
	
NSGA-II_30:	72
4583.65586	1330.90107
3775.45219	1807.40906
3780.01215	1731.96902
3776.76659	1771.96902
3775.45219	1807.40906
3776.76659	1771.96902
4364.87392	1369.92231
4322.32970	1376.34111
3791.05732	1685.37487
4501.19048	1340.90107
4549.96269	1339.67002
3786.46751	1714.12081
4549.96269	1339.67002
3969.02924	1500.82440
3895.27547	1557.57885
3977.40646	1479.20163
3814.61445	1648.79081
4262.43937	1394.37215
4055.07530	1447.60410
4077.01580	1444.97825
4127.90067	1434.24034
4081.27246	1438.34200
3836.05018	1612.47243
3797.51268	1667.52666
3918.18117	1534.09520
3816.53485	1634.18816
4242.23843	1395.91369
3834.12977	1627.07509
3780.01215	1731.96902
3795.59227	1682.12932
3786.46751	1714.12081
3808.15763	1655.81093
4433.53646	1350.66021
4288.63654	1385.11006
3916.26076	1548.69786
4467.22963	1341.89127
4177.01580	1404.97825
4467.22963	1341.89127
4210.70897	1396.20930
4210.70897	1396.20930
4391.07108	1360.66021
4275.93160	1387.14474
4105.87868	1437.73591
4030.36982	1459.93953
4407.33929	1359.92231
3829.59482	1630.32064
3892.25401	1571.75977
3886.89825	1579.20163
3944.37834	1524.83311
3862.24735	1603.21033
3957.89113	1500.91735
4004.17265	1469.20163
4003.60363	1469.93953
4177.01580	1404.97825
3977.40646	1479.20163
4150.81863	1414.24034
3875.76014	1579.29458
3924.86792	1530.84965
3842.73692	1609.22687
4150.81863	1414.24034
4132.07585	1428.47381
4038.24140	1457.60410
4424.76425	1351.89127
3955.07103	1509.22687
3872.94004	1587.60410
3804.19942	1664.28111
3865.79657	1597.51114
3947.92756	1519.13392
3905.35259	1552.56538
4050.29195	1457.48590
4246.17116	1395.11006
4279.86433	1386.34111
	
Math-AUGMECON-II_1:	66
3737.38144	1805.02814
3757.68377	1737.69775
3768.32872	1725.98202
3776.70594	1704.35924
3791.05732	1685.37487
3795.59227	1682.12932
3797.51268	1667.52666
3804.19942	1664.28111
3808.15763	1655.81093
3814.61445	1648.79081
3816.53485	1634.18816
3829.59482	1630.32064
3834.12977	1627.07509
3836.05018	1612.47243
3842.73692	1609.22687
3862.24735	1603.21033
3865.79657	1597.51115
3872.94004	1587.60410
3875.76014	1579.29458
3886.89825	1579.20163
3891.23049	1563.64666
3895.27547	1557.57885
3895.27547	1557.57885
3905.35259	1552.56538
3910.74582	1541.93093
3918.18117	1534.09520
3924.86792	1530.84965
3939.42035	1525.03064
3947.92756	1519.13392
3955.07103	1509.22687
3957.89113	1500.91735
3976.31021	1500.16231
4583.65585	1330.90107
4514.74165	1339.27830
4501.19048	1340.90107
4501.19048	1340.90107
4467.22963	1341.89127
4433.53646	1350.66021
4424.76425	1351.89127
4407.33929	1359.92231
4391.07108	1360.66021
4364.87392	1369.92231
4322.32970	1376.34111
4288.63654	1385.11006
4275.93160	1387.14474
4262.43937	1394.37215
4246.17116	1395.11006
4242.23843	1395.91369
4210.70897	1396.20930
4177.01580	1404.97825
4150.81863	1414.24034
4144.98271	1426.60102
4132.07585	1428.47381
4118.78554	1435.86312
4105.87868	1437.73591
4081.27246	1438.34200
4077.01580	1444.97825
4055.07530	1447.60410
4050.29195	1457.48590
4038.24140	1457.60410
4030.36982	1459.93953
4024.84281	1460.87497
4004.17265	1469.20163
3998.64564	1470.13706
3977.40646	1479.20163
3976.31021	1500.16231
	
Math-AUGMECON-II_2:	44
3810.07949	1652.03637
3823.22160	1630.94260
3842.73692	1609.22687
3865.79657	1597.51115
3872.94004	1587.60410
3888.41039	1571.95618
3891.23049	1563.64666
3905.35259	1552.56538
3924.86792	1530.84965
3939.42035	1525.03064
3946.10710	1521.78509
3955.07103	1509.22687
3977.40646	1479.20163
3998.64564	1470.13706
4004.17265	1469.20163
4024.84281	1460.87497
4038.24140	1457.60410
4055.07530	1447.60410
4081.27246	1438.34200
4105.87868	1437.73591
4583.65586	1330.90107
4514.74165	1339.27830
4501.19048	1340.90107
4467.22963	1341.89127
4433.53646	1350.66021
4424.76425	1351.89127
4407.33929	1359.92231
4391.07108	1360.66021
4364.87392	1369.92231
4322.32970	1376.34111
4288.63654	1385.11006
4275.93160	1387.14474
4262.43937	1394.37215
4246.17116	1395.11006
4242.23843	1395.91369
4210.70897	1396.20930
4177.01580	1404.97825
4150.81863	1414.24034
4144.98271	1426.60102
4132.07585	1428.47381
4132.07585	1428.47381
4127.90067	1434.24034
4118.78554	1435.86312
4105.87868	1437.73591
	
Math-AUGMECON-II_3:	62
3757.68377	1737.69775
3757.68377	1737.69775
3768.32872	1725.98202
3770.29410	1720.30808
3776.70594	1704.35924
3782.70000	1702.94313
3791.05732	1685.37487
3795.59227	1682.12932
3797.51268	1667.52666
3804.19942	1664.28111
3808.15763	1655.81093
3810.12301	1650.13699
3816.53485	1634.18816
3829.59482	1630.32064
3836.05018	1612.47243
3842.73692	1609.22687
3862.24735	1603.21033
3868.27498	1593.57895
3872.94004	1587.60410
3875.76014	1579.29458
3886.89825	1579.20163
3891.23049	1563.64666
3895.27547	1557.57885
3898.66585	1555.81093
3910.74582	1541.93093
3918.18117	1534.09520
3924.86792	1530.84965
3944.37834	1524.83311
3946.10710	1521.78509
3955.07103	1509.22687
3957.89113	1500.91735
3976.31021	1500.16231
3977.40646	1479.20163
3998.64564	1470.13706
4583.65586	1330.90107
4514.74165	1339.27830
4501.19047	1340.90107
4467.22963	1341.89127
4433.53646	1350.66021
4424.76425	1351.89127
4407.33929	1359.92231
4391.07108	1360.66021
4364.87392	1369.92231
4322.32970	1376.34111
4288.63654	1385.11006
4275.93160	1387.14474
4246.17116	1395.11006
4242.23843	1395.91369
4210.70896	1396.20930
4177.01580	1404.97825
4150.81863	1414.24034
4144.98271	1426.60102
4126.17116	1435.11006
4118.78554	1435.86312
4081.27246	1438.34200
4077.01580	1444.97825
4055.07530	1447.60410
4050.81863	1454.24034
4030.36982	1459.93953
4024.84281	1460.87497
4004.17265	1469.20163
3998.64564	1470.13706
	
Math-AUGMECON-II_4:	46
3737.38144	1805.02814
3742.87108	1773.11427
3757.68377	1737.69775
3768.32872	1725.98202
3776.70592	1704.35928
3791.05732	1685.37487
3791.10084	1683.47550
3797.51268	1667.52666
3810.07949	1652.03637
3810.12300	1650.13704
3816.53485	1634.18816
3823.22160	1630.94260
3836.05018	1612.47243
3842.73692	1609.22687
3862.24735	1603.21033
3872.94004	1587.60410
3875.76014	1579.29458
3888.41039	1571.95618
3895.27547	1557.57885
3898.66585	1555.81093
3905.35259	1552.56538
3918.18117	1534.09520
3939.42035	1525.03064
3947.92756	1519.13392
3955.07103	1509.22687
3957.89113	1500.91735
4602.18005	1330.90107
4514.74165	1339.27830
4467.22963	1341.89127
4433.53646	1350.66021
4364.87392	1369.92231
4340.85390	1376.34111
4322.32970	1376.34111
4288.63654	1385.11006
4275.93160	1387.14474
4262.43937	1394.37215
4242.23843	1395.91369
4210.70897	1396.20930
4177.01583	1404.97824
4150.81863	1414.24034
4132.07585	1428.47381
4127.90067	1434.24034
4105.87868	1437.73591
4081.27246	1438.34200
4055.07530	1447.60410
4050.81863	1454.24034
	
Math-AUGMECON-II_5:	56
3757.68377	1737.69775
3768.32872	1725.98202
3776.70594	1704.35924
3790.42951	1698.68531
3791.10084	1683.47550
3797.51268	1667.52666
3804.19942	1664.28111
3808.15763	1655.81093
3816.53485	1634.18816
3823.22160	1630.94260
3836.05018	1612.47243
3842.73692	1609.22687
3862.24735	1603.21033
3872.94004	1587.60410
3888.41039	1571.95618
3891.23049	1563.64666
3905.35259	1552.56538
3918.18117	1534.09520
3924.86792	1530.84965
3939.42035	1525.03064
3955.07103	1509.22687
3977.40646	1479.20163
3998.64564	1470.13706
4024.84281	1460.87497
4583.65586	1330.90107
4514.74165	1339.27830
4501.19048	1340.90107
4467.22963	1341.89127
4433.53646	1350.66021
4424.76425	1351.89127
4407.33929	1359.92231
4391.07108	1360.66021
4364.87392	1369.92231
4322.32970	1376.34111
4288.63654	1385.11006
4279.86433	1386.34111
4275.93160	1387.14474
4262.43937	1394.37215
4246.17116	1395.11006
4242.23843	1395.91369
4210.70897	1396.20930
4177.01580	1404.97825
4150.81863	1414.24034
4150.81863	1414.24034
4144.98271	1426.60102
4132.07585	1428.47381
4126.17116	1435.11006
4118.78554	1435.86312
4105.87868	1437.73591
4081.27246	1438.34200
4077.01580	1444.97825
4055.07530	1447.60410
4055.07530	1447.60410
4050.81863	1454.24034
4038.24140	1457.60410
4030.36982	1459.93953
	
Math-AUGMECON-II_6:	51
3791.05732	1685.37487
3804.19942	1664.28111
3816.53485	1634.18816
3836.05018	1612.47243
3868.27497	1593.57896
3888.41037	1571.95619
3898.66585	1555.81093
3910.74568	1541.93116
3918.18117	1534.09520
3924.86792	1530.84965
3939.42035	1525.03064
3944.37834	1524.83311
3946.10710	1521.78509
3955.07103	1509.22687
3957.89113	1500.91735
3976.27684	1500.43268
3976.31021	1500.16231
3977.40646	1479.20163
3998.64564	1470.13706
4004.17265	1469.20163
4024.84281	1460.87497
4030.36982	1459.93953
4038.24140	1457.60410
4050.29195	1457.48590
4050.81863	1454.24034
4055.07530	1447.60410
4583.65586	1330.90107
4514.74165	1339.27830
4501.19048	1340.90107
4467.22963	1341.89127
4467.22963	1341.89127
4433.53646	1350.66021
4424.76425	1351.89127
4407.33929	1359.92231
4391.07108	1360.66021
4364.87392	1369.92231
4322.32970	1376.34111
4288.63654	1385.11006
4279.86433	1386.34111
4275.93160	1387.14474
4262.43937	1394.37215
4246.17116	1395.11006
4242.23843	1395.91369
4210.70897	1396.20930
4177.01580	1404.97825
4150.81863	1414.24034
4126.17116	1435.11006
4105.87868	1437.73591
4081.27246	1438.34200
4077.01580	1444.97825
4055.07530	1447.60410
	
Math-AUGMECON-II_7:	49
3737.38144	1805.02814
3738.35938	1802.31125
3742.87109	1773.11422
3757.68377	1737.69775
3770.29410	1720.30808
3776.70594	1704.35924
3791.05732	1685.37487
3797.51268	1667.52666
3810.12301	1650.13699
3816.53485	1634.18816
3836.05018	1612.47243
3862.24735	1603.21033
3865.79657	1597.51115
3872.94004	1587.60410
3888.41039	1571.95618
3891.23049	1563.64666
3910.74582	1541.93093
3918.18117	1534.09520
3944.37834	1524.83311
4583.65586	1330.90107
4514.74165	1339.27830
4501.19048	1340.90107
4467.22963	1341.89127
4433.53645	1350.66021
4424.76425	1351.89127
4391.07108	1360.66021
4322.32970	1376.34111
4288.63654	1385.11006
4275.93160	1387.14474
4246.17116	1395.11006
4242.23843	1395.91369
4210.70897	1396.20930
4177.01580	1404.97825
4150.81863	1414.24034
4132.07585	1428.47381
4132.07585	1428.47381
4126.17116	1435.11006
4081.27246	1438.34200
4077.01580	1444.97825
4055.07530	1447.60410
4030.36982	1459.93953
4024.84281	1460.87497
4003.60363	1469.93953
3998.64564	1470.13706
3977.40646	1479.20163
3969.02924	1500.82440
3957.89113	1500.91735
3947.92756	1519.13392
3944.37834	1524.83311
	
Math-AUGMECON-II_8:	57
3757.68377	1737.69775
3768.32872	1725.98202
3776.70594	1704.35925
3791.05732	1685.37487
3797.51268	1667.52666
3810.07949	1652.03637
3814.61445	1648.79081
3823.22160	1630.94260
3834.12977	1627.07509
3834.12977	1627.07509
3842.73692	1609.22687
3865.79657	1597.51115
3868.27497	1593.57896
3888.41039	1571.95618
3891.23049	1563.64666
3898.66585	1555.81093
3905.35259	1552.56538
3910.74568	1541.93116
3918.18117	1534.09520
3924.86792	1530.84965
3944.37834	1524.83311
3947.92756	1519.13392
3955.07103	1509.22687
3957.89113	1500.91735
3976.27684	1500.43268
3977.40646	1479.20163
4583.65586	1330.90107
4514.74165	1339.27830
4501.19048	1340.90107
4467.22963	1341.89127
4433.53646	1350.66021
4424.76424	1351.89127
4407.33929	1359.92231
4391.07108	1360.66021
4364.87392	1369.92231
4322.32970	1376.34111
4288.63654	1385.11006
4275.93160	1387.14474
4262.43937	1394.37215
4246.17116	1395.11006
4242.23843	1395.91369
4210.70897	1396.20930
4177.01580	1404.97825
4150.81863	1414.24034
4132.07585	1428.47381
4126.17116	1435.11006
4105.87868	1437.73591
4081.27246	1438.34200
4077.01580	1444.97825
4055.07530	1447.60410
4050.81863	1454.24034
4050.29195	1457.48590
4038.24140	1457.60410
4030.36982	1459.93953
4004.17265	1469.20163
4003.60363	1469.93953
3977.40646	1479.20163
	
Math-AUGMECON-II_9:	60
3741.01705	1795.82014
3757.68377	1737.69775
3770.25058	1722.20746
3776.70594	1704.35924
3789.38674	1699.69758
3795.59227	1682.12932
3797.51268	1667.52666
3810.07949	1652.03637
3814.61445	1648.79081
3816.53485	1634.18816
3823.22160	1630.94260
3834.12977	1627.07509
3836.05018	1612.47243
3842.73692	1609.22687
3862.24735	1603.21033
3865.79657	1597.51115
3872.94004	1587.60410
3875.76014	1579.29458
3888.41039	1571.95618
3895.27547	1557.57885
3905.35259	1552.56538
3910.74582	1541.93093
3918.18117	1534.09520
3924.86792	1530.84965
3944.37834	1524.83311
3947.92756	1519.13392
3955.07103	1509.22687
3957.89113	1500.91735
3976.27684	1500.43268
4583.65586	1330.90107
4514.74165	1339.27830
4501.19048	1340.90107
4467.22963	1341.89127
4433.53646	1350.66021
4424.76425	1351.89127
4407.33929	1359.92231
4407.33929	1359.92231
4391.07108	1360.66021
4364.87392	1369.92231
4322.32970	1376.34111
4288.63654	1385.11006
4275.93160	1387.14474
4262.43937	1394.37215
4246.17116	1395.11006
4242.23843	1395.91369
4210.70897	1396.20930
4177.01580	1404.97825
4150.81863	1414.24034
4144.98271	1426.60102
4132.07585	1428.47381
4127.90067	1434.24034
4118.78554	1435.86312
4105.87868	1437.73591
4081.27246	1438.34200
4055.07530	1447.60410
4050.29195	1457.48590
4030.36982	1459.93953
4004.17265	1469.20163
4003.60363	1469.93953
3977.40646	1479.20163
	
Math-AUGMECON-II_10:	66
3737.38144	1805.02814
3768.32872	1725.98202
3776.70594	1704.35924
3791.05732	1685.37487
3795.59227	1682.12932
3797.51268	1667.52666
3804.19942	1664.28111
3808.15763	1655.81093
3810.12301	1650.13699
3814.61445	1648.79081
3816.53485	1634.18816
3823.22160	1630.94260
3834.12977	1627.07509
3836.05018	1612.47243
3842.73692	1609.22687
3862.24735	1603.21033
3865.79657	1597.51115
3872.94004	1587.60410
3872.94004	1587.60410
3875.76014	1579.29458
3888.41039	1571.95618
3891.23049	1563.64666
3895.27547	1557.57885
3905.35259	1552.56538
3910.74582	1541.93093
3918.18117	1534.09520
3924.86792	1530.84965
3939.42035	1525.03064
3947.92756	1519.13392
3955.07103	1509.22687
3957.89113	1500.91735
3976.27684	1500.43268
3977.40646	1479.20163
3998.64564	1470.13706
4004.17265	1469.20163
4583.65586	1330.90107
4514.74165	1339.27830
4501.19048	1340.90107
4467.22963	1341.89127
4433.53646	1350.66021
4424.76425	1351.89127
4407.33929	1359.92231
4391.07108	1360.66021
4364.87392	1369.92231
4322.32970	1376.34111
4288.63654	1385.11006
4275.93160	1387.14474
4262.43937	1394.37215
4246.17116	1395.11006
4242.23843	1395.91369
4210.70897	1396.20930
4177.01580	1404.97825
4150.81863	1414.24034
4144.98271	1426.60102
4144.98271	1426.60102
4132.07585	1428.47381
4127.90067	1434.24034
4118.78554	1435.86312
4105.87868	1437.73591
4081.27246	1438.34200
4081.27246	1438.34200
4055.07530	1447.60410
4050.29195	1457.48590
4038.24140	1457.60410
4024.84281	1460.87497
4004.17265	1469.20163
	
Math-AUGMECON-II_11:	45
3737.38144	1805.02814
3741.01705	1795.82014
3742.87109	1773.11422
3757.68377	1737.69775
3768.32872	1725.98202
3770.29408	1720.30811
3776.70594	1714.35924
3776.70594	1704.35924
3791.05732	1685.37487
3797.51268	1667.52666
3808.15763	1655.81093
3810.07949	1652.03637
3816.53485	1634.18816
3836.05018	1612.47243
3862.24735	1603.21033
3872.94004	1587.60410
3888.41039	1571.95618
3895.27547	1557.57885
3898.66585	1555.81093
3910.74581	1541.93094
3918.18117	1534.09520
3939.42035	1525.03064
3947.92756	1519.13392
3955.07103	1509.22687
3957.89113	1500.91735
4583.65586	1330.90107
4514.74165	1339.27830
4467.22963	1341.89127
4433.53646	1350.66021
4364.87392	1369.92231
4322.32970	1376.34111
4307.16073	1385.11006
4275.93160	1387.14474
4262.43937	1394.37215
4242.23843	1395.91369
4210.70897	1396.20930
4177.01582	1404.97824
4150.81863	1414.24034
4132.07585	1428.47381
4127.90067	1434.24034
4126.17116	1435.11006
4105.87868	1437.73591
4081.27246	1438.34200
4055.07530	1447.60410
4050.81863	1454.24034
	
Math-AUGMECON-II_12:	58
3757.68377	1737.69775
3770.25058	1722.20746
3776.70594	1704.35924
3791.05732	1685.37487
3797.51268	1667.52666
3810.07949	1652.03637
3814.61445	1648.79081
3816.53485	1634.18816
3829.59482	1630.32064
3834.12977	1627.07509
3836.05018	1612.47243
3842.73692	1609.22687
3862.24735	1603.21033
3865.79657	1597.51115
3872.94004	1587.60410
3875.76014	1579.29458
3888.41037	1571.95619
3895.27547	1557.57885
3910.74568	1541.93116
3918.18117	1534.09520
3924.86792	1530.84965
3944.37834	1524.83311
3947.92756	1519.13392
3955.07103	1509.22687
3957.89113	1500.91735
3976.27684	1500.43268
3976.31021	1500.16231
3977.40646	1479.20163
3998.64564	1470.13706
4004.17265	1469.20163
4583.65586	1330.90107
4514.74165	1339.27830
4501.19048	1340.90107
4467.22963	1341.89127
4433.53646	1350.66021
4424.76425	1351.89127
4407.33929	1359.92231
4391.07108	1360.66021
4364.87392	1369.92231
4322.32970	1376.34111
4288.63654	1385.11006
4275.93160	1387.14474
4262.43937	1394.37215
4246.17116	1395.11006
4242.23843	1395.91369
4210.70897	1396.20930
4177.01580	1404.97825
4150.81863	1414.24034
4132.07585	1428.47381
4127.90067	1434.24034
4105.87868	1437.73591
4105.87868	1437.73591
4081.27246	1438.34200
4055.07530	1447.60410
4050.29195	1457.48590
4030.36982	1459.93953
4024.84281	1460.87497
4004.17265	1469.20163
	
Math-AUGMECON-II_13:	68
3741.01705	1795.82014
3742.87109	1773.11422
3757.68377	1737.69775
3768.32872	1725.98202
3770.25058	1722.20746
3776.70594	1704.35924
3789.38674	1699.69758
3795.59227	1682.12932
3797.51268	1667.52666
3808.15763	1655.81093
3810.07949	1652.03637
3816.53485	1634.18816
3823.22160	1630.94260
3836.05018	1612.47243
3842.73692	1609.22687
3862.24735	1603.21033
3868.27498	1593.57895
3872.94004	1587.60410
3875.76014	1579.29458
3888.41039	1571.95618
3891.23049	1563.64666
3895.27547	1557.57885
3898.66585	1555.81093
3905.35259	1552.56538
3910.74582	1541.93093
3918.18117	1534.09520
3924.86792	1530.84965
3944.37834	1524.83311
3947.92756	1519.13392
3955.07103	1509.22687
3957.89113	1500.91735
3976.27684	1500.43268
4583.65586	1330.90107
4514.74165	1339.27830
4501.19048	1340.90107
4467.22963	1341.89127
4433.53646	1350.66020
4424.76425	1351.89127
4407.33929	1359.92231
4391.07108	1360.66021
4364.87392	1369.92231
4322.32970	1376.34111
4288.63654	1385.11006
4288.63654	1385.11006
4275.93160	1387.14474
4262.43937	1394.37215
4246.17116	1395.11006
4242.23843	1395.91369
4210.70897	1396.20930
4177.01580	1404.97825
4150.81863	1414.24034
4132.07585	1428.47381
4127.90067	1434.24034
4118.78554	1435.86312
4105.87868	1437.73591
4105.87868	1437.73591
4081.27246	1438.34200
4077.01580	1444.97825
4055.07530	1447.60410
4050.81863	1454.24034
4038.24140	1457.60410
4030.36982	1459.93953
4024.84281	1460.87497
4023.91254	1468.51429
4004.17265	1469.20163
3998.64564	1470.13706
3977.40646	1479.20163
3976.31021	1500.16231
	
Math-AUGMECON-II_14:	65
3737.38144	1805.02814
3742.87109	1773.11422
3757.68377	1737.69775
3763.67783	1736.28164
3768.32872	1725.98202
3776.28816	1718.89197
3776.70594	1704.35924
3789.38674	1699.69758
3791.05732	1685.37487
3795.59227	1682.12932
3797.51268	1667.52666
3804.19942	1664.28111
3808.15763	1655.81093
3810.12301	1650.13699
3816.53485	1634.18816
3823.22160	1630.94260
3829.59482	1630.32064
3834.12977	1627.07509
3836.05018	1612.47243
3842.73692	1609.22687
3862.24735	1603.21033
3865.79657	1597.51115
3872.94004	1587.60410
3875.76014	1579.29458
3888.41039	1571.95618
3891.23049	1563.64666
3895.27547	1557.57885
3910.74568	1541.93116
3918.18117	1534.09520
3924.86792	1530.84965
3939.42035	1525.03064
3947.92756	1519.13392
3955.07103	1509.22687
4583.65586	1330.90107
4514.74165	1339.27830
4501.19048	1340.90107
4467.22963	1341.89127
4433.53646	1350.66021
4424.76425	1351.89127
4407.33929	1359.92231
4391.07108	1360.66021
4364.87392	1369.92231
4322.32970	1376.34111
4288.63654	1385.11006
4275.93160	1387.14474
4262.43937	1394.37215
4246.17116	1395.11006
4242.23843	1395.91369
4210.70896	1396.20930
4177.01580	1404.97825
4150.81863	1414.24034
4144.98271	1426.60102
4126.17116	1435.11006
4118.78554	1435.86312
4081.27246	1438.34200
4077.01580	1444.97825
4055.07530	1447.60410
4050.81863	1454.24034
4038.24140	1457.60410
4024.84281	1460.87496
4004.17265	1469.20163
3998.64564	1470.13706
3977.40646	1479.20163
3976.31021	1500.16231
3957.89113	1500.91735
	
Math-AUGMECON-II_15:	52
3757.68377	1737.69775
3770.25058	1722.20745
3770.29410	1720.30808
3782.70000	1702.94313
3791.05732	1685.37487
3797.51268	1667.52666
3810.07949	1652.03637
3814.61445	1648.79081
3823.22160	1630.94260
3834.12977	1627.07509
3836.05018	1612.47243
3868.27498	1593.57895
3872.94004	1587.60410
3888.41039	1571.95618
3891.23049	1563.64666
3905.35259	1552.56538
3910.74582	1541.93093
3924.86792	1530.84965
3946.10710	1521.78509
3955.07103	1509.22687
3977.40646	1479.20163
3998.64564	1470.13706
4024.84281	1460.87497
4583.65586	1330.90107
4583.65586	1330.90107
4514.74165	1339.27830
4501.19048	1340.90107
4467.22963	1341.89127
4433.53646	1350.66021
4424.76425	1351.89127
4407.33929	1359.92231
4391.07108	1360.66021
4364.87392	1369.92231
4322.32970	1376.34111
4288.63654	1385.11006
4275.93160	1387.14474
4262.43937	1394.37215
4246.17116	1395.11006
4242.23843	1395.91369
4210.70897	1396.20930
4177.01580	1404.97825
4150.81863	1414.24034
4150.81863	1414.24034
4144.98271	1426.60102
4132.07585	1428.47381
4118.78554	1435.86312
4118.78554	1435.86312
4105.87868	1437.73591
4081.27246	1438.34200
4055.07530	1447.60410
4038.24140	1457.60410
4030.36982	1459.93953
	
Math-AUGMECON-II_16:	67
3737.38144	1805.02814
3742.87108	1773.11427
3757.68377	1737.69775
3770.25058	1722.20746
3770.29408	1720.30811
3776.70594	1704.35924
3789.38674	1699.69758
3790.42951	1698.68531
3795.59227	1682.12932
3797.51268	1667.52666
3810.07949	1652.03637
3814.61445	1648.79081
3816.53485	1634.18816
3829.59482	1630.32064
3834.12977	1627.07509
3836.05018	1612.47243
3842.73692	1609.22687
3862.24735	1603.21033
3865.79657	1597.51115
3872.94004	1587.60410
3875.76014	1579.29458
3888.41039	1571.95618
3895.27547	1557.57885
3905.35259	1552.56538
3910.74582	1541.93093
3918.18117	1534.09520
3924.86792	1530.84965
3944.37834	1524.83311
3947.92756	1519.13392
3955.07103	1509.22687
3957.89113	1500.91735
3976.31021	1500.16231
4583.65586	1330.90107
4514.74165	1339.27830
4501.19048	1340.90107
4501.19048	1340.90107
4467.22963	1341.89127
4467.22963	1341.89127
4433.53646	1350.66021
4424.76425	1351.89127
4407.33929	1359.92231
4407.33929	1359.92231
4391.07108	1360.66021
4364.87392	1369.92231
4364.87392	1369.92231
4322.32970	1376.34111
4288.63654	1385.11006
4279.86433	1386.34111
4275.93160	1387.14474
4262.43937	1394.37215
4246.17116	1395.11006
4242.23843	1395.91369
4210.70897	1396.20930
4177.01580	1404.97825
4150.81863	1414.24034
4126.17116	1435.11006
4105.87868	1437.73591
4081.27246	1438.34200
4077.01580	1444.97825
4055.07530	1447.60410
4050.81863	1454.24034
4038.24140	1457.60410
4030.36982	1459.93953
4024.84281	1460.87497
4004.17265	1469.20163
3998.64564	1470.13706
3977.40646	1479.20163
	
Math-AUGMECON-II_17:	64
3737.38144	1805.02814
3757.68377	1737.69775
3768.32872	1725.98202
3776.70594	1704.35924
3791.05732	1685.37487
3795.59227	1682.12932
3797.51268	1667.52666
3804.19942	1664.28111
3808.15763	1655.81093
3814.61445	1648.79081
3816.53485	1634.18816
3829.59482	1630.32064
3834.12977	1627.07509
3836.05018	1612.47243
3842.73692	1609.22687
3862.24735	1603.21033
3865.79657	1597.51115
3872.94004	1587.60410
3875.76014	1579.29458
3888.41039	1571.95618
3891.23049	1563.64666
3895.27547	1557.57885
3905.35259	1552.56538
3910.74582	1541.93093
3918.18117	1534.09520
3924.86792	1530.84965
3939.42035	1525.03064
3947.92756	1519.13392
3955.07103	1509.22687
3957.89113	1500.91735
3976.31021	1500.16231
3977.40646	1479.20163
4583.65586	1330.90107
4583.65586	1330.90107
4514.74165	1339.27830
4501.19048	1340.90107
4467.22963	1341.89127
4433.53646	1350.66021
4424.76425	1351.89127
4407.33929	1359.92231
4391.07108	1360.66021
4364.87392	1369.92231
4322.32970	1376.34111
4288.63654	1385.11006
4279.86433	1386.34111
4275.93160	1387.14474
4262.43937	1394.37215
4246.17116	1395.11006
4242.23843	1395.91369
4210.70897	1396.20930
4177.01580	1404.97825
4150.81863	1414.24034
4132.07585	1428.47381
4126.17116	1435.11006
4105.87868	1437.73591
4081.27246	1438.34200
4077.01580	1444.97825
4055.07530	1447.60410
4050.81863	1454.24034
4050.29195	1457.48590
4038.24140	1457.60410
4024.84281	1460.87497
4004.17265	1469.20163
3998.64564	1470.13706
	
Math-AUGMECON-II_18:	52
3741.01705	1795.82014
3742.87109	1773.11422
3757.68377	1737.69775
3768.32872	1725.98202
3776.70594	1704.35924
3789.38674	1699.69758
3791.05732	1685.37487
3797.51268	1667.52666
3804.19942	1664.28111
3808.15763	1655.81093
3823.22160	1630.94260
3842.73692	1609.22687
3865.79657	1597.51115
3872.94004	1587.60410
3888.41039	1571.95618
3891.23049	1563.64666
3905.35259	1552.56538
3924.86792	1530.84965
3946.10710	1521.78509
3955.07103	1509.22687
3977.40646	1479.20163
3998.64564	1470.13706
4583.65586	1330.90107
4514.74164	1339.27829
4501.19048	1340.90107
4467.22963	1341.89127
4433.53646	1350.66021
4424.76424	1351.89127
4407.33929	1359.92231
4391.07108	1360.66021
4364.87392	1369.92231
4322.32970	1376.34111
4288.63654	1385.11006
4275.93160	1387.14474
4262.43937	1394.37215
4246.17116	1395.11006
4242.23843	1395.91369
4210.70897	1396.20930
4210.70897	1396.20930
4177.01580	1404.97825
4150.81863	1414.24034
4144.98271	1426.60102
4144.98271	1426.60102
4132.07585	1428.47381
4127.90067	1434.24034
4118.78554	1435.86312
4105.87868	1437.73591
4081.27246	1438.34200
4055.07530	1447.60410
4038.24140	1457.60410
4030.36982	1459.93953
4004.17265	1469.20163
	
Math-AUGMECON-II_19:	64
3757.68377	1737.69775
3768.32872	1725.98202
3776.70594	1704.35924
3791.10084	1683.47550
3797.51268	1667.52666
3804.19942	1664.28111
3808.15763	1655.81093
3810.12301	1650.13699
3816.53485	1634.18816
3823.22160	1630.94260
3829.59482	1630.32064
3836.05018	1612.47243
3842.73692	1609.22687
3862.24735	1603.21033
3865.79657	1597.51115
3872.94004	1587.60410
3875.76014	1579.29458
3888.41039	1571.95618
3891.23049	1563.64666
3895.27547	1557.57885
3905.35259	1552.56538
3910.74582	1541.93093
3918.18117	1534.09520
3924.86792	1530.84965
3939.42035	1525.03064
3947.92756	1519.13392
3955.07103	1509.22687
3957.89113	1500.91735
3976.31021	1500.16231
3977.40646	1479.20163
3977.40646	1479.20163
3998.64564	1470.13706
4004.17265	1469.20163
4687.84953	1324.91129
4686.82347	1328.54039
4583.65586	1330.90107
4571.42330	1335.90148
4514.74165	1339.27830
4501.19048	1340.90107
4467.22963	1341.89127
4433.53646	1350.66021
4424.76425	1351.89127
4407.33929	1359.92231
4391.07108	1360.66021
4364.87392	1369.92231
4322.32970	1376.34111
4288.63654	1385.11006
4275.93160	1387.14474
4262.43937	1394.37215
4246.17116	1395.11006
4242.23843	1395.91369
4210.70897	1396.20930
4177.01580	1404.97825
4150.81863	1414.24034
4150.81863	1414.24034
4132.07585	1428.47381
4127.90067	1434.24034
4105.87868	1437.73591
4081.27246	1438.34200
4055.07530	1447.60410
4038.24140	1457.60410
4030.36982	1459.93953
4024.84281	1460.87497
4004.17265	1469.20163
	
Math-AUGMECON-II_20:	44
3737.38144	1805.02814
3757.68376	1737.69781
3768.32872	1725.98202
3776.70594	1704.35924
3789.38674	1699.69758
3791.05732	1685.37487
3797.51268	1667.52666
3810.12301	1650.13699
3816.53485	1634.18816
3836.05018	1612.47243
3865.79657	1597.51115
3872.94004	1587.60410
3875.76014	1579.29458
3888.41039	1571.95618
3895.27547	1557.57885
3910.74582	1541.93093
3918.18117	1534.09520
3944.37834	1524.83311
4583.65586	1330.90107
4514.74165	1339.27830
4501.19048	1340.90107
4467.22963	1341.89127
4433.53646	1350.66021
4424.76425	1351.89127
4391.07108	1360.66021
4322.32970	1376.34111
4288.63654	1385.11006
4279.86433	1386.34111
4275.93160	1387.14474
4246.17116	1395.11006
4242.23843	1395.91369
4210.70897	1396.20930
4177.01580	1404.97825
4150.81863	1414.24034
4132.07585	1428.47381
4081.27246	1438.34200
4055.07530	1447.60410
4030.36982	1459.93953
4024.84281	1460.87497
4003.60363	1469.93953
3998.64564	1470.13706
3977.40646	1479.20163
3969.02924	1500.82440
3947.92756	1519.13392
	
Math-AUGMECON-II_21:	63
3757.68377	1737.69775
3768.32872	1725.98202
3776.70594	1704.35924
3782.70000	1702.94313
3791.05732	1685.37487
3797.51268	1667.52666
3804.19942	1664.28111
3808.15763	1655.81093
3814.61445	1648.79081
3816.53485	1634.18816
3829.59482	1630.32064
3834.12977	1627.07509
3836.05018	1612.47243
3842.73692	1609.22687
3862.24735	1603.21033
3865.79657	1597.51115
3872.94004	1587.60410
3875.76014	1579.29458
3888.41039	1571.95618
3891.23049	1563.64666
3895.27547	1557.57885
3898.66585	1555.81093
3905.35259	1552.56538
3910.74582	1541.93093
3918.18117	1534.09520
3924.86792	1530.84965
3939.42035	1525.03064
3947.92756	1519.13392
3955.07103	1509.22687
3957.89113	1500.91735
3976.27684	1500.43268
3976.31021	1500.16231
4583.65586	1330.90107
4514.74165	1339.27830
4501.19048	1340.90107
4467.22963	1341.89127
4433.53646	1350.66021
4424.76424	1351.89126
4407.33929	1359.92231
4391.07108	1360.66021
4364.87392	1369.92231
4364.87392	1369.92231
4322.32970	1376.34111
4288.63653	1385.11005
4275.93160	1387.14474
4262.43937	1394.37215
4246.17116	1395.11006
4242.23843	1395.91369
4210.70897	1396.20930
4177.01580	1404.97825
4150.81863	1414.24034
4132.07585	1428.47381
4127.90067	1434.24034
4105.87868	1437.73591
4081.27246	1438.34200
4055.07530	1447.60410
4050.29195	1457.48590
4038.24140	1457.60410
4024.84281	1460.87497
4004.17265	1469.20163
3998.64564	1470.13706
3977.40646	1479.20163
3976.31021	1500.16231
	
Math-AUGMECON-II_22:	57
3757.68377	1737.69775
3768.32871	1725.98203
3791.05732	1685.37487
3797.51268	1667.52666
3808.15763	1655.81093
3810.12301	1650.13699
3836.05018	1612.47243
3862.24735	1603.21033
3872.94004	1587.60410
3875.76014	1579.29458
3888.41039	1571.95618
3891.23049	1563.64666
3898.66585	1555.81093
3905.35259	1552.56538
3910.74582	1541.93093
3918.18117	1534.09520
3924.86792	1530.84965
3939.42035	1525.03064
3947.92756	1519.13392
3951.47929	1516.86619
3955.07103	1509.22687
3957.89113	1500.91735
3957.89113	1500.91735
3976.31021	1500.16231
3977.40646	1479.20163
3998.64564	1470.13706
4004.17265	1469.20163
4024.84281	1460.87497
4583.65586	1330.90107
4583.65586	1330.90107
4514.74165	1339.27830
4501.19048	1340.90107
4467.22963	1341.89127
4433.53646	1350.66021
4424.76425	1351.89127
4407.33929	1359.92231
4391.07108	1360.66021
4364.87392	1369.92231
4322.32970	1376.34111
4288.63654	1385.11006
4275.93160	1387.14474
4262.43937	1394.37215
4246.17116	1395.11006
4242.23843	1395.91369
4210.70897	1396.20930
4177.01580	1404.97825
4150.81863	1414.24034
4132.07585	1428.47381
4127.90067	1434.24034
4118.78554	1435.86312
4105.87868	1437.73591
4081.27246	1438.34200
4055.07530	1447.60410
4050.29195	1457.48590
4038.24140	1457.60410
4030.36982	1459.93953
4024.84281	1460.87497
	
Math-AUGMECON-II_23:	51
3742.87109	1773.11422
3757.68377	1737.69775
3770.29410	1720.30808
3776.70594	1704.35924
3791.05732	1685.37487
3797.51268	1667.52666
3808.15763	1655.81093
3810.07949	1652.03637
3816.53485	1634.18816
3823.22160	1630.94260
3836.05018	1612.47243
3862.24735	1603.21033
3865.79657	1597.51115
3872.94004	1587.60410
3888.41039	1571.95618
3891.23049	1563.64666
3895.27547	1557.57885
3910.74578	1541.93097
3918.18117	1534.09520
3944.37834	1524.83311
3955.07103	1509.22687
3957.89113	1500.91735
3977.40646	1479.20163
5401.57960	1303.62127
5367.88643	1312.39022
5162.08372	1312.69545
4583.65586	1330.90107
4571.42330	1335.90148
4514.74165	1339.27830
4501.19048	1340.90107
4467.22963	1341.89127
4433.53646	1350.66021
4424.76425	1351.89127
4391.07108	1360.66021
4322.32970	1376.34111
4288.63654	1385.11006
4275.93160	1387.14474
4246.17116	1395.11006
4242.23843	1395.91369
4210.70897	1396.20930
4177.01580	1404.97825
4150.81863	1414.24034
4144.98271	1426.60102
4127.90067	1434.24034
4081.27246	1438.34200
4055.07530	1447.60410
4030.36982	1459.93953
4024.84281	1460.87496
4003.60363	1469.93953
3998.64564	1470.13706
3977.40646	1479.20163
	
Math-AUGMECON-II_24:	46
3737.38144	1805.02814
3738.35938	1802.31125
3741.01705	1795.82014
3742.87109	1773.11422
3757.68377	1737.69775
3768.32872	1725.98202
3770.29410	1720.30808
3776.70594	1704.35924
3791.05732	1685.37487
3797.51268	1667.52666
3804.19942	1664.28111
3808.15763	1655.81093
3816.53485	1634.18816
3836.05018	1612.47243
3862.24735	1603.21033
3865.79657	1597.51115
3872.94004	1587.60410
3875.76014	1579.29458
3891.23049	1563.64666
3895.27547	1557.57885
3898.66585	1555.81093
3905.35259	1552.56538
3918.18117	1534.09520
3939.42035	1525.03064
3946.10710	1521.78509
4583.65586	1330.90107
4514.74165	1339.27830
4467.22963	1341.89127
4433.53646	1350.66021
4364.87392	1369.92231
4322.32970	1376.34111
4288.63654	1385.11006
4275.93160	1387.14474
4262.43937	1394.37215
4242.23843	1395.91369
4210.70897	1396.20930
4177.01580	1404.97825
4150.81863	1414.24034
4132.07585	1428.47381
4127.90067	1434.24034
4126.17116	1435.11006
4105.87868	1437.73591
4081.27246	1438.34200
4055.07530	1447.60410
4038.24140	1457.60410
4030.36982	1459.93953
	
Math-AUGMECON-II_25:	47
3737.38144	1805.02814
3741.01705	1795.82014
3742.87109	1773.11422
3757.68377	1737.69775
3770.25058	1722.20746
3770.29410	1720.30808
3776.28816	1718.89197
3791.05732	1685.37487
3797.51268	1667.52666
3810.12301	1650.13699
3816.53485	1634.18816
3836.05018	1612.47243
3865.79657	1597.51115
3868.27498	1593.57895
3872.94004	1587.60410
3888.41039	1571.95618
3895.27547	1557.57885
3910.74582	1541.93093
3918.18117	1534.09520
3946.10710	1521.78509
4583.65586	1330.90107
4514.74165	1339.27830
4501.19048	1340.90107
4467.22963	1341.89127
4433.53646	1350.66021
4424.76425	1351.89127
4391.07108	1360.66021
4322.32970	1376.34111
4288.63654	1385.11006
4288.63654	1385.11006
4279.86433	1386.34111
4275.93160	1387.14474
4246.17116	1395.11006
4242.23843	1395.91369
4210.70897	1396.20930
4210.70896	1396.20930
4177.01580	1404.97825
4150.81863	1414.24034
4132.07585	1428.47381
4126.17116	1435.11006
4081.27246	1438.34200
4077.01580	1444.97825
4055.07530	1447.60410
4030.36982	1459.93953
4024.84281	1460.87497
4004.17265	1469.20163
3977.40646	1479.20163
	
Math-AUGMECON-II_26:	62
3741.01705	1795.82014
3742.87109	1773.11422
3757.68377	1737.69775
3770.25058	1722.20746
3770.29408	1720.30811
3776.70594	1704.35924
3782.70000	1702.94313
3790.42951	1698.68531
3795.59227	1682.12932
3797.51268	1667.52666
3810.07949	1652.03637
3814.61445	1648.79081
3816.53485	1634.18816
3834.12977	1627.07509
3836.05018	1612.47243
3842.73692	1609.22687
3862.24735	1603.21033
3865.79657	1597.51115
3872.94004	1587.60410
3872.94004	1587.60410
3875.76014	1579.29458
3888.41037	1571.95619
3895.27547	1557.57885
3898.66585	1555.81093
3910.74582	1541.93093
3918.18117	1534.09520
3924.86792	1530.84965
3944.37834	1524.83311
3947.92756	1519.13392
3955.07103	1509.22687
3957.89113	1500.91735
3976.31021	1500.16231
3977.40646	1479.20163
5401.57960	1303.62127
5367.88643	1312.39022
5162.08372	1312.69545
4583.65586	1330.90107
4514.74165	1339.27830
4501.19048	1340.90107
4467.22963	1341.89127
4433.53646	1350.66021
4424.76425	1351.89127
4407.33929	1359.92231
4391.07108	1360.66021
4364.87392	1369.92231
4322.32970	1376.34111
4288.63654	1385.11006
4275.93160	1387.14474
4262.43937	1394.37215
4242.23843	1395.91369
4210.70896	1396.20930
4177.01580	1404.97825
4150.81863	1414.24034
4127.90067	1434.24034
4081.27246	1438.34200
4055.07530	1447.60410
4038.24140	1457.60410
4024.84281	1460.87497
4004.17265	1469.20163
3998.64564	1470.13706
3977.40646	1479.20163
3977.40646	1479.20163
	
Math-AUGMECON-II_27:	68
3738.35938	1802.31125
3741.01705	1795.82014
3742.87109	1773.11422
3757.68377	1737.69775
3768.32872	1725.98202
3770.25058	1722.20746
3776.70594	1704.35924
3782.70000	1702.94313
3789.38674	1699.69758
3795.59227	1682.12932
3797.51268	1667.52666
3808.15763	1655.81093
3810.07949	1652.03637
3816.53485	1634.18816
3823.22160	1630.94260
3836.05018	1612.47243
3842.73692	1609.22687
3862.24735	1603.21033
3865.79657	1597.51115
3872.94004	1587.60410
3875.76014	1579.29458
3888.41039	1571.95618
3895.27547	1557.57885
3898.66585	1555.81093
3910.74582	1541.93093
3918.18117	1534.09520
3924.86792	1530.84965
3944.37834	1524.83311
3947.92756	1519.13392
3955.07103	1509.22687
3955.07103	1509.22687
3957.89113	1500.91735
3976.31021	1500.16231
3977.40646	1479.20163
5401.57960	1303.62127
5367.88643	1312.39022
5162.08372	1312.69545
4583.65583	1330.90107
4571.42330	1335.90148
4514.74165	1339.27830
4501.19048	1340.90107
4467.22963	1341.89127
4433.53646	1350.66021
4424.76425	1351.89127
4407.33929	1359.92231
4391.07108	1360.66021
4364.87392	1369.92231
4322.32970	1376.34111
4288.63654	1385.11006
4275.93160	1387.14474
4262.43937	1394.37215
4242.23843	1395.91369
4210.70897	1396.20930
4210.70897	1396.20930
4177.01580	1404.97825
4150.81863	1414.24034
4132.07585	1428.47381
4127.90067	1434.24034
4105.87868	1437.73591
4081.27246	1438.34200
4077.01580	1444.97824
4055.07530	1447.60410
4050.81863	1454.24034
4038.24140	1457.60410
4024.84281	1460.87497
4004.17265	1469.20163
3998.64564	1470.13706
3977.40646	1479.20163
	
Math-AUGMECON-II_28:	60
3770.25058	1722.20746
3776.70594	1704.35924
3789.38674	1699.69758
3795.59227	1682.12932
3797.51268	1667.52666
3810.07948	1652.03639
3816.53485	1634.18816
3823.22160	1630.94260
3836.05018	1612.47243
3842.73692	1609.22687
3862.24735	1603.21033
3865.79657	1597.51115
3872.94004	1587.60410
3875.76014	1579.29458
3888.41039	1571.95618
3895.27547	1557.57885
3905.35259	1552.56538
3910.74582	1541.93093
3918.18117	1534.09520
3924.86792	1530.84965
3939.42035	1525.03064
3944.37834	1524.83311
3947.92756	1519.13392
3955.07103	1509.22687
3957.89113	1500.91735
3957.89113	1500.91735
3976.27684	1500.43268
3976.31021	1500.16231
3977.40646	1479.20163
3998.64564	1470.13706
4004.17264	1469.20163
4024.84281	1460.87497
4583.65586	1330.90107
4514.74165	1339.27830
4501.19048	1340.90107
4467.22963	1341.89127
4433.53646	1350.66021
4424.76425	1351.89127
4407.33929	1359.92231
4391.07108	1360.66021
4364.87392	1369.92231
4322.32970	1376.34111
4288.63654	1385.11006
4279.86433	1386.34111
4275.93160	1387.14474
4262.43937	1394.37215
4246.17116	1395.11006
4242.23843	1395.91369
4210.70897	1396.20930
4210.70897	1396.20930
4177.01580	1404.97825
4150.81863	1414.24034
4144.98271	1426.60102
4127.90067	1434.24034
4105.87868	1437.73591
4081.27246	1438.34200
4055.07530	1447.60410
4050.29195	1457.48590
4038.24140	1457.60410
4030.36982	1459.93953
	
Math-AUGMECON-II_29:	51
3737.38144	1805.02814
3738.35938	1802.31125
3742.87109	1773.11422
3757.68377	1737.69775
3770.25058	1722.20746
3776.70594	1704.35924
3791.05732	1685.37487
3810.07948	1652.03639
3814.61445	1648.79081
3816.53485	1634.18816
3823.22160	1630.94260
3834.12977	1627.07509
3836.05018	1612.47243
3842.73692	1609.22687
3862.24735	1603.21033
3865.79657	1597.51115
3872.94004	1587.60410
3875.76014	1579.29458
3895.27547	1557.57885
3910.74582	1541.93093
3918.18117	1534.09520
3939.42035	1525.03064
3946.10710	1521.78509
3955.07103	1509.22687
4988.16761	1318.68524
4687.84953	1324.91129
4501.19048	1340.90107
4467.22963	1341.89127
4424.76425	1351.89127
4391.07108	1360.66021
4364.87392	1369.92231
4322.32970	1376.34111
4279.86432	1386.34111
4275.93160	1387.14474
4246.17116	1395.11006
4210.70897	1396.20930
4177.01580	1404.97825
4150.81863	1414.24034
4132.07585	1428.47381
4126.17116	1435.11006
4118.78554	1435.86312
4105.87868	1437.73591
4081.27246	1438.34200
4077.01580	1444.97825
4055.07530	1447.60410
4050.81863	1454.24034
4038.24140	1457.60410
4024.84281	1460.87497
3998.64564	1470.13706
3977.40646	1479.20163
3976.31021	1500.16231
	
Math-AUGMECON-II_30:	63
3737.38144	1805.02814
3757.68377	1737.69775
3768.32872	1725.98202
3776.70594	1704.35924
3791.05732	1685.37487
3795.59227	1682.12932
3797.51268	1667.52666
3804.19942	1664.28111
3808.15763	1655.81093
3814.61445	1648.79081
3816.53485	1634.18816
3829.59482	1630.32064
3834.12977	1627.07509
3836.05018	1612.47243
3842.73692	1609.22687
3862.24735	1603.21033
3865.79657	1597.51115
3872.94004	1587.60410
3875.76014	1579.29458
3886.89825	1579.20163
3891.23049	1563.64666
3895.27547	1557.57885
3905.35259	1552.56538
3910.74582	1541.93093
3918.18117	1534.09520
3924.86792	1530.84965
3944.37834	1524.83311
3947.92756	1519.13392
3955.07103	1509.22687
3957.89113	1500.91735
3969.02924	1500.82440
3977.40646	1479.20163
4583.65586	1330.90107
4514.74165	1339.27830
4501.19048	1340.90107
4467.22963	1341.89127
4433.53646	1350.66021
4424.76425	1351.89127
4407.33929	1359.92231
4391.07108	1360.66021
4364.87392	1369.92231
4322.32970	1376.34111
4288.63654	1385.11006
4279.86433	1386.34111
4275.93160	1387.14474
4262.43937	1394.37215
4246.17116	1395.11006
4242.23843	1395.91369
4210.70897	1396.20930
4177.01580	1404.97825
4150.81863	1414.24034
4132.07585	1428.47381
4127.90067	1434.24034
4105.87868	1437.73591
4081.27246	1438.34200
4077.01580	1444.97825
4055.07530	1447.60410
4050.29195	1457.48590
4038.24139	1457.60409
4030.36982	1459.93953
4004.17265	1469.20163
4003.60363	1469.93953
3977.40646	1479.20163