Numfront:	
61	

AUGMECON-II:	18
7257.31229	2623.04575
7258.82607	2588.48962
7268.35341	2524.16547
7280.85077	2507.88054
7312.52469	2473.60695
7344.23899	2450.97165
7375.02582	2422.15790
7417.88936	2394.00506
7467.58655	2364.37786
7514.23296	2336.65636
7608.35094	2305.78394
7684.39942	2278.85118
7727.26293	2250.69836
7805.21406	2222.16180
7896.02064	2192.33552
8005.25647	2163.96450
8140.99932	2135.62885
8409.59461	2107.05397
	
NSGA-II_1:	68
9398.64705	2131.39061
7624.73888	2591.30802
8768.02754	2159.16174
9123.98836	2157.82770
8430.14405	2207.61006
8715.62996	2167.31455
8436.19957	2193.66557
8611.99681	2174.72900
8348.16411	2208.21868
7874.11192	2361.20445
8296.50443	2216.37149
7755.50715	2438.08884
9167.48508	2151.77218
8536.86557	2179.54331
8116.16257	2273.10866
7696.25849	2493.86623
8267.09054	2237.60255
9346.24947	2139.54342
7819.80279	2406.01188
9295.05824	2146.95787
7784.27111	2416.77171
7779.47446	2430.84155
8103.15694	2288.96652
8290.44892	2230.31598
7798.98291	2414.98369
9242.61632	2146.95787
7753.39122	2451.09287
7669.01826	2517.04528
7908.83000	2353.13770
8048.39827	2318.41177
8172.97007	2250.48881
7930.91943	2338.58459
8054.45379	2304.46728
7861.10629	2377.06231
7742.50152	2453.94670
8207.03822	2242.33599
7964.98757	2330.43178
8051.84646	2313.81545
8170.75636	2259.75090
8484.46799	2187.69613
7682.02389	2501.18742
8025.03989	2325.69834
7928.70572	2347.84669
8086.74867	2294.33972
7844.69803	2382.43550
7729.96198	2461.57914
7700.54809	2482.81020
7901.50553	2359.81565
7629.02847	2580.25198
7659.77562	2549.88278
7677.73430	2512.24346
7723.97733	2472.32393
8150.88065	2265.04191
7664.72866	2528.10132
7664.06521	2538.82674
8507.95851	2185.29028
7639.41526	2570.54247
7828.39681	2393.75263
7716.95635	2477.43701
7664.72866	2528.10132
7997.25266	2327.17320
8239.30331	2239.07742
8167.30818	2264.34722
7711.43779	2479.95636
7855.28413	2380.07482
7647.55267	2561.87476
7651.05958	2554.68460
7826.82377	2400.89880
	
NSGA-II_2:	88
8748.19859	2134.82857
7378.48794	2545.90843
8105.79832	2159.26119
8608.50346	2157.53449
7381.16664	2488.33483
7379.31484	2543.83637
7966.10318	2181.96711
8020.18406	2181.04265
8103.63700	2163.33760
7926.00863	2187.89071
7648.54457	2300.59137
7885.83822	2207.42638
8662.58433	2156.61002
7913.84955	2201.87614
8065.70376	2165.18478
7963.94187	2186.04352
7847.90498	2209.27356
7420.59933	2430.32959
7509.69407	2384.31503
7578.29006	2337.29872
7431.18543	2427.96891
7726.64822	2279.20852
8747.37169	2136.90062
8708.10404	2140.75216
7687.38057	2283.06005
7609.27692	2304.44291
7495.09609	2391.90918
7390.29500	2469.97327
7392.24965	2463.33431
7403.30064	2454.11540
7779.30899	2256.28987
7923.02042	2194.03917
7450.84012	2407.02648
7465.76168	2400.94572
7419.85326	2439.88229
7685.04712	2294.77578
7790.29561	2251.72788
7540.68093	2351.45922
7396.26152	2458.10084
7606.94347	2316.15863
7381.99354	2486.26278
7385.45623	2477.27880
7817.66418	2232.57667
7499.10796	2386.67571
7887.99953	2203.34997
7537.60160	2362.17678
7447.76079	2417.74404
8053.54469	2179.17021
8695.94496	2154.73759
7758.06417	2264.84082
7539.85403	2353.53127
7802.52915	2244.97274
7754.17590	2273.90105
7437.17468	2420.10472
7553.00196	2344.89287
7579.03613	2327.74602
7466.58858	2398.87366
7767.18153	2258.04319
7792.45692	2247.65147
7583.24276	2321.58976
7675.22149	2297.04549
7409.26715	2442.24297
7821.87082	2226.42041
7686.55367	2285.13211
7608.45002	2306.51496
8702.67888	2150.68643
7649.37147	2298.51931
7510.44014	2374.76233
7834.41149	2225.26334
7405.25528	2447.47645
7815.50287	2236.65308
7450.01322	2409.09854
7746.73199	2276.75420
7386.28314	2475.20674
7845.74367	2213.34997
7836.57280	2221.18694
7567.70395	2339.65940
7511.26704	2372.69027
8670.09494	2156.21142
8027.69467	2180.64404
8707.27714	2142.82421
7524.50999	2370.67813
8060.27861	2175.11905
7527.01550	2364.53746
7606.11657	2318.23069
7923.84732	2191.96711
8063.54245	2169.26119
7407.59370	2446.18746
	
NSGA-II_3:	73
9006.98137	2147.66225
8068.44174	2833.39503
8528.83660	2176.76566
8977.56747	2168.89330
8069.42077	2726.18172
8069.04754	2822.40216
8069.33279	2770.34911
8069.13552	2778.23478
8071.55676	2692.59864
8217.75529	2369.87511
8375.76837	2268.19239
8071.69467	2662.73654
8339.89623	2291.65656
8170.32875	2432.61997
8070.31538	2698.79206
8180.91485	2430.25929
8072.39767	2655.55915
8074.34110	2618.90979
8074.67156	2592.11397
8984.37339	2158.89330
8435.51732	2229.32890
8104.20942	2505.81998
8103.00744	2526.37384
8072.58927	2635.34688
8130.71224	2468.73106
8112.94266	2478.73106
8355.64469	2283.50374
8210.59810	2382.44032
8396.56585	2263.51063
8132.94266	2457.50001
8079.10721	2548.28721
8189.02205	2418.19508
8092.11284	2532.42935
8320.42741	2300.29984
8469.08765	2215.62916
8265.72748	2342.63439
8197.75529	2391.10616
8275.26505	2329.68371
8346.35447	2289.42345
8304.67895	2308.45266
8415.39364	2244.64025
8499.42270	2197.99672
8499.04515	2206.86710
8233.50374	2361.72229
8300.30373	2315.61119
8159.58572	2443.29168
8215.52486	2381.10616
8073.79160	2632.11397
8074.67156	2592.11397
8360.01991	2276.34521
8148.69112	2449.34719
8195.52486	2402.33722
8110.71224	2489.96212
8284.55527	2323.76401
8249.29400	2353.78543
8077.35538	2564.72430
8076.42339	2575.67688
8517.87294	2187.99672
8255.14138	2344.99507
9006.98137	2147.66225
8488.45904	2209.22778
8433.92673	2244.40844
8316.09399	2307.67433
8237.87896	2354.56375
8510.00881	2195.63604
8453.33919	2223.78198
8434.51140	2242.65235
8462.03661	2222.87676
8368.71733	2275.43999
8397.99823	2255.88942
8087.16820	2540.00294
8406.10342	2250.55995
8068.44174	2833.39503
	
NSGA-II_4:	78
8203.20626	2132.31107
7326.80579	2554.89275
7867.77250	2205.02937
8093.69093	2159.61752
8030.31799	2160.94059
7717.52905	2273.41638
8168.12857	2146.25556
7848.94471	2223.89974
7371.69984	2485.93630
8170.01313	2138.23466
7345.12548	2510.17139
8024.32577	2172.27474
7343.97614	2531.13111
7573.21553	2315.73189
7612.47796	2314.99268
7918.91811	2196.26793
7809.68228	2224.63895
7338.21880	2550.46001
7482.54782	2373.37121
7572.38863	2317.80395
7469.03494	2385.24364
7376.59867	2466.61911
7711.53683	2284.75053
7900.96563	2199.10577
8134.93544	2152.17915
7765.10170	2261.88655
7507.19579	2369.13644
7863.08651	2216.35468
7663.67199	2292.27077
7631.30575	2296.12230
7749.89528	2269.56484
7944.09469	2183.64651
7626.61977	2307.44762
7483.37472	2371.29916
7995.24030	2174.88507
7682.45136	2287.36087
8116.15606	2157.08905
7359.46526	2496.22690
7438.79414	2408.54676
7450.20715	2404.11402
7750.72219	2267.49279
7356.53848	2505.73865
7468.20804	2387.31570
7558.87575	2329.67638
7512.51070	2362.13849
7542.97474	2339.03501
8029.49109	2163.01264
7712.36373	2282.67848
7395.22806	2441.61858
7380.88827	2455.56307
7795.34250	2238.58344
7421.17925	2429.37151
7630.47885	2298.19436
7779.44149	2247.94207
7391.76536	2450.60256
7453.13393	2394.60227
7424.64195	2420.38753
7977.28783	2177.72292
7953.99580	2182.32344
7808.85538	2226.71101
7526.02358	2350.26606
7553.56084	2336.67433
7405.81416	2439.25790
7766.46776	2256.26173
7411.12907	2432.25996
7681.62446	2289.43292
7664.49889	2290.19871
7994.41340	2176.95713
7341.14557	2540.94826
8116.98296	2155.01700
7391.47438	2453.20239
7425.46885	2418.31547
7345.95238	2508.09933
7526.85048	2348.19401
7623.17330	2311.88036
7790.85449	2243.50933
7377.42558	2464.54705
7453.96083	2392.53021
	
NSGA-II_5:	87
8391.48522	2115.82323
7471.56338	2732.91627
8320.08902	2127.98952
8225.64930	2128.18391
7483.18856	2656.65072
7487.38104	2564.52100
7473.07716	2698.36015
7471.56338	2732.91627
7484.70234	2622.09459
7485.86726	2599.07712
8085.95417	2150.88983
7883.40317	2252.23180
7806.27812	2258.82694
7803.56666	2268.91989
7839.47125	2252.90335
7904.12622	2246.25945
8129.88609	2150.21828
7495.90919	2531.87170
7942.18594	2217.77422
7600.41563	2389.33877
8017.68334	2170.75791
8353.28215	2122.06593
8330.79970	2123.91312
8040.16580	2168.91073
8052.76103	2156.81343
7605.86221	2375.35500
7715.61041	2316.46626
7481.60531	2665.71085
7728.84173	2303.92030
7562.61579	2414.51598
7485.86726	2599.07712
7838.64435	2254.97541
7771.20043	2272.77143
7477.99945	2685.99947
8152.36854	2148.37110
7917.13185	2230.40159
7530.61782	2460.06141
7514.03901	2494.52100
7494.65151	2549.99729
7676.87524	2338.65812
8363.99283	2117.98952
7649.33798	2352.24985
8198.15691	2130.35020
7542.03083	2455.62868
7513.21211	2496.59305
7752.37264	2291.64180
7764.74632	2287.90376
7629.82953	2368.10772
8224.82240	2130.25597
7544.45036	2442.13149
7770.37353	2274.84348
7695.70303	2319.78774
8187.44623	2134.42661
8164.96377	2136.27380
8075.24349	2154.96624
8006.97267	2174.83432
7729.66863	2301.84825
7694.87613	2321.85980
7681.35962	2328.33869
7640.11300	2363.48257
7605.03531	2377.42706
7505.32308	2513.00132
7554.02879	2431.31430
7523.45290	2475.65062
7521.20393	2478.93179
7665.46223	2343.09085
7554.02879	2431.31430
7480.98898	2680.14161
7574.02879	2410.08325
7977.55877	2196.06538
7970.49139	2205.29208
8003.85081	2188.68783
8004.67771	2186.61578
7959.78071	2209.36849
7587.03442	2394.22538
7940.27227	2225.22635
8154.25310	2140.35020
7543.62346	2444.20355
7741.78654	2294.00248
7506.14998	2510.92926
7988.26945	2191.98897
7499.72562	2523.94177
7680.53272	2330.41075
7898.30406	2249.27196
7927.84253	2226.32518
7573.20189	2412.15530
7531.44473	2457.98936
	
NSGA-II_6:	81
9152.09029	2112.07795
7868.57726	2914.95517
9114.83254	2128.38311
8619.37161	2139.84907
8452.21602	2239.71455
8372.88869	2241.86259
7930.94401	2568.94010
7871.76543	2865.53425
7871.61457	2905.56996
7984.28252	2512.39642
8008.33404	2478.54478
8003.03345	2504.46837
9117.75050	2126.02243
8616.45365	2142.20975
8142.35938	2395.91519
8037.74793	2457.31372
8149.02254	2380.05944
8078.60570	2431.09073
8197.86041	2354.29241
7920.64964	2625.50864
7892.07170	2747.58583
8492.27305	2211.72150
8248.70810	2311.37434
8506.56409	2210.47905
7976.06398	2540.68069
7922.72547	2597.22437
7922.72547	2597.22437
8517.67812	2198.88692
7876.50532	2860.78765
7947.35228	2563.56691
8572.02619	2169.65143
8538.38927	2191.37952
7896.95612	2729.99187
8027.66026	2470.81090
8482.18538	2225.21869
7960.35791	2547.70904
7903.01684	2680.15743
8098.17485	2422.97751
8238.86335	2324.49217
7902.85095	2702.54336
7880.14987	2814.86405
7879.98397	2837.24998
8219.29420	2332.60540
7888.36841	2786.57978
8335.63095	2258.16776
8552.01790	2184.94244
8054.72776	2453.07894
8075.00568	2441.00855
7890.43136	2765.48280
9149.17233	2114.43862
8585.03182	2153.79356
8338.54891	2255.80708
8369.97073	2244.22327
8108.01960	2409.85968
8212.77622	2344.88389
7892.72247	2736.72598
8122.08146	2407.98558
8262.76996	2309.50025
7911.23539	2651.87316
7908.03803	2668.52227
7883.68726	2798.25603
7890.43136	2765.48280
8462.85916	2232.95256
8302.61703	2289.31663
7916.25658	2640.23800
7898.81580	2714.81260
8181.35440	2356.46770
8522.48768	2192.26051
7975.88044	2547.05159
8165.52855	2377.88415
8323.60568	2276.68538
8127.58874	2401.74646
8178.43643	2358.82838
8582.11386	2156.15424
8168.34876	2372.32557
8289.26590	2290.62987
8280.12992	2299.79053
8283.04788	2297.42985
8325.54328	2271.66494
8268.27725	2303.26112
8309.13501	2277.03813
	
NSGA-II_7:	81
8127.11400	2159.32692
7375.75343	2573.91844
7382.25625	2572.13698
7389.16673	2475.30129
7386.35624	2520.77758
7387.18314	2518.70552
7980.41825	2190.16041
7987.41886	2182.03284
8120.11338	2167.45449
8024.08721	2180.84078
7532.79220	2387.41025
7540.12191	2383.55674
7882.23077	2207.62311
7849.46775	2212.92323
7916.29891	2199.47029
8082.35574	2167.47973
7942.66060	2190.18566
7689.07658	2284.30188
7509.00057	2389.41460
7556.74185	2364.77740
7476.48650	2407.05392
8055.99405	2176.76437
7839.97672	2220.85315
8065.48507	2168.83445
7463.33462	2426.21490
7756.90142	2244.86873
7724.10556	2269.30147
7815.39960	2221.07604
8031.41693	2176.98727
7891.72179	2199.69319
7699.03317	2280.53252
7785.98571	2242.30710
7753.91321	2251.01720
7629.28426	2332.40853
7805.90857	2229.00596
7925.78994	2191.54037
7631.49011	2325.46721
7803.78386	2236.19600
7790.96957	2236.71592
7660.48958	2303.46088
7702.02138	2274.38406
7411.40964	2461.80411
7611.62189	2335.26208
7682.08201	2291.76358
7410.58274	2463.87616
7469.31016	2416.79412
7482.98931	2405.27247
7425.08344	2452.28878
7884.39208	2203.54670
8058.15536	2172.68796
7813.23829	2225.15245
7498.72405	2395.56307
8126.28710	2161.39897
7502.49776	2391.19606
7447.07260	2428.28498
7440.82353	2440.57305
7593.48546	2339.69283
7728.44707	2259.30147
7453.57542	2426.50352
8082.35574	2167.47973
7737.93809	2251.37155
7717.60275	2271.08292
7439.99663	2442.64511
7443.29889	2432.65199
7652.66812	2312.99464
7731.43528	2253.15300
7634.47832	2319.31874
7919.28712	2193.32183
7586.15575	2343.54635
7576.01899	2352.70535
7772.00624	2243.21873
7942.66060	2190.18566
7663.89221	2298.08769
7657.50137	2309.60934
7564.07157	2360.92389
7640.98114	2317.53729
7670.39503	2296.30623
7575.19209	2354.77740
7842.13803	2216.77674
7586.98265	2341.47429
7418.58063	2454.07024
	
NSGA-II_8:	78
9143.03914	2107.67053
7487.30012	2444.91751
8314.64884	2149.47290
8956.15908	2120.54424
8445.44240	2147.96101
8847.36751	2121.70177
8150.59767	2159.92020
8740.39451	2132.05612
8683.31635	2132.14907
8446.26930	2145.88896
8660.48746	2134.57548
8230.50472	2157.40084
8526.17634	2143.36960
8610.32046	2135.44165
7663.94972	2298.56089
7857.32260	2206.07906
7521.00361	2412.63041
9058.89502	2115.59847
8763.22340	2129.62971
8824.53862	2124.12818
8303.93816	2153.54931
8599.60978	2139.51806
7697.69206	2270.94848
7672.47139	2287.00399
8069.62811	2174.57583
7780.29963	2234.93345
7904.22402	2199.57624
7511.36318	2418.95452
9036.06613	2118.02488
8978.98798	2118.11783
7537.44378	2396.47456
7892.68644	2205.72471
7668.27816	2292.17954
8103.69626	2166.42302
7737.60395	2252.05776
7499.82560	2425.10298
7945.73610	2197.38381
7805.21406	2222.16179
7604.92833	2331.93867
7791.53097	2232.06884
7751.26625	2238.71925
7953.29044	2193.20535
7541.73338	2385.41852
7488.12702	2442.84545
9096.13772	2114.17334
7692.42382	2278.30078
7595.54104	2350.20401
7726.04558	2254.77477
7596.69244	2340.69716
8043.09225	2178.94237
7816.75164	2216.01333
7491.58971	2433.86147
7840.10911	2211.93692
7585.90061	2356.52811
7546.20091	2379.02071
7566.12715	2371.43506
8563.41904	2141.94447
8267.74742	2155.97571
7525.74186	2405.03726
7650.50010	2305.48265
7639.55595	2312.54434
7710.31477	2266.09878
7739.72867	2244.86772
7570.59467	2365.03726
7964.00112	2189.12894
8086.48276	2172.28088
8139.06010	2166.06866
8010.90254	2182.62612
8800.46610	2128.20458
8800.46610	2128.20458
9120.21024	2110.09693
7621.91311	2324.64165
8139.88700	2163.99661
7500.65250	2423.03093
7711.14167	2264.02672
7685.92100	2280.08223
7990.51492	2185.15459
7626.10634	2319.46610
	
NSGA-II_9:	85
9128.08997	2172.15873
7935.26403	2820.74239
7935.43367	2746.48030
7935.26403	2820.74239
8917.46339	2195.24623
8849.52069	2196.61807
7939.82559	2735.92645
8076.76576	2438.17676
8942.36858	2189.25971
8147.18937	2383.76199
8042.37108	2466.20812
8134.78356	2407.39110
8051.78498	2447.33774
8240.16154	2342.37423
8015.03053	2477.33774
7989.25608	2538.60962
8421.48912	2262.29661
8277.90559	2303.87197
8097.86987	2422.46649
8180.98197	2358.32633
8248.49170	2325.10303
7944.78872	2711.75894
7956.87973	2639.19218
7950.31714	2688.84441
8081.19887	2426.10668
8168.55068	2373.76199
7953.75279	2664.44406
7943.96182	2713.83100
8663.79929	2213.71904
8325.15930	2282.24137
8652.61147	2217.35923
7953.75279	2664.44406
7962.40815	2616.27765
8006.44354	2494.13606
9047.37309	2184.54990
8258.85262	2323.53489
8969.86097	2187.09341
8691.29169	2211.55275
8004.98815	2515.84677
8213.49605	2342.46847
8277.71809	2317.16400
8501.25239	2249.96071
8508.91879	2237.83727
8413.82273	2274.42004
8768.80381	2209.00924
8731.10512	2209.92997
8571.67729	2228.11632
8005.61664	2496.20812
8388.97505	2278.15447
8352.65169	2280.07508
8296.77106	2297.50108
8107.21014	2410.24882
9009.67440	2185.47064
9009.67440	2185.47064
8599.16968	2225.95003
7979.84218	2557.47999
7979.21369	2577.11865
8536.41118	2235.67098
9100.59758	2174.32503
9099.77068	2176.39708
8797.12311	2204.77088
8821.20140	2200.85642
7971.31403	2590.12930
8313.97148	2285.88156
8601.04079	2223.43999
7979.21369	2577.11865
7980.66908	2555.40794
8403.46181	2275.98818
8490.89147	2251.52884
8848.69379	2198.69012
8628.53319	2221.27370
8822.02830	2198.78436
8448.15462	2262.20237
9074.86549	2182.38361
8519.27971	2236.26914
8769.63071	2206.93718
9048.19999	2182.47784
8476.40471	2253.69513
8448.98152	2260.13031
8208.51247	2351.58985
8796.29621	2206.84294
7966.23478	2604.47082
7997.53766	2520.28441
7996.40115	2532.64509
9075.69239	2180.31155
	
NSGA-II_10:	83
8943.91782	2128.85573
7473.78567	2592.91523
8434.02803	2154.20045
8803.39578	2153.63371
7847.82710	2324.59470
7558.74396	2527.77540
7533.70423	2536.03353
8909.89778	2136.85138
8389.29732	2166.27251
7672.66298	2418.80705
7644.91865	2443.42340
8216.84117	2191.84106
8866.42610	2143.79041
7818.41320	2345.82576
7598.92772	2482.45768
8400.83490	2160.12405
8261.13976	2182.82997
7798.61985	2351.89326
7582.15240	2504.07177
7635.18342	2456.04062
7506.51004	2561.07494
7996.83194	2269.74783
7664.59731	2434.80957
7762.55032	2363.32259
7532.52130	2545.21707
8183.64804	2197.76465
7971.78505	2281.11080
8294.33290	2176.90638
7488.86336	2578.97075
7881.02023	2318.67111
7956.70736	2295.05529
7586.74719	2490.93960
8072.41801	2238.64358
7518.62654	2549.97802
8249.60219	2188.97843
8866.42610	2143.79041
8910.72469	2134.77932
8343.52047	2172.56882
8203.82534	2195.27474
7795.74345	2357.39900
8283.62222	2180.98279
7623.61694	2463.98259
7822.18468	2338.87564
8083.59933	2226.65759
7920.62961	2306.22634
7736.01282	2379.04791
7837.09807	2335.59376
8833.23296	2149.71401
7765.42671	2357.81686
7560.97439	2516.54434
8057.95692	2240.93853
8096.61517	2223.22391
7571.66950	2504.88409
7516.12157	2556.54434
7655.06163	2441.31238
8042.87923	2254.88302
8127.50314	2216.65759
7699.55321	2406.13683
8011.90962	2255.80334
7719.06166	2390.27897
8356.53631	2169.13514
7898.56826	2311.93463
7710.79215	2395.10342
8156.40185	2208.28923
8804.22268	2151.56166
7501.04388	2570.48883
8001.19895	2259.87975
8054.18544	2247.88865
7614.00540	2468.51319
7750.34902	2371.76134
7607.92520	2478.46703
8943.09092	2130.92779
7946.56438	2297.16632
8323.34318	2175.05873
7629.84096	2457.36789
7560.97439	2516.54434
8423.31736	2158.27686
8172.11046	2203.91312
7689.64777	2411.51002
7986.12126	2273.82424
8045.10276	2249.87975
8107.32585	2219.14751
7670.13932	2427.36789
	
NSGA-II_11:	86
8745.94111	2093.61937
7399.46105	2519.80908
8213.22243	2121.39049
8605.41907	2118.39735
7534.74047	2351.81203
8667.22826	2115.40082
8134.50959	2143.17195
7814.58281	2233.19426
8073.52729	2144.09642
8606.24597	2116.32529
7577.54952	2331.13137
7942.57328	2178.87440
7414.65911	2462.23548
7412.91201	2481.08661
7850.28199	2213.12854
8040.33416	2150.02001
7954.11086	2172.72593
7863.93948	2206.75718
7645.76402	2298.71605
8168.49171	2133.46255
7830.53525	2215.04145
7769.68581	2255.94698
7702.37363	2286.07360
7896.02064	2192.33552
7739.99418	2270.88791
8745.11421	2095.69142
8710.86342	2107.56385
8028.79658	2156.16847
7412.08511	2483.15867
7409.70185	2498.86664
7501.23749	2381.37352
7483.32167	2387.58771
7641.70076	2306.51207
8164.15329	2140.65259
8005.25647	2163.96450
7790.41067	2240.34891
7428.36260	2432.30907
7902.52346	2190.55407
7551.69163	2340.58097
8712.74797	2099.54296
8677.67028	2113.48744
7446.27842	2426.09488
7935.76739	2190.42261
7938.71420	2188.12766
7590.55515	2315.27351
7656.04054	2292.56758
8180.02929	2127.31409
7474.73467	2404.38603
7822.55367	2221.70341
7706.80104	2276.81151
7580.27862	2321.42197
7613.68286	2313.13770
7679.42540	2289.11556
7415.48601	2460.16343
7402.07286	2516.50942
7707.62795	2274.73945
7457.77650	2411.07801
8144.95161	2141.25857
7487.09537	2383.22070
7424.07301	2443.36511
7816.05086	2223.48486
7513.56246	2364.28460
7523.01208	2360.20819
7976.59332	2170.87875
8062.81661	2148.17283
8202.51175	2125.46690
7505.32658	2373.04308
8699.59450	2111.54929
7450.36752	2417.76444
7418.94871	2451.17945
7479.78141	2396.53339
7758.77356	2265.97801
7987.30399	2166.80234
7617.45657	2308.77069
7784.17019	2247.50356
7403.75065	2508.75304
7561.14125	2336.50456
7424.89991	2441.29305
7678.59850	2291.18762
8024.45816	2163.35851
7776.18862	2254.16552
8712.74797	2099.54296
8027.73893	2162.11731
7740.82108	2268.81586
7757.94666	2268.05007
7408.87495	2500.93870
	
NSGA-II_12:	77
8150.65235	2137.50128
7560.21061	2507.70859
8139.11477	2143.64974
7577.39657	2463.44690
7577.94759	2439.42743
8099.50674	2146.26271
8056.28198	2166.19699
7819.24693	2264.72761
8023.18454	2167.64557
7857.66261	2246.46390
7778.27781	2288.93594
8008.04645	2180.98407
7570.18536	2477.68334
7659.32071	2364.64034
7722.07059	2324.94792
7667.43603	2362.23449
7880.03846	2239.09462
7808.53625	2268.80401
7639.54234	2391.72443
7803.49847	2272.88042
7644.01530	2383.32321
7685.91336	2352.32504
7934.12592	2208.07299
7565.72221	2494.08511
7939.89402	2205.75322
7609.17705	2413.08329
7579.55691	2437.71858
7624.90785	2401.75928
8012.47386	2171.72198
7729.83724	2319.11488
7901.61184	2223.93086
7990.67047	2183.50343
7919.53178	2216.50906
7659.05079	2375.86657
7929.07354	2216.10955
7965.44980	2199.55894
7614.19718	2405.83569
7894.31112	2232.56457
7625.36743	2397.01179
7950.60470	2201.67681
8149.82545	2139.57333
7979.95979	2187.57984
7704.61657	2335.17039
7831.20348	2258.69312
7739.76255	2312.53455
7792.78780	2276.95683
7715.32725	2331.09399
7675.20268	2356.40145
7750.21514	2310.25994
7606.08006	2420.62966
7564.76180	2496.24324
7767.56713	2293.01234
8074.33015	2158.88413
7584.78328	2427.06675
7870.44235	2242.59180
7560.34412	2507.62252
7755.51101	2304.38174
8088.79606	2150.33912
8098.67984	2148.33477
8022.35764	2169.71762
7784.92490	2283.15068
8087.96916	2152.41118
7690.21041	2341.78651
7575.77441	2466.51635
7571.79468	2475.97449
7763.37390	2298.18789
7654.59247	2379.33287
7912.18901	2219.94052
8066.99266	2162.12058
7886.19081	2234.43898
7979.13289	2189.65190
7841.05033	2252.94615
7966.92560	2197.93617
7846.95194	2250.54030
7690.21041	2341.78651
7595.49396	2422.99034
7586.39260	2425.35790
	
NSGA-II_13:	83
8202.66601	2138.36658
7570.94999	2486.17319
7590.57556	2468.88447
7591.46799	2438.61433
8126.05717	2155.76598
8169.47287	2144.29018
8201.83910	2140.43864
8039.83387	2178.47191
7696.20210	2334.84197
8007.46763	2182.32344
8093.69093	2159.61752
8068.68492	2173.36699
8154.08131	2152.73313
7808.95842	2261.72788
7678.29214	2340.89123
8126.88407	2153.69393
7698.41581	2325.57988
7637.47468	2381.92401
7917.29625	2216.35468
7826.53676	2251.23472
7724.92936	2308.37141
8079.12628	2165.98841
7571.77689	2484.10113
7984.51282	2191.98508
8154.90821	2150.66107
7601.58511	2430.62257
7939.82002	2205.77089
7606.62745	2421.86870
8061.12166	2174.58568
7931.75817	2212.14178
7624.15997	2383.54053
7822.25789	2258.09877
7580.45844	2476.87623
7667.61511	2354.00097
7669.00192	2346.81093
7891.13274	2222.85750
7745.05303	2293.06005
7682.06584	2336.52422
7869.32736	2231.00985
7953.88608	2204.55220
7657.73327	2361.30742
7711.86543	2318.65812
7639.68839	2372.66192
7845.61303	2238.71536
7970.77507	2196.28392
7608.06079	2403.15507
7784.50015	2277.31548
7800.89658	2268.09877
7644.28365	2368.22918
7868.00284	2236.57956
7608.88769	2401.08301
7838.37231	2240.49682
7913.52255	2220.72169
8048.17122	2175.47538
7863.71470	2238.58344
7610.27450	2393.89297
7702.18952	2321.21287
7738.32771	2306.68916
8092.86403	2161.68957
8006.64073	2184.39550
8168.64597	2146.36223
7650.17124	2367.68267
7714.81224	2316.36316
7961.12103	2200.25336
7930.93127	2214.21384
7614.86976	2389.46024
7778.45726	2284.77578
7752.29375	2291.27860
7791.73509	2273.01665
7774.68356	2289.14279
7741.27932	2297.42706
7830.31047	2246.86771
7992.90298	2188.69434
7607.53955	2411.85043
7880.11831	2229.00596
7741.27452	2304.39420
7607.45435	2419.79665
7902.73160	2222.72558
7883.89202	2224.63895
7766.09491	2289.88069
7819.31108	2260.39372
7876.56808	2229.22839
7985.33972	2189.91302
	
NSGA-II_14:	89
9672.61972	2120.69751
7812.14412	2820.25119
8918.17647	2145.13014
9518.11706	2143.71003
7814.86235	2708.16075
7814.82282	2762.67759
7812.18365	2765.73434
8764.83226	2166.36119
9625.94156	2138.33683
9519.27550	2141.92857
8235.35417	2334.59279
8421.54584	2251.49352
7832.36210	2663.60843
8159.74643	2335.04009
8861.24008	2162.96711
7834.07783	2635.32416
7845.94696	2625.96911
7846.50424	2599.46630
8707.89586	2184.19816
8760.76756	2174.73842
8625.13712	2189.06712
8501.50238	2240.32820
7870.60240	2537.96307
8612.13149	2204.92498
8240.86142	2322.09331
8330.54658	2308.84224
7870.04512	2564.46589
8068.74717	2392.38881
7858.17600	2573.82094
7856.59191	2595.96911
8914.11177	2153.50736
8349.73199	2293.03023
9668.55502	2129.07474
7998.09177	2432.14406
7985.08614	2448.00193
8086.67150	2388.29253
8292.56296	2315.59049
7899.80322	2510.32375
7827.28876	2672.30288
8299.44157	2312.33417
7972.18777	2478.25367
7996.83069	2443.85979
7882.34696	2533.82094
8568.20073	2206.90409
8087.93258	2376.57680
8556.35354	2220.98049
7973.44884	2466.53794
7823.78346	2691.89270
7823.46980	2702.44656
8053.71043	2402.38881
7984.93686	2463.04076
8115.29580	2366.27115
7958.55610	2488.42247
8028.66411	2409.13155
8118.50492	2353.56429
8402.44439	2269.87075
7884.76648	2520.32375
8569.35917	2205.12263
8537.37806	2235.66289
8872.65676	2160.98800
8719.31255	2182.21906
9627.10001	2136.55538
8524.98621	2238.52686
8539.94528	2226.35369
7960.44321	2482.39581
8025.45498	2421.83841
8239.70297	2323.87477
8623.97868	2190.84857
7910.38933	2507.96307
7883.60803	2522.10521
8406.50909	2261.49352
7929.21712	2489.09270
8379.14588	2271.79917
8027.50566	2410.91301
7868.50556	2572.10521
7844.66394	2632.96348
8099.67713	2372.43466
8143.55124	2346.82155
7913.02193	2500.87415
8155.03926	2343.32437
8105.49929	2369.42215
8117.34648	2355.34574
8377.09520	2282.72458
8375.93675	2284.50604
8350.89043	2291.24877
8014.50003	2426.77087
8380.30433	2270.01772
8502.66082	2238.54674
7928.05867	2490.87415
	
NSGA-II_15:	80
8796.64391	2093.68509
7403.04321	2594.13918
8656.12188	2118.46307
8263.92523	2121.45622
7431.32344	2508.32442
7410.80544	2555.88327
7405.82167	2591.43455
7430.10803	2541.51501
8253.21456	2125.53263
8795.81701	2095.75715
8712.74797	2099.54296
8113.51942	2148.23855
8180.02929	2127.31409
8040.33416	2150.02001
7993.71889	2170.11296
7572.33940	2387.13714
7691.20652	2312.66053
7938.97276	2186.06444
7536.88445	2402.48000
8706.75575	2110.87711
7451.09035	2461.44493
7421.52505	2553.43652
7943.40018	2176.80234
7672.69014	2326.74910
7954.11086	2172.72593
7610.51136	2358.35972
7749.24570	2268.41955
7447.44331	2489.42066
7479.54384	2442.37200
7447.91624	2472.86515
7830.53525	2215.04145
7635.49776	2338.27365
7727.64920	2282.02774
7882.41876	2206.28001
7896.02064	2192.33552
7655.64918	2328.78668
8169.31861	2131.39049
7816.78876	2223.48486
7490.16019	2437.30668
7506.64366	2425.78311
7429.28113	2543.58707
7548.06606	2390.29037
8005.25647	2163.96450
7812.44536	2233.91182
7519.10799	2408.44319
7676.23039	2317.80342
7706.47119	2294.50031
7773.18735	2251.63768
7583.31117	2370.32868
8711.92107	2101.61501
7921.07630	2190.53351
7538.27126	2395.28996
8677.67028	2113.48744
7787.80524	2243.10819
7460.38057	2455.52523
7508.99087	2416.43495
7587.21839	2365.87560
7448.74314	2470.79310
8028.79658	2156.16847
7698.23530	2303.25879
7852.40190	2212.90564
7441.90954	2505.96374
7760.18172	2267.49555
7616.63229	2344.64454
7720.26218	2288.04288
7763.73009	2259.97613
7801.12135	2236.27250
8143.12343	2139.83344
8124.23010	2144.16215
7863.11258	2208.82923
7581.92437	2377.51872
7893.72274	2196.70253
8039.50726	2152.09207
8153.83410	2135.75704
7612.72507	2349.09762
8154.66101	2133.68498
7445.34242	2497.88591
8656.94878	2116.39102
7881.59186	2208.35207
7460.24706	2455.61130
	
NSGA-II_16:	76
8203.20626	2132.31107
7433.41254	2487.82038
8124.49342	2154.09253
8063.51112	2155.01700
7434.23944	2485.74832
7717.52905	2273.41638
8027.60654	2171.03354
7900.96563	2199.10577
7943.26779	2185.71857
7749.89528	2269.56484
8030.31799	2160.94059
7682.45136	2287.36087
7750.72219	2267.49279
7446.86349	2449.09791
7448.61059	2430.24679
7791.44819	2254.11773
8170.01313	2138.23466
7449.43750	2428.17473
7458.02449	2411.37641
7442.82643	2468.95000
7900.13873	2201.17783
8062.68422	2157.08905
7867.77250	2205.02937
7663.67199	2292.27077
7714.81760	2283.50933
7631.30575	2296.12230
7854.76687	2220.88723
7995.24030	2174.88507
8157.68655	2148.16894
7542.14291	2356.21685
7562.93579	2343.12904
7536.15366	2364.08105
7866.94560	2207.10142
7630.47885	2298.19436
7618.30012	2311.98017
7444.36338	2454.23024
7976.46093	2179.79498
7443.65333	2466.87795
7468.61059	2409.01573
7820.58055	2239.56353
7571.55681	2334.98580
7584.11380	2330.65647
7487.43838	2390.14535
7508.61640	2377.67278
7554.69991	2351.88753
7570.72990	2337.05785
7808.02355	2243.89286
7953.99580	2182.32344
7715.64450	2281.43727
8029.49109	2163.01264
7503.18684	2381.99254
7664.49889	2290.19871
8164.84780	2147.49676
7554.98145	2345.21067
7524.36485	2369.51997
7551.90211	2355.92823
7800.22944	2249.96405
7681.62446	2289.43292
7586.41651	2328.58442
7480.02940	2396.83178
7526.39445	2364.36967
7837.53170	2228.33248
7821.40745	2237.49148
7601.06496	2319.42542
7617.47322	2314.05222
7601.89186	2317.35336
7488.26528	2388.07330
7473.77295	2403.22359
7513.44965	2374.28749
7791.44819	2254.11773
7848.94471	2223.89974
8169.18622	2140.30672
7458.85139	2409.30435
7848.11781	2225.97180
7838.35860	2226.26042
7987.18893	2176.39985
	
NSGA-II_17:	85
8890.92485	2095.53274
7302.06124	2529.04551
8358.20617	2123.30387
8668.66204	2123.22076
8744.44398	2107.89342
8322.12721	2133.75117
8211.72530	2135.66455
8720.69912	2122.32616
8072.03016	2158.37047
7367.06593	2457.96272
7317.74917	2504.33361
7494.48978	2371.72001
7679.29191	2296.61874
7411.45357	2424.82517
7610.83969	2308.09257
8048.28530	2172.80321
8187.98044	2150.09729
8135.94336	2150.99189
7996.24823	2173.69782
7540.85483	2339.25790
7364.47313	2466.14229
7569.44183	2320.09890
7317.22793	2513.02897
7303.40938	2518.27810
8124.40578	2157.14036
8061.31949	2162.44688
7770.38659	2248.47544
7576.77154	2316.24539
7603.50997	2311.94608
7780.82029	2236.14525
7716.20015	2275.65700
7479.60101	2375.66617
7806.04096	2220.08974
7352.72615	2471.90720
7887.49882	2205.05300
7972.50336	2188.13055
7385.90840	2448.31547
7436.67424	2408.76965
7562.43176	2330.18988
7332.82328	2497.04704
7382.14004	2450.67615
8739.27866	2117.15552
8668.66204	2123.22076
8056.15416	2171.70898
8195.84930	2149.00306
7652.55348	2300.91805
7709.66878	2284.23187
7799.50959	2228.66461
7933.10454	2190.75172
7971.02756	2189.75333
7985.53755	2177.77422
7450.18712	2396.89722
7477.24774	2384.37129
7530.70828	2348.02685
7425.79335	2410.88068
7751.40640	2257.37631
8201.01462	2139.74096
7455.20725	2389.64962
7745.16592	2264.53096
7515.63416	2355.31341
7823.25446	2214.23187
7396.05496	2439.54653
7857.32260	2206.07906
7346.91255	2490.60256
7461.71006	2387.86817
7425.46885	2418.31547
7645.22376	2304.77156
7506.66163	2363.14024
7302.88814	2526.97346
8332.83788	2129.67477
7347.43379	2481.90720
7406.75100	2432.58953
7690.97948	2291.71252
7816.75164	2216.01333
7899.03639	2198.90453
7336.59164	2494.68636
7921.56696	2196.90018
7845.78502	2212.22752
7726.91083	2271.58059
7545.04806	2334.08236
7351.20214	2479.54653
8125.23268	2155.06830
7932.27764	2192.82377
7898.20949	2200.97659
7856.49570	2208.15111
	
NSGA-II_18:	85
8668.36127	2111.50895
7416.10389	2627.31482
7429.82527	2600.07713
7418.96529	2608.32904
7441.32265	2544.84660
7467.79011	2483.26108
8392.83702	2136.16458
8569.05057	2122.90732
7556.88120	2405.74574
7453.17763	2536.43040
7598.96083	2352.82908
7742.58449	2247.63548
7460.82224	2503.49245
7956.14627	2195.97311
7434.93702	2576.83807
7883.85182	2209.60221
7479.62875	2458.77109
7547.25627	2420.97363
7500.89122	2453.43574
7457.80489	2524.78052
7466.35678	2501.97471
8490.98382	2125.49241
8585.80501	2121.28455
8361.94044	2137.78736
7634.45267	2332.63143
7575.36013	2396.37471
8055.45379	2182.81988
7915.75866	2205.52581
8110.66967	2166.32392
8345.18599	2139.41014
8298.01583	2140.37245
8521.88040	2123.86963
8127.42411	2164.70115
8174.58286	2158.94534
8616.70159	2119.66177
7623.66025	2345.46892
8064.94482	2174.88996
7925.24968	2197.59588
7849.46775	2212.92323
7724.69354	2259.83748
8095.84140	2173.26718
7972.15110	2191.09307
8267.11925	2141.99522
8246.35615	2148.52526
8413.60012	2129.63454
7477.41504	2468.03319
7509.79357	2447.96699
7470.00382	2473.99898
7556.15862	2415.50488
7576.13582	2381.62684
7706.21461	2269.20852
7523.78009	2435.57108
7696.21944	2280.09759
7510.51615	2438.20786
7525.99380	2426.30898
8023.54696	2186.89629
7645.32588	2320.36696
7439.51962	2560.80652
7805.11827	2234.19165
7813.23829	2225.15245
7625.51591	2334.76921
8030.87667	2183.04278
7891.18154	2205.74870
8198.70512	2151.77082
7668.58140	2300.38622
7588.77295	2374.70348
7772.00624	2243.21873
7749.91421	2243.78197
7783.98235	2235.62915
7678.32849	2292.29959
7659.12698	2311.42977
7815.39960	2221.07604
8620.71024	2114.75450
7989.16288	2190.21730
7659.84956	2301.67063
7839.97672	2220.85315
8668.36127	2111.50895
8215.45957	2150.14804
8637.46469	2113.13173
8474.22937	2127.11518
8444.49670	2128.01177
7598.43959	2361.52443
8191.33731	2157.32256
7579.90418	2379.26617
7846.47953	2219.07169
	
NSGA-II_19:	84
8268.51514	2123.75117
7478.15196	2573.99107
8089.12481	2163.64028
7488.12671	2543.96583
8045.84754	2164.15657
7525.74046	2482.41533
7792.28292	2267.53499
7830.95491	2234.03749
7555.15436	2461.18428
7618.85754	2393.94287
8235.60594	2125.69457
7750.77518	2294.81436
7828.19963	2244.52247
8001.60764	2185.66809
7483.53006	2560.45367
8098.54986	2154.48126
7550.13423	2468.43188
7752.12239	2284.43443
7614.76487	2402.30022
7985.31023	2187.18943
8160.11065	2145.00537
7664.69693	2357.73754
7558.79942	2449.78934
7890.96138	2216.01333
7638.76041	2368.80304
8032.76897	2171.92455
8177.18787	2143.55353
7846.22694	2230.83090
8004.44968	2176.16290
7569.46714	2427.24599
7813.71286	2246.68877
7896.44031	2211.33157
7668.17430	2347.57198
7515.76571	2512.44058
8108.45097	2153.15819
7696.33643	2331.22784
7654.11082	2360.09822
7649.34651	2366.44236
7777.79615	2269.70128
8211.43865	2131.68109
8184.77316	2131.77533
7775.99585	2278.75885
7564.22298	2431.22944
7968.69844	2187.61148
7521.14380	2498.90317
7734.88034	2297.08571
7563.39468	2445.35660
8149.38264	2148.40050
7512.52048	2529.98237
7504.45341	2539.49577
7585.08025	2424.72663
7542.14872	2475.26068
7513.34738	2527.91031
7910.92707	2209.16527
7935.45720	2193.69224
7869.97180	2216.39817
8011.77939	2172.30939
7771.40059	2283.19158
8212.26555	2129.60904
8038.51782	2168.01009
7592.38510	2414.88531
7677.58496	2346.86083
7862.64209	2220.25168
7622.95040	2384.14740
7624.42620	2382.52463
7682.04891	2340.48994
8126.04226	2152.31496
7928.12748	2197.54576
7588.61674	2417.24599
7502.97760	2541.11855
7956.44678	2193.30741
7917.42988	2207.38381
7800.71412	2257.34060
7717.59293	2318.40610
7962.94959	2191.52595
7697.48783	2321.72100
7728.37753	2298.86716
7698.96363	2320.09822
7721.88160	2307.73754
7482.70315	2562.52572
7520.31690	2500.97523
7805.73424	2250.09300
7721.36129	2316.04542
8183.94626	2133.84739
	
NSGA-II_20:	84
8734.61882	2131.99659
7577.43716	2602.65068
8341.14196	2133.46255
7585.96530	2570.00138
7596.20610	2549.05895
7604.51760	2512.03296
7600.30973	2516.10936
7608.83788	2483.46006
8316.60058	2137.76139
7635.30422	2420.41407
8276.62547	2151.61304
7630.09819	2435.20804
7613.87265	2477.31160
8190.40217	2174.31896
8056.45093	2201.56787
7625.10460	2457.89471
8145.52965	2175.77806
7990.96554	2224.27379
7625.89033	2439.28444
7841.98310	2292.23243
7704.35861	2373.35816
7595.37920	2551.13100
8053.20128	2207.65050
7664.71812	2399.18301
7593.29502	2566.14787
8013.22505	2218.70653
7772.09862	2328.01768
8038.59334	2212.33564
8301.16686	2147.31420
8252.71215	2161.32441
7794.99639	2315.49983
8273.87257	2159.02993
8237.60858	2167.47090
7618.25178	2464.58968
8127.49108	2178.29545
7744.28376	2353.51322
7648.10724	2410.75243
7947.74078	2244.20807
7788.55971	2321.94183
8119.51246	2180.07690
7931.20536	2245.20923
7746.89259	2345.17233
8111.40845	2185.77620
7763.50347	2333.60291
8078.71045	2196.00061
7657.65947	2408.45748
7703.06590	2380.80143
7811.87834	2309.35137
7826.88514	2299.59911
7781.98240	2324.23187
7929.27936	2250.55407
7891.36156	2263.13915
7753.39540	2343.39087
8248.50429	2165.40082
7955.74674	2240.91039
7681.72899	2385.44497
8214.94356	2170.02012
8092.21817	2191.79263
7679.15258	2390.51281
7892.18847	2261.06710
7734.08957	2354.83397
7644.85645	2418.11911
8215.77046	2167.94807
7914.62175	2251.06710
7821.82619	2306.30195
8014.05196	2216.63447
7868.27514	2270.77847
7875.60486	2266.92496
7715.28096	2366.66319
7908.11894	2252.84855
7724.01280	2365.37877
7969.39647	2234.21904
7986.75767	2228.35020
7973.60433	2230.14263
7856.29903	2278.36805
7807.67048	2313.42778
7903.91108	2256.92496
7668.92598	2395.10660
7674.94471	2394.58922
7689.26970	2382.52105
7729.88171	2358.91038
8301.99376	2145.24214
8028.56186	2214.35096
7852.09117	2282.44446
	
NSGA-II_21:	86
8951.21301	2104.85042
7561.09821	2537.13919
8222.69267	2132.62155
8810.69098	2129.62840
8811.51788	2127.55635
8904.86640	2122.78034
8158.30749	2154.85031
8082.99754	2155.32747
7566.29363	2515.22581
7561.92511	2535.06713
8046.96298	2177.49051
7967.36034	2199.26445
7593.08328	2466.35198
7623.32408	2443.04887
8916.13533	2118.79491
7996.77424	2178.03340
7732.64836	2313.50503
7646.35836	2405.96519
7640.68244	2419.75100
7707.46400	2327.29084
7920.45204	2199.41625
8077.83221	2164.58957
7694.75712	2345.86376
8047.91985	2169.27196
7810.93460	2254.42821
7604.49629	2461.91924
7658.00267	2375.86376
7616.48839	2455.40955
7587.07449	2476.64060
7622.49718	2445.12092
7573.12932	2502.86513
7713.97765	2320.59395
8221.86577	2134.69361
8197.32438	2138.99244
8945.22079	2116.18458
7637.79265	2429.74412
7852.90898	2244.35093
7807.85527	2265.14577
7862.90712	2243.59472
7983.76861	2193.89126
7826.68306	2246.27540
7755.73737	2296.58327
7743.39154	2299.36289
7877.20562	2238.57723
7891.03815	2220.64731
7906.61951	2217.34617
7703.23446	2334.73609
7655.77225	2387.09481
7918.66827	2209.70685
7656.59915	2385.02276
7647.18526	2403.89313
7677.22320	2350.59395
7781.52071	2275.65927
7994.99046	2188.32400
7775.00706	2282.35616
7675.81968	2359.75295
7648.58878	2394.73413
7576.53443	2494.28338
8946.04769	2114.11252
8950.38611	2106.92248
7878.92024	2228.49307
7878.65557	2235.44190
8196.49748	2141.06450
8187.61498	2146.56604
7582.54322	2483.99475
7567.12053	2513.15375
7971.55357	2194.08891
7797.92897	2270.28608
7609.65864	2456.12711
7826.68306	2246.27540
7739.98891	2304.73609
8186.78808	2148.63809
7573.95622	2500.79307
8162.24670	2152.93693
7769.40280	2283.50503
7668.58878	2373.50308
7759.14000	2291.21008
8082.04066	2163.54602
8047.09295	2171.34402
8082.17064	2157.39953
7995.94734	2180.10545
7919.62514	2201.48831
7668.63621	2367.39227
7639.85554	2421.82305
7724.56375	2318.23327
7678.05010	2348.52189
	
NSGA-II_22:	79
9332.33450	2097.74162
7639.78381	2759.81317
8603.81416	2125.51275
9192.63937	2120.44755
7644.81962	2704.03577
7639.78381	2759.81317
8121.94257	2261.70706
7650.63191	2661.73019
7684.14965	2559.43524
9264.06368	2117.60970
7965.17382	2309.94617
8221.12698	2219.16371
7882.43242	2360.38332
8464.11903	2148.21868
7655.31961	2636.27093
7852.96890	2388.86524
7942.31516	2340.92399
8172.13131	2261.16417
8535.54334	2145.38083
8336.36393	2200.00142
7920.75799	2356.26779
7653.88628	2654.98456
7663.25596	2625.07978
7647.44084	2687.54534
7672.73138	2569.43524
8517.59086	2148.21868
7665.82996	2604.15660
7670.51767	2578.69733
8304.94373	2204.41295
7684.87606	2539.21680
8598.64884	2134.77485
9327.16918	2107.00372
8458.95370	2157.48077
8078.49227	2290.57875
8029.44852	2303.32788
8202.29919	2238.03408
7946.34603	2328.81654
7714.47906	2485.71961
7722.52427	2481.16160
8048.99057	2295.19541
8299.41428	2207.36169
8081.44389	2281.31665
7790.06733	2436.22691
8256.74492	2210.87943
8099.81466	2269.29664
7997.84496	2303.95685
8355.57185	2184.65577
7810.10539	2417.01806
8173.08818	2252.94562
9297.25682	2111.68611
8568.73648	2139.45724
8429.04134	2162.16316
7647.30733	2687.63141
7644.81962	2704.03577
7794.35693	2425.17088
7726.81386	2470.10556
7880.15290	2376.96248
7878.69308	2383.91948
7688.82065	2535.94493
8098.85122	2279.05578
7768.57358	2446.09488
8395.84821	2168.08676
7827.47336	2405.10468
8340.02141	2190.46846
8253.79812	2213.17439
7923.01641	2348.80966
8355.76782	2178.51418
8377.89573	2170.92460
7710.18946	2496.77565
7701.47343	2501.57748
7657.53332	2627.00883
7837.22044	2397.01806
7670.15738	2590.35842
7742.56232	2461.95274
7752.82513	2454.24769
7697.18383	2512.63351
7691.05107	2524.71388
8198.26832	2250.14153
8195.32151	2252.43648
	
NSGA-II_23:	86
9212.01695	2115.93982
7545.74569	2600.65713
8832.04451	2139.87811
8569.61667	2140.37245
7545.74569	2600.65713
8273.94505	2154.40369
9049.91814	2129.92328
7553.33668	2552.52969
7587.25055	2479.90452
7555.56710	2541.29863
7567.92525	2499.72859
8916.34533	2129.97107
8407.51786	2154.35590
7588.44325	2452.16974
7570.15567	2488.49753
7678.29045	2334.16618
7632.30519	2367.41955
7739.67415	2282.76034
7881.72711	2216.79225
8522.71526	2146.87526
8538.72009	2141.99522
8869.44391	2136.47388
7770.73708	2273.17599
8189.64424	2164.31074
8002.22703	2189.91760
7806.18770	2246.09395
7917.91997	2201.44940
8057.61510	2178.74347
8030.87667	2183.04278
7777.80332	2259.05672
8064.94482	2174.88996
7589.27015	2450.09768
7825.69614	2228.45463
7627.88093	2381.94326
8142.74282	2166.76437
8023.54696	2186.89629
7750.82336	2277.24282
7592.47670	2424.97876
7853.26147	2222.08326
7590.24628	2436.20981
8196.14705	2162.52928
8838.54733	2138.09666
7732.82248	2294.04114
9181.12037	2117.56260
8885.44875	2131.59384
8243.04847	2156.02647
8227.04363	2160.90650
8095.84140	2173.26718
9165.11553	2122.44264
7648.87656	2355.39724
7693.73959	2329.15422
7954.36481	2195.97311
7645.92494	2364.65933
7605.15858	2414.49051
7664.32569	2350.38528
7723.07539	2302.12776
7710.26026	2303.99140
7807.21722	2237.82566
7789.77943	2251.46714
7925.24968	2197.59588
7555.56710	2541.29863
7553.33668	2552.52969
7567.92525	2499.72859
8437.59378	2153.18043
9079.99406	2128.74781
7696.69120	2319.89212
7609.48018	2396.21732
7703.83562	2310.67588
8491.81867	2148.49804
9134.21895	2124.06542
7815.94906	2236.54125
8111.84624	2168.38715
8569.61667	2140.37245
7623.38833	2390.12548
9110.09327	2125.71542
8467.69299	2150.14804
7665.48744	2343.82782
7615.30171	2396.18099
7883.85182	2209.60221
7972.15110	2191.09307
7972.15110	2191.09307
7764.23426	2274.95744
7608.07666	2405.37632
7891.18154	2205.74870
8111.84624	2168.38715
7655.37937	2353.61578
	
NSGA-II_24:	79
9380.57465	2186.67136
8102.42049	2650.56468
9325.09259	2200.36619
9084.90303	2200.70260
8817.96931	2258.56771
8667.47804	2259.45258
8124.84145	2607.26298
8127.76517	2566.81922
8662.31271	2268.71468
8589.96004	2269.21266
9084.42853	2201.24911
9001.55125	2201.39272
9333.67324	2193.17417
8186.43661	2475.61742
8102.62480	2636.42254
8925.22906	2222.77557
9378.02232	2192.62843
8221.62827	2443.58961
8503.73674	2291.91859
8963.92123	2221.29428
8184.47904	2493.26176
8113.30387	2613.41145
8369.45045	2338.31051
8152.12587	2530.36246
8133.37681	2548.25502
8357.01669	2348.37623
8108.28945	2628.49950
8888.84997	2239.33863
8191.27436	2469.76644
8542.87027	2289.85212
8166.47881	2519.44658
8268.40821	2411.47528
8336.93637	2354.16837
8235.24570	2432.32119
8201.62827	2464.82067
8839.00576	2245.48150
8146.47881	2540.67764
8578.42246	2275.36113
8836.45342	2251.43857
8434.93584	2315.60458
8128.53905	2554.10600
8154.20371	2524.95190
8246.09068	2423.54536
8820.04714	2253.15715
8896.36933	2231.77429
8471.22266	2307.77645
8431.30674	2325.47266
8554.88235	2283.15715
8452.14934	2309.74672
8324.56987	2362.09829
8212.10126	2446.46332
8863.74055	2241.92678
8281.70636	2390.25111
8177.90517	2509.47595
8145.65191	2542.74969
8492.19916	2298.06705
8209.58104	2461.47528
8312.96504	2370.38256
8304.78354	2378.24478
8992.64397	2213.75340
9001.07675	2201.93923
8914.02655	2226.71721
8260.45543	2414.82067
8402.42177	2331.46245
8912.77562	2230.05572
8966.47356	2215.33721
8434.10894	2317.67664
8666.65114	2261.52464
8178.81439	2501.18480
8293.24596	2384.39325
8124.01455	2609.33504
8419.63526	2325.60458
8268.85059	2401.87389
8164.91438	2520.87549
8992.16947	2214.29991
8386.66394	2332.45264
8209.88755	2455.72542
8270.10153	2398.53538
8480.59231	2306.06072
	
NSGA-II_25:	83
8486.87804	2135.17988
7555.57264	2532.02669
8406.97099	2137.69924
8061.94319	2191.15217
8141.85024	2188.63281
8372.63121	2151.64372
8006.48798	2194.60419
8061.11629	2193.22423
8318.22192	2152.28868
8180.73607	2188.45770
7898.12345	2234.15689
7965.09012	2206.61052
7975.36664	2200.46205
7558.26706	2496.24242
7557.43939	2522.73391
8381.60270	2144.07013
8283.88214	2166.23316
8292.85364	2158.65957
7557.74582	2504.93777
7876.31117	2242.82273
7697.90604	2372.67253
7676.49642	2394.19062
7646.81180	2416.61702
7721.34924	2354.19062
8213.43408	2178.23330
7579.10966	2480.51647
7735.68902	2340.24613
7601.90293	2458.44993
7826.25113	2275.03162
7756.95228	2333.69746
7602.42417	2449.75457
7822.18787	2282.82764
7706.37550	2366.09711
7668.16764	2401.33838
8234.96720	2178.10137
7572.08560	2490.99329
8258.51385	2172.60406
7904.47865	2224.47227
7617.76900	2441.27265
7943.49554	2208.61440
7758.10368	2324.19062
7713.71605	2357.32817
7923.34412	2218.10137
7772.44347	2310.24613
7661.15159	2402.67253
7683.56625	2386.61702
7588.08439	2463.69906
8317.39502	2154.36073
7846.89728	2264.05379
7587.56314	2472.39442
7658.02108	2410.10733
7732.55852	2347.68092
7997.92460	2199.08209
7769.02911	2318.49143
7798.44301	2297.26037
7713.25087	2364.19062
7830.02484	2270.66461
8206.10436	2182.08681
8188.06579	2184.60419
7572.60684	2482.29793
7939.72183	2212.98141
7639.17862	2419.75457
7860.43019	2259.39816
7624.83883	2433.69906
7632.10879	2427.32817
7866.39400	2252.84949
7697.58154	2380.10733
7767.55331	2320.11421
7879.25798	2240.52778
7781.89309	2306.16972
7743.12994	2336.09711
7804.80417	2286.72012
7676.96160	2387.32817
7801.85736	2289.01507
7556.09388	2523.33134
7690.83621	2380.24613
8272.70222	2168.14654
7864.91820	2254.47227
7557.74582	2504.93777
7901.53184	2226.76722
7999.15826	2198.45770
7775.39028	2307.95118
7796.96720	2298.88315
	
NSGA-II_26:	76
8938.31537	2106.83715
7554.61301	2629.97880
8766.89675	2133.23790
8405.59669	2134.60827
7555.43991	2627.90674
7557.54412	2568.15652
8318.46973	2156.16532
8861.07218	2126.38984
8798.62024	2129.54307
7670.50938	2416.19176
7985.07886	2273.27220
8024.06827	2251.16573
8187.65956	2188.73933
7662.48428	2426.72031
7824.93077	2323.37690
7930.43742	2289.32771
7643.87044	2450.79672
7575.92114	2514.91925
7614.74893	2474.81781
8133.12213	2217.81614
8903.97559	2120.78163
7612.51851	2486.04887
7585.33503	2496.04887
8265.90156	2157.31420
8158.24567	2209.97038
8026.36323	2239.38428
7920.62562	2303.73796
7886.95779	2319.52536
7633.62964	2471.73915
8170.42440	2196.18458
7761.17710	2358.55244
7686.91765	2410.81857
7699.92328	2394.96070
8200.66519	2172.88146
7781.73899	2349.92199
8340.36033	2150.17554
8071.41369	2221.36338
7987.69516	2263.02255
7564.04693	2552.29865
7789.76409	2339.39344
7566.27735	2541.06760
7573.69072	2526.15030
8374.70011	2136.23105
7790.59099	2337.32138
8907.41879	2108.45992
8235.00498	2158.93698
8767.72365	2131.16585
8873.07901	2122.40441
7722.22103	2384.32812
7901.02352	2310.55877
8059.87611	2227.51185
7640.06475	2461.44855
7759.71190	2370.17522
8138.12105	2211.34841
7583.10461	2507.27993
8363.98943	2140.30746
7855.82736	2321.75412
8189.12761	2179.02993
7954.18228	2274.89498
8906.59189	2110.53198
8102.31027	2219.74061
8102.31027	2219.74061
8007.66001	2256.53893
7692.80713	2405.55918
7639.23785	2463.52060
8223.46740	2165.08544
8037.07390	2235.30787
7953.35538	2276.96703
7735.08996	2378.94416
7821.48757	2335.69861
7823.46558	2334.99967
8405.59669	2134.60827
7656.87607	2434.93885
7649.47865	2442.57817
7752.32509	2371.15304
8199.83829	2174.95352
	
NSGA-II_27:	82
8678.96284	2137.29778
7743.39480	2543.65182
8539.26771	2160.00371
8600.98790	2159.07924
7825.06299	2453.14618
8174.95760	2290.74358
8498.74794	2179.26580
8646.50761	2143.22138
8472.47269	2179.87179
8368.26387	2206.46136
7965.74343	2364.68187
8185.89256	2278.88356
7914.90380	2397.57892
7943.28818	2384.61614
7782.08004	2490.27796
8156.47867	2300.11462
8537.10640	2164.08012
8031.22883	2341.97595
8231.27291	2263.00971
7891.69755	2411.39801
8260.40246	2257.85015
8226.16479	2269.38107
8088.10503	2320.12876
7989.69804	2360.47401
8397.72336	2196.22280
8419.16577	2192.70963
8251.93885	2262.06433
7853.44737	2440.18341
7944.31770	2376.34786
8451.62100	2186.78604
8676.80153	2141.37419
8631.28182	2157.23206
8506.81248	2165.92730
8421.32708	2188.63322
7824.03347	2461.41446
8302.77848	2229.16728
8263.35407	2248.58806
8504.65116	2170.00371
7757.09830	2513.72540
8395.56205	2200.29921
8129.63581	2301.63070
7839.98591	2443.26165
8159.09531	2291.39215
8359.59974	2212.31922
8281.35274	2240.83327
7798.48830	2484.90477
7913.87428	2405.84720
8353.92409	2220.40584
8322.92009	2228.97847
8016.25760	2354.93872
7926.87991	2389.98934
8064.15042	2324.33663
8204.37149	2269.51252
8329.67989	2222.66447
8120.18619	2305.70711
8013.31079	2357.23367
7854.47689	2431.91512
7769.07441	2506.13582
7770.10393	2497.86754
7752.80870	2524.78144
7747.68440	2532.59578
8021.77920	2346.05236
7875.90262	2420.24914
8194.62441	2277.59915
7776.60674	2496.08608
8064.15042	2324.33663
8115.29603	2315.57519
8453.78231	2182.70963
7799.51782	2476.63648
7808.24967	2475.35207
8091.05184	2317.83381
8052.17431	2331.92621
8293.32885	2233.24369
7866.45300	2424.32554
7992.64485	2358.17906
8633.44313	2153.15565
7817.99675	2467.26545
8042.72468	2336.00262
8361.76106	2208.24281
8108.79321	2317.35665
8347.42127	2222.18730
8197.86867	2271.29398
	
NSGA-II_28:	74
8840.52944	2149.92262
7973.69617	2702.39392
7991.74695	2585.03629
7990.76047	2635.12540
8023.66021	2519.17843
8641.64517	2213.25852
8662.32176	2200.22361
8135.57474	2414.75455
8018.31584	2553.89979
8816.13567	2163.90608
8763.03772	2164.85730
8123.85040	2442.47108
8362.58311	2290.49387
8223.74412	2358.91497
8699.73109	2182.28330
7975.66773	2690.36165
8676.81313	2194.64398
8059.21825	2500.76223
8694.60005	2193.07585
8523.99096	2244.70971
8569.51067	2228.85184
8102.86614	2459.95172
8008.90424	2580.89416
8323.72818	2327.75858
8491.60146	2250.63330
7990.45404	2649.06989
8433.06618	2270.44802
8276.18440	2352.47994
8291.33868	2333.68217
8081.83107	2482.96423
8587.29759	2227.28371
8255.07354	2355.55460
8394.73943	2285.06145
8092.96069	2465.32491
8745.25080	2166.42543
8740.11976	2177.21798
8013.36972	2558.88794
8410.14822	2282.80870
8537.12117	2234.77543
8616.80205	2216.08148
8323.99905	2316.97483
8421.11838	2270.67915
8064.97892	2492.54369
7975.86935	2675.30500
8618.27786	2214.45870
8288.28994	2347.55896
8509.38837	2249.06516
8042.06096	2504.90437
8471.29480	2263.18742
8083.30688	2481.34146
8478.58589	2254.59015
8111.36145	2451.05086
8176.89345	2388.11981
8123.85040	2442.47108
8256.13362	2352.99137
8200.82616	2371.27565
8153.97549	2400.48049
8817.61148	2162.28330
8339.66515	2302.85455
8467.20769	2264.61675
7981.64774	2670.02636
8722.33284	2178.78611
8177.72035	2386.04776
8554.90808	2233.20730
8199.35035	2372.89842
8452.44780	2267.31879
7986.99897	2657.66568
8305.59830	2331.24889
8514.20320	2247.13611
8152.49969	2402.10327
8040.58516	2506.52715
8338.18934	2304.47733
8010.14770	2570.76223
8287.46304	2349.63101
	
NSGA-II_29:	81
8519.76865	2164.29018
7679.09523	2692.28573
8380.07351	2186.99610
8463.56853	2182.37748
7690.85149	2689.61940
7691.71928	2655.63532
7694.29328	2634.71214
7955.63940	2379.50859
8228.97411	2249.02039
7928.11270	2402.12354
8245.38237	2243.64720
7712.61297	2589.99078
7850.13996	2447.36972
7941.11833	2386.26568
8190.81066	2276.34986
8248.45156	2235.46498
8348.30123	2196.50363
7849.22802	2456.71789
7808.28097	2500.30125
7797.15705	2504.82454
7711.20913	2610.60831
7770.32460	2523.22770
7965.57585	2371.83294
8203.19737	2267.00169
8157.84556	2302.39522
7831.27332	2469.36917
7730.56767	2577.33950
7809.49186	2489.21049
8317.18272	2214.97447
8487.99636	2173.79771
8282.81583	2219.20955
7692.88944	2655.32967
7788.27930	2510.57642
8323.87340	2205.08341
8215.17348	2259.41211
8371.68609	2193.05161
8511.38122	2170.34569
7766.47663	2540.25255
7760.76035	2543.21171
7698.45297	2628.54862
7737.06273	2561.48361
7878.64191	2435.48683
7832.18526	2460.02100
8258.38800	2227.78933
8122.96541	2310.56323
7988.96071	2368.38092
8087.36769	2328.03568
7861.59915	2438.78994
8221.67630	2257.63065
8021.60681	2360.17057
8120.01380	2319.82533
8024.55843	2350.90847
7710.03897	2610.91396
7911.70444	2407.49674
7879.55386	2426.13866
8164.34838	2288.31882
7787.36735	2519.92458
8191.72261	2267.00169
7743.84886	2559.10590
8174.28482	2280.64316
7901.76799	2415.17239
8139.40121	2305.96957
8306.20069	2215.75754
7818.93851	2484.98322
7821.89012	2475.72112
8063.98283	2331.48770
7720.75818	2581.46658
7888.09634	2424.44328
8105.01071	2323.21451
8006.60373	2363.55975
8039.52532	2345.92043
7778.86708	2521.53231
8170.85119	2286.53736
8062.74982	2338.53896
8264.89082	2226.00787
8341.79841	2198.28509
8470.07135	2180.59603
7748.99071	2552.52251
8054.04639	2339.16335
8161.39677	2297.58091
8380.07351	2186.99610
	
NSGA-II_30:	81
8606.24597	2116.32529
7382.64620	2595.65644
8073.52729	2144.09642
8529.09688	2139.78020
7384.15998	2561.10031
7383.47310	2593.58438
7439.39859	2484.23775
7750.72219	2267.49279
7935.17729	2193.69782
7997.20510	2165.47927
8529.92378	2137.70814
7567.93929	2367.84714
7462.47858	2427.23101
7422.48880	2490.43771
7801.26609	2262.69323
7401.46290	2525.82167
7400.06457	2545.08377
7441.45268	2462.61497
7417.36748	2509.80513
7411.75350	2517.73505
7457.35727	2446.59843
7962.12741	2179.42376
8071.74352	2154.38702
8038.44960	2158.04091
7685.27373	2310.88688
7657.78010	2312.27987
8570.34138	2132.34183
8037.62270	2160.11296
7931.88662	2202.72687
7853.43687	2232.36366
7842.23521	2238.48490
7826.48675	2246.63772
7887.68766	2220.49123
7869.18533	2224.21085
7622.70242	2326.22436
7532.86160	2381.79163
7713.86072	2291.72788
7748.93841	2277.78339
8604.46220	2126.61589
8571.16828	2130.26978
7715.64450	2281.43727
7995.42132	2175.76987
7442.27958	2460.54292
7473.06469	2424.87033
7583.20910	2348.80991
7606.95396	2334.37718
7457.20114	2454.46216
7597.48175	2342.27987
7551.36393	2378.07201
7911.43243	2208.13055
7839.77144	2245.44190
7576.71316	2357.68029
7507.64094	2397.84714
7960.34364	2189.71436
7491.89248	2405.99996
7812.82132	2259.71596
7903.43612	2212.33842
8072.57042	2152.31496
7996.24823	2173.69782
7852.60997	2234.43572
7552.31940	2371.66375
7691.89964	2295.87001
7399.23767	2547.15582
7394.45058	2553.01369
7818.49035	2252.91764
7686.23060	2302.66833
7641.20475	2322.50475
7487.69925	2411.17550
7478.22704	2419.07819
7690.42383	2297.49279
7749.76531	2275.71133
7961.17054	2187.64230
7714.68762	2289.65582
7749.89528	2269.56484
7714.81760	2283.50933
8605.41907	2118.39735
8605.28910	2124.54383
7642.03165	2320.43269
7517.11315	2389.94444
7433.07490	2488.07703
7581.73329	2350.43269
	
Math-AUGMECON-II_1:	70
7268.35341	2524.16547
7308.56380	2487.65714
7310.53539	2485.45413
7312.52469	2473.60695
7317.11995	2469.17421
7324.26248	2463.04371
7332.47023	2457.81481
7342.74141	2453.67267
7351.98705	2447.30131
7355.38820	2445.45413
7359.98346	2441.02139
7366.48627	2439.23994
7371.25211	2426.52491
7377.74574	2419.94513
7380.69255	2417.65017
7394.14447	2408.43782
7400.64728	2406.65636
7412.41603	2399.81321
7414.11562	2398.37209
7427.53056	2391.83190
7436.69915	2384.94110
7438.17496	2383.31832
7454.57138	2374.10161
7461.07420	2372.32015
7462.05333	2368.79952
7467.58655	2364.37786
7470.53336	2362.08291
7483.98528	2352.87055
7490.48809	2351.08910
7502.25684	2344.24594
7507.73014	2338.43782
7514.23295	2336.65637
7567.31711	2327.28894
7569.44183	2320.09890
7570.26873	2318.02685
7573.21553	2315.73189
7608.35094	2305.78394
7609.17784	2303.71188
7630.47885	2298.19436
7631.30575	2296.12230
8747.61049	2087.31409
8667.70345	2089.83345
8622.00519	2093.90985
8583.02762	2098.58251
8073.52729	2144.09642
8062.81661	2148.17283
8040.33416	2150.02001
8024.45816	2163.35852
8005.25647	2163.96450
7964.74988	2171.40286
7954.11086	2172.72593
7921.27227	2184.39192
7911.71970	2188.18520
7877.78867	2194.10879
7844.95008	2205.77478
7826.20126	2211.93692
7821.17425	2213.71838
7816.75164	2216.01333
7815.49059	2216.01333
7799.25115	2226.21098
7787.61729	2228.14003
7776.90661	2232.21644
7760.71587	2234.64285
7754.21305	2236.42430
7753.38615	2238.49636
7743.50237	2240.50071
7726.43603	2252.77041
7687.11935	2276.63840
7684.53293	2278.76510
7674.08070	2285.29515
	
Math-AUGMECON-II_2:	30
7257.31229	2623.04575
7258.82607	2588.48962
7268.35341	2524.16547
7281.67767	2505.80848
7303.15453	2488.61097
7312.52469	2473.60695
7319.01832	2467.02717
7334.76279	2457.07691
7348.00734	2448.61097
7359.15656	2443.09345
7371.25211	2426.52491
7380.69255	2417.65017
7405.91322	2401.59466
7428.21096	2390.96208
7441.12177	2381.02337
7462.05333	2368.79952
8963.77510	2073.39682
8525.14879	2103.52828
8517.39880	2103.62252
8437.08700	2104.88768
8417.34460	2106.95974
8409.59461	2107.05397
8389.85220	2109.12603
8349.78119	2113.10949
8343.88440	2115.08533
8339.07052	2117.18589
8316.39201	2117.25162
8294.91093	2118.87114
8265.63708	2121.03743
8213.22243	2121.39049
	
Math-AUGMECON-II_3:	68
7268.35341	2524.16547
7279.97273	2509.25592
7280.85077	2507.88054
7284.61912	2505.51986
7298.55927	2493.04371
7310.53539	2485.45413
7320.49413	2465.40439
7324.26248	2463.04371
7336.23860	2455.45413
7343.41209	2453.04371
7348.00735	2448.61097
7359.98346	2441.02139
7366.48627	2439.23994
7371.25211	2426.52491
7377.74574	2419.94513
7380.69255	2417.65017
7394.14447	2408.43782
7402.96641	2403.88961
7417.88933	2394.00508
7424.39214	2392.22362
7436.14442	2386.95544
7436.69915	2384.94110
7458.41828	2373.19488
7461.09292	2370.95764
7461.91982	2368.88559
7470.53336	2362.08291
7492.80722	2348.32235
7494.92713	2348.09945
7507.73014	2338.43782
7514.23296	2336.65636
7555.97349	2328.38317
7572.38863	2317.80395
7573.21553	2315.73189
7579.71835	2313.95044
7603.10321	2310.49842
8185.73005	2123.55679
8152.53690	2129.48038
8134.50959	2143.17195
8073.52729	2144.09642
8029.62348	2154.09642
8028.79658	2156.16847
8005.25647	2163.96450
7987.30399	2166.80234
7976.59332	2170.87875
7953.28396	2174.79799
7943.40018	2176.80234
7910.98180	2188.18520
7896.02064	2192.33552
7867.07799	2198.18520
7855.66076	2201.69837
7844.95008	2205.77478
7808.98777	2217.79479
7808.16087	2219.86684
7792.74833	2227.99243
7787.61729	2228.14003
7776.90661	2232.21644
7760.71587	2234.64285
7750.00519	2238.71925
7743.50237	2240.50071
7716.81071	2257.22840
7712.34002	2260.58289
7707.78140	2262.52303
7681.58612	2281.06006
7664.49889	2290.19871
7662.49986	2291.63721
7631.30575	2296.12230
7630.47885	2298.19436
7609.17784	2303.71188
	
Math-AUGMECON-II_4:	64
7257.31229	2623.04575
7258.13919	2620.97369
7258.82607	2588.48959
7268.35341	2524.16547
7268.87466	2515.47012
7273.46991	2511.03738
7279.97273	2509.25592
7298.55927	2493.04371
7312.52469	2473.60695
7330.99443	2459.43759
7332.47024	2457.81481
7336.23860	2455.45413
7356.21510	2443.38207
7359.98346	2441.02139
7371.25211	2426.52491
7388.67117	2414.24594
7391.19766	2410.73277
7392.66866	2410.06059
7417.88933	2394.00508
7433.19761	2389.25039
7451.27542	2377.39917
7454.22223	2375.10422
7464.86663	2366.59063
7469.06236	2362.75509
7490.48809	2351.08910
7503.95643	2342.80483
7507.73014	2338.43782
7541.13437	2330.15355
7565.37857	2327.89492
7569.44183	2320.09890
7570.26873	2318.02685
8389.85220	2109.12603
8349.78119	2113.10949
8316.39201	2117.25162
8213.22243	2121.39049
8185.73003	2123.55679
8152.53690	2129.48038
8151.71000	2131.55244
8117.45921	2143.42487
8075.30879	2144.09641
8073.52729	2144.09642
8040.33416	2150.02001
8039.50726	2152.09207
8007.03793	2163.96450
8005.25647	2163.96450
7997.20510	2165.47927
7987.30399	2166.80234
7977.33122	2170.87875
7964.01196	2171.40286
7954.11086	2172.72593
7933.76441	2180.31551
7921.27227	2184.39192
7910.98180	2188.18520
7902.52346	2190.55407
7896.02064	2192.33552
7877.78867	2194.10879
7826.20126	2211.93692
7806.04096	2220.08974
7799.25115	2226.21098
7760.71602	2234.64280
7750.00519	2238.71925
7740.55557	2242.79566
7728.57946	2250.38524
7715.28682	2258.28794
	
Math-AUGMECON-II_5:	36
7257.31229	2623.04575
7258.82607	2588.48962
7268.35341	2524.16547
7273.46991	2511.03738
7285.44602	2503.44780
7312.52469	2473.60695
7317.11995	2469.17421
7334.76279	2457.07691
7343.41209	2453.04371
7363.75580	2440.45816
7371.25211	2426.52491
7375.02582	2422.15790
7394.14447	2408.43782
7400.64728	2406.65636
7405.91322	2401.59466
7417.88933	2394.00508
9148.25162	2065.46888
9107.93427	2067.09166
8613.92420	2096.95974
8583.02762	2098.58251
8555.53522	2100.74881
8544.89119	2101.45622
8528.10040	2103.52828
8517.39880	2103.62252
8437.08700	2104.88768
8365.05984	2113.10949
8316.39201	2117.25162
8293.12948	2118.87114
8265.63708	2121.03743
8213.22243	2121.39049
8212.39553	2123.46255
8185.73003	2123.55679
8180.02929	2127.31409
8175.01936	2127.63320
8152.53690	2129.48038
8141.82622	2133.55679
	
Math-AUGMECON-II_6:	68
7268.35341	2524.16547
7268.87466	2515.47012
7312.52469	2473.60695
7324.26248	2463.04371
7330.76530	2461.26225
7342.74141	2453.67267
7344.23899	2450.97165
7359.98346	2441.02139
7363.75580	2440.45816
7371.25211	2426.52491
7371.38562	2426.43884
7372.07901	2424.45285
7382.16835	2416.02740
7400.64728	2406.65636
7402.96641	2403.88961
7417.88933	2394.00508
7428.21096	2390.96208
7433.19761	2389.25039
7436.14442	2386.95544
7438.17496	2383.31832
7467.58655	2364.37786
7472.00917	2360.46013
7482.50947	2354.49333
7490.48809	2351.08910
7503.95643	2342.80483
7504.78333	2340.73277
7507.73014	2338.43782
7537.36066	2334.52055
7540.30747	2332.22560
7569.44183	2320.09890
7570.26873	2318.02685
7573.21553	2315.73189
7602.27631	2312.57048
7608.35094	2305.78394
7630.47885	2298.19436
7631.30575	2296.12230
8117.45921	2143.42487
8073.52729	2144.09642
8062.81661	2148.17283
8040.33416	2150.02001
8029.62348	2154.09642
8005.25647	2163.96450
7987.30399	2166.80234
7976.59332	2170.87875
7942.57328	2178.87440
7921.27227	2184.39192
7910.98180	2188.18520
7877.78867	2194.10879
7844.95008	2205.77478
7840.10911	2211.93692
7826.20126	2211.93692
7810.46358	2217.79479
7805.21406	2222.16180
7799.25115	2226.21098
7787.61729	2228.14003
7784.67048	2230.43498
7760.71587	2234.64285
7754.21305	2236.42430
7753.38615	2238.49636
7731.52626	2248.09029
7730.69936	2250.16235
7727.26293	2250.69836
7719.75751	2254.93345
7716.81071	2257.22840
7701.30917	2267.42605
7697.82556	2270.86241
7688.59515	2275.01563
7681.58612	2281.06006
	
Math-AUGMECON-II_7:	70
7356.21510	2443.38207
7359.98346	2441.02139
7371.25211	2426.52491
7372.07901	2424.45285
7375.02582	2422.15790
7379.22155	2418.32235
7389.72185	2412.35555
7402.96641	2403.88961
7414.94252	2396.30003
7436.69915	2384.94110
7449.38898	2378.48951
7461.22643	2370.87157
7467.58655	2364.37786
7481.03847	2355.16551
7492.80722	2348.32235
7506.90324	2340.50987
7541.13437	2330.15355
7569.44183	2320.09890
7570.26873	2318.02685
7603.10321	2310.49842
7609.17784	2303.71188
7630.47885	2298.19436
7662.49986	2291.63721
7672.47139	2287.00399
7684.39942	2278.85118
7687.11935	2276.63840
7697.69206	2270.94848
7703.51807	2265.13109
7707.78140	2262.52303
7724.31613	2252.99331
7727.26293	2250.69836
7739.72867	2244.86772
7750.00519	2238.71925
7760.71587	2234.64285
7784.10073	2231.19083
7805.21406	2222.16180
7815.49059	2216.01333
7826.20126	2211.93692
7844.95008	2205.77478
9138.83085	2065.46888
9107.93427	2067.09166
9072.74969	2069.96536
9050.05544	2072.03742
8961.99365	2073.39682
8942.25125	2075.46888
8833.53606	2079.38614
8786.05635	2083.46255
8749.39195	2087.31409
8667.70358	2089.83344
8622.00535	2093.90984
8583.02762	2098.58251
8555.53522	2100.74881
8525.14879	2103.52828
8437.08700	2104.88768
8294.91093	2118.87114
8265.63708	2121.03743
8213.22243	2121.39049
8144.34558	2133.55679
8136.90023	2142.77335
8073.52729	2144.09642
8064.59807	2148.17283
8040.33416	2150.02001
8005.25647	2163.96450
7987.30399	2166.80234
7954.11086	2172.72593
7953.28396	2174.79799
7943.40018	2176.80234
7903.99926	2190.55407
7877.78867	2194.10879
7855.66076	2201.69837
	
Math-AUGMECON-II_8:	45
7257.31229	2623.04575
7258.82607	2588.48962
7268.35341	2524.16547
7268.87466	2515.47012
7298.55927	2493.04371
7312.52469	2473.60695
7320.49414	2465.40441
7351.98705	2447.30131
7370.08971	2436.30003
7372.07901	2424.45285
7375.02582	2422.15790
7392.66866	2410.06059
7400.64728	2406.65636
7438.17496	2383.31832
7458.41828	2373.19488
7479.56266	2356.78828
7490.48809	2351.08910
7504.78333	2340.73277
7569.44183	2320.09890
7573.21553	2315.73189
7609.17784	2303.71188
7631.30575	2296.12230
9107.93427	2067.09166
9069.79784	2069.96537
9046.59930	2073.23965
8961.99365	2073.39682
8942.25125	2075.46888
8912.33904	2077.09166
8831.75461	2079.38614
8789.00797	2083.46255
8747.61049	2087.31409
8673.17442	2089.83345
8622.00519	2093.90985
8594.22985	2098.58251
8563.17454	2100.74881
8525.14879	2103.52828
8517.39880	2103.62252
8437.08700	2104.88768
8417.34460	2106.95974
8409.59461	2107.05397
8389.85220	2109.12603
8377.27359	2110.94319
8349.78119	2113.10949
8316.39201	2117.25162
8293.12948	2118.87114
	
Math-AUGMECON-II_9:	58
7258.82607	2588.48962
7266.25335	2578.01875
7268.35341	2524.16547
7268.87466	2515.47012
7285.44602	2503.44780
7302.32763	2490.68303
7312.00345	2482.30230
7312.52469	2473.60695
7319.01832	2467.02717
7324.26248	2463.04371
7334.76279	2457.07691
7336.23860	2455.45413
7356.21510	2443.38207
7359.98346	2441.02139
7371.25211	2426.52491
7379.22155	2418.32235
7391.19766	2410.73277
7402.13951	2405.96167
7417.88933	2394.00508
7430.47736	2389.53695
7449.38898	2378.48951
7461.09292	2370.95764
7469.06236	2362.75509
7479.56266	2356.78828
7490.48809	2351.08910
7502.25684	2344.24594
7507.73014	2338.43782
7536.79091	2335.27640
7569.44183	2320.09890
7570.26873	2318.02685
7603.10321	2310.49842
8942.25125	2075.46888
8831.75461	2079.38614
8790.78942	2083.46255
8417.34460	2106.95974
8391.63366	2109.12603
8377.27359	2110.94319
8351.56265	2113.10949
8340.85197	2117.18589
8316.39201	2117.25162
8293.12948	2118.87114
8267.41854	2121.03743
8213.22243	2121.39049
8185.73003	2123.55679
8180.76720	2127.31409
8152.53690	2129.48038
8117.45921	2143.42487
8073.52729	2144.09642
8062.81661	2148.17283
8040.33416	2150.02001
8005.25647	2163.96450
7997.20510	2165.47927
7987.30399	2166.80234
7976.59332	2170.87875
7964.01196	2171.40286
7954.11086	2172.72593
7945.18164	2176.80234
7920.44537	2186.46398
	
Math-AUGMECON-II_10:	74
7268.87466	2515.47012
7280.85076	2507.88054
7295.76766	2500.40480
7298.55927	2493.04371
7312.00345	2482.30230
7312.52469	2473.60695
7330.76530	2461.26225
7330.99443	2459.43759
7344.23899	2450.97165
7359.15656	2443.09345
7359.98346	2441.02139
7371.25211	2426.52491
7372.07901	2424.45285
7380.69255	2417.65017
7391.19766	2410.73277
7402.96641	2403.88961
7414.94252	2396.30003
7436.14442	2386.95544
7439.64596	2382.64615
7441.12177	2381.02337
7460.53819	2372.97199
7469.06236	2362.75509
7478.31624	2359.66887
7490.48809	2351.08910
7506.90324	2340.50987
7536.79091	2335.27640
7541.13437	2330.15355
7569.44183	2320.09890
7579.71835	2313.95044
7602.27631	2312.57048
7608.35094	2305.78394
7630.47885	2298.19436
7656.04054	2292.56758
7664.49889	2290.19871
7671.15737	2288.65710
7673.94719	2285.38122
7687.11935	2276.63840
7690.06615	2274.34345
7697.82556	2270.86241
7700.57127	2267.42605
8669.48585	2089.83340
8666.87654	2091.90550
8583.02762	2098.58251
8213.22243	2121.39049
8185.73003	2123.55679
8180.02929	2127.31409
8152.53690	2129.48038
8143.60768	2133.55679
8134.50959	2143.17195
8073.52729	2144.09642
8062.81661	2148.17283
8040.33416	2150.02001
8028.79658	2156.16847
8027.73893	2162.11731
8024.45816	2163.35852
8005.25647	2163.96450
7987.30399	2166.80234
7976.59332	2170.87875
7954.11086	2172.72593
7942.57328	2178.87440
7931.98295	2180.31551
7902.52346	2190.55407
7896.02064	2192.33552
7855.66076	2201.69837
7844.95008	2205.77478
7827.67707	2211.93692
7819.69845	2213.71838
7815.49059	2216.01333
7808.98777	2217.79479
7787.61729	2228.14003
7784.10073	2231.19083
7776.07971	2234.28850
7760.71587	2234.64285
7754.21305	2236.42430
	
Math-AUGMECON-II_11:	59
7281.67767	2505.80848
7298.55927	2493.04371
7312.52469	2473.60695
7320.49413	2465.40439
7324.26248	2463.04371
7366.48627	2439.23994
7370.08971	2436.30003
7371.25211	2426.52491
7372.07901	2424.45285
7375.02582	2422.15790
7377.74574	2419.94513
7389.72185	2412.35555
7402.96641	2403.88961
7405.91322	2401.59466
7414.94252	2396.30003
7428.21096	2390.96208
7438.17496	2383.31832
7449.38898	2378.48951
7453.09558	2375.72439
7467.58655	2364.37786
7470.53336	2362.08291
7481.03847	2355.16551
7490.48809	2351.08910
7504.78333	2340.73277
7537.61781	2333.20434
7541.13437	2330.15355
7569.44183	2320.09890
7570.26873	2318.02685
7603.10321	2310.49842
7604.33687	2309.87403
7609.17784	2303.71188
7631.30575	2296.12230
7656.04054	2292.56758
7671.15737	2288.65710
8141.82622	2133.55679
8136.90023	2142.77335
8075.30887	2144.09640
8073.52729	2144.09642
8062.81661	2148.17283
8042.11561	2150.02001
8005.25647	2163.96450
7987.30399	2166.80234
7976.59332	2170.87875
7964.01196	2171.40286
7946.65744	2176.80234
7931.98295	2180.31551
7921.27227	2184.39192
7910.98180	2188.18520
7900.27112	2192.26161
7877.78867	2194.10879
7867.07799	2198.18520
7855.66076	2201.69837
7844.95008	2205.77478
7827.67707	2211.93692
7818.87155	2215.79043
7808.16087	2219.86684
7799.25115	2226.21098
7792.74833	2227.99243
7784.67048	2230.43498
	
Math-AUGMECON-II_12:	63
7310.53539	2485.45413
7311.36229	2483.38207
7312.52469	2473.60695
7319.01832	2467.02717
7369.26281	2438.37209
7371.25211	2426.52491
7377.74574	2419.94513
7379.22155	2418.32235
7391.19766	2410.73277
7405.91322	2401.59466
7412.41603	2399.81321
7424.39214	2392.22362
7433.19761	2389.25039
7438.17496	2383.31832
7441.12177	2381.02337
7461.07420	2372.32015
7464.86663	2366.59063
7472.00917	2360.46013
7483.98528	2352.87055
7495.75403	2346.02740
7504.78333	2340.73277
7536.79091	2335.27640
7537.36066	2334.52055
7569.44183	2320.09890
7570.26873	2318.02685
7573.21553	2315.73189
7608.35094	2305.78394
7609.17784	2303.71188
7631.30575	2296.12230
7656.04054	2292.56758
7664.49889	2290.19871
7667.92405	2289.32398
7671.15737	2288.65710
7675.41820	2284.70904
7687.11935	2276.63840
7691.54196	2272.72068
7700.57127	2267.42605
7712.34002	2260.58289
8185.73003	2123.55679
8152.53690	2129.48038
8118.93502	2143.42487
8073.52729	2144.09642
8062.81661	2148.17283
8040.33416	2150.02001
8039.50726	2152.09206
8005.25647	2163.96450
7987.30399	2166.80234
7976.59332	2170.87875
7964.01196	2171.40286
7954.11086	2172.72593
7953.28396	2174.79799
7933.76441	2180.31551
7931.15605	2182.38757
7921.27227	2184.39192
7910.98180	2188.18520
7902.52346	2190.55407
7877.78867	2194.10879
7867.07799	2198.18520
7855.66076	2201.69837
7844.95008	2205.77478
7826.20126	2211.93692
7819.69845	2213.71838
7818.87155	2215.79043
	
Math-AUGMECON-II_13:	52
7257.31229	2623.04575
7258.82607	2588.48962
7268.35341	2524.16547
7268.87466	2515.47012
7279.97273	2509.25592
7280.85077	2507.88054
7295.76766	2500.40480
7302.32763	2490.68303
7303.15453	2488.61097
7308.56380	2487.65714
7312.00345	2482.30230
7312.52469	2473.60695
7320.49413	2465.40439
7329.28949	2462.88503
7351.98705	2447.30131
7356.21510	2443.38207
7371.25211	2426.52491
7377.74574	2419.94513
7391.19766	2410.73277
7394.14447	2408.43782
7405.91322	2401.59466
7424.39214	2392.22362
7434.67342	2387.62762
7451.62458	2376.39656
7461.07420	2372.32015
7461.91982	2368.88559
7467.58655	2364.37786
9601.79205	2048.07921
9465.48688	2049.70199
8912.33904	2077.09166
8847.03325	2079.38614
8751.30028	2087.31407
8667.70345	2089.83345
8623.78665	2093.90985
8590.66716	2098.58251
8555.53522	2100.74881
8526.93024	2103.52828
8517.39880	2103.62252
8438.86846	2104.88768
8417.34460	2106.95974
8389.85220	2109.12603
8377.27359	2110.94319
8349.78119	2113.10949
8343.88440	2115.08533
8316.39201	2117.25162
8293.12948	2118.87114
8267.41854	2121.03743
8213.22243	2121.39049
8152.53690	2129.48038
8141.82622	2133.55679
8117.45921	2143.42487
8073.52729	2144.09642
	
Math-AUGMECON-II_14:	65
7258.82607	2588.48962
7268.35341	2524.16547
7280.85077	2507.88054
7281.67767	2505.80848
7298.55927	2493.04371
7303.15453	2488.61097
7313.35159	2471.53489
7317.11995	2469.17421
7330.76530	2461.26225
7336.23860	2455.45413
7359.98346	2441.02139
7370.08971	2436.30003
7372.07901	2424.45285
7382.16835	2416.02740
7394.14447	2408.43782
7405.91322	2401.59466
7417.88933	2394.00508
7430.47736	2389.53695
7436.69915	2384.94110
7451.27542	2377.39917
7462.05333	2368.79952
7467.58655	2364.37786
7479.56266	2356.78828
7492.80722	2348.32235
7502.25684	2344.24594
7514.23296	2336.65636
7555.97349	2328.38317
7569.44183	2320.09890
7573.21553	2315.73189
7602.27631	2312.57048
7630.47885	2298.19436
7649.53773	2294.34904
7672.47139	2287.00399
7681.45262	2281.14613
7700.57127	2267.42605
8786.05635	2083.46255
8667.70345	2089.83345
8624.95681	2093.90985
8213.22243	2121.39049
8180.02929	2127.31409
8152.53690	2129.48038
8142.56414	2133.55679
8117.45921	2143.42487
8073.52729	2144.09642
8040.33416	2150.02001
8039.50726	2152.09207
8028.79658	2156.16847
8005.25647	2163.96450
7987.30399	2166.80234
7954.11086	2172.72593
7943.40018	2176.80234
7931.98295	2180.31551
7920.44537	2186.46398
7896.02064	2192.33552
7877.78867	2194.10879
7855.66076	2201.69837
7844.95008	2205.77478
7827.67707	2211.93692
7816.75164	2216.01333
7808.98777	2217.79479
7799.25115	2226.21098
7787.61729	2228.14003
7760.71587	2234.64285
7754.21305	2236.42430
7743.50237	2240.50071
	
Math-AUGMECON-II_15:	64
7308.56380	2487.65714
7310.53539	2485.45413
7319.01832	2467.02717
7320.49413	2465.40439
7342.74141	2453.67267
7348.00735	2448.61097
7371.25211	2426.52491
7391.19766	2410.73277
7394.14447	2408.43782
7405.91322	2401.59466
7414.94252	2396.30003
7430.47736	2389.53695
7434.67342	2387.62762
7441.12177	2381.02337
7451.27542	2377.39917
7454.57138	2374.10161
7461.91982	2368.88559
7469.06236	2362.75509
7481.03847	2355.16551
7490.48809	2351.08910
7502.25684	2344.24594
7503.95643	2342.80483
7514.23296	2336.65636
7537.36066	2334.52055
7541.13437	2330.15355
7555.97349	2328.38317
7570.26873	2318.02685
7573.21553	2315.73189
7579.71835	2313.95044
7603.10321	2310.49842
7630.47885	2298.19436
7631.30575	2296.12230
7662.49986	2291.63721
7664.49889	2290.19871
8185.73003	2123.55679
8152.53690	2129.48038
8117.45921	2143.42487
8062.81661	2148.17283
8040.33416	2150.02001
8029.62354	2154.09639
8028.79658	2156.16847
8024.45816	2163.35852
7988.04190	2166.80234
7986.47709	2168.87440
7964.01196	2171.40286
7953.28396	2174.79799
7942.57328	2178.87440
7900.27112	2192.26161
7896.02064	2192.33552
7867.07799	2198.18520
7866.25109	2200.25725
7844.95008	2205.77478
7827.67707	2211.93692
7819.69845	2213.71838
7806.04096	2220.08974
7799.25115	2226.21098
7787.61729	2228.14003
7750.00519	2238.71925
7743.50237	2240.50071
7716.81071	2257.22840
7715.28682	2258.28794
7714.45992	2260.36000
7681.58612	2281.06006
7664.49889	2290.19871
	
Math-AUGMECON-II_16:	68
7268.35341	2524.16547
7268.87466	2515.47012
7273.46991	2511.03738
7285.44602	2503.44780
7298.55927	2493.04371
7303.15453	2488.61097
7312.83035	2480.23025
7312.52469	2473.60695
7313.35159	2471.53489
7320.49413	2465.40439
7332.47024	2457.81481
7348.00735	2448.61097
7351.98705	2447.30131
7366.48627	2439.23994
7371.25211	2426.52491
7372.07901	2424.45285
7380.69255	2417.65017
7391.19766	2410.73277
7394.14447	2408.43782
7414.94252	2396.30003
7430.47736	2389.53695
7434.67342	2387.62762
7438.17496	2383.31832
7454.22223	2375.10422
7461.09292	2370.95764
7469.06236	2362.75509
7481.03847	2355.16551
7495.75403	2346.02740
7507.73014	2338.43782
7537.61781	2333.20434
7541.13437	2330.15355
7569.44183	2320.09890
7573.21553	2315.73189
7603.10321	2310.49842
7608.35094	2305.78394
7609.17784	2303.71188
7630.47885	2298.19436
7631.30575	2296.12230
7662.49986	2291.63721
7676.89400	2283.08626
8847.03325	2079.38614
8667.70345	2089.83345
8349.78119	2113.10949
8316.39201	2117.25162
8185.73003	2123.55679
8134.50959	2143.17195
8117.45921	2143.42487
8062.81661	2148.17283
8040.33416	2150.02001
7987.30399	2166.80234
7976.59332	2170.87875
7964.01196	2171.40286
7931.98295	2180.31551
7921.27227	2184.39192
7896.02064	2192.33552
7877.78867	2194.10879
7855.66076	2201.69837
7844.95008	2205.77478
7819.69845	2213.71838
7815.49059	2216.01333
7806.04096	2220.08974
7799.25115	2226.21098
7776.90661	2232.21644
7761.45377	2234.64285
7750.00519	2238.71925
7743.50237	2240.50071
7726.43603	2252.77041
7715.28682	2258.28794
	
Math-AUGMECON-II_17:	68
7257.31229	2623.04575
7258.82607	2588.48962
7268.35341	2524.16547
7285.44602	2503.44780
7291.94884	2501.66634
7312.00345	2482.30230
7312.52469	2473.60695
7319.01832	2467.02717
7332.47024	2457.81481
7343.41209	2453.04371
7351.98705	2447.30131
7370.08971	2436.30003
7371.25211	2426.52491
7372.07901	2424.45285
7377.74574	2419.94513
7388.47543	2415.23614
7402.96641	2403.88961
7414.94252	2396.30003
7441.12177	2381.02337
7449.38898	2378.48951
7454.57138	2374.10161
7472.00917	2360.46013
7489.01229	2352.71187
7502.25684	2344.24594
7537.36066	2334.52055
7538.18756	2332.44850
7569.44183	2320.09890
7603.10321	2310.49842
7630.47885	2298.19436
7662.49986	2291.63721
7684.39942	2278.85118
7699.09546	2269.04882
7715.28682	2258.28794
7738.02908	2246.30884
7740.55557	2242.79566
8667.70345	2089.83345
8624.95681	2093.90985
8613.92420	2096.95974
8583.02762	2098.58251
8563.17454	2100.74881
8517.39880	2103.62252
8437.08700	2104.88768
8409.59461	2107.05397
8389.85220	2109.12603
8349.78119	2113.10949
8343.88440	2115.08533
8293.12948	2118.87114
8265.63708	2121.03743
8215.00392	2121.39049
8185.73003	2123.55679
8152.53690	2129.48038
8117.45921	2143.42487
8073.52729	2144.09642
8062.81661	2148.17283
8040.33416	2150.02001
8029.62348	2154.09642
8006.73228	2163.96450
7987.30399	2166.80234
7964.01196	2171.40286
7954.11086	2172.72593
7921.27227	2184.39192
7910.98180	2188.18520
7877.78867	2194.10879
7844.95008	2205.77478
7826.20126	2211.93692
7808.98777	2217.79479
7799.25115	2226.21098
7776.90661	2232.21644
	
Math-AUGMECON-II_18:	67
7268.35341	2524.16547
7273.46991	2511.03738
7295.76766	2500.40480
7298.55927	2493.04371
7312.00345	2482.30230
7312.52469	2473.60695
7319.01832	2467.02717
7330.99443	2459.43759
7348.00735	2448.61097
7356.21510	2443.38207
7371.25211	2426.52491
7372.07901	2424.45285
7382.16835	2416.02740
7388.67117	2414.24594
7405.91322	2401.59466
7424.39214	2392.22362
7438.17496	2383.31832
7441.12177	2381.02337
7462.05333	2368.79952
7467.58655	2364.37786
7478.31624	2359.66887
7479.56266	2356.78828
7495.75403	2346.02740
7507.73014	2338.43782
7541.13437	2330.15355
7569.44183	2320.09890
7570.26873	2318.02685
7573.21553	2315.73189
7608.35094	2305.78394
7630.47885	2298.19436
7631.30575	2296.12230
7649.53773	2294.34904
8265.63708	2121.03743
8213.22243	2121.39049
8185.73003	2123.55679
8180.76720	2127.31409
8175.01936	2127.63320
8152.53690	2129.48038
8141.82622	2133.55679
8117.45921	2143.42487
8073.52729	2144.09642
8040.33416	2150.02001
8029.62348	2154.09642
8007.03793	2163.96450
7997.20510	2165.47927
7977.33122	2170.87875
7964.74987	2171.40286
7954.11086	2172.72593
7931.98295	2180.31551
7921.27227	2184.39192
7910.98180	2188.18520
7910.15490	2190.25725
7896.02064	2192.33552
7877.78867	2194.10879
7867.07799	2198.18520
7855.66076	2201.69837
7844.95008	2205.77478
7826.20126	2211.93692
7808.98777	2217.79479
7805.21406	2222.16180
7799.25115	2226.21098
7787.61729	2228.14003
7776.90661	2232.21644
7773.95980	2234.51139
7760.71587	2234.64285
7751.26625	2238.71925
7750.00519	2238.71925
	
Math-AUGMECON-II_19:	65
7258.82607	2588.48962
7268.35341	2524.16547
7268.87466	2515.47012
7273.46991	2511.03738
7311.36229	2483.38207
7312.52469	2473.60695
7324.26248	2463.04371
7332.47024	2457.81481
7366.48627	2439.23994
7371.25211	2426.52491
7377.74574	2419.94513
7380.69255	2417.65017
7391.19766	2410.73277
7394.14447	2408.43782
7414.11562	2398.37209
7417.88933	2394.00508
7430.47736	2389.53695
7436.69915	2384.94110
7441.12177	2381.02337
7446.44217	2380.78446
7458.41828	2373.19488
7464.86663	2366.59063
7467.58655	2364.37786
7478.51198	2358.67868
7482.50947	2354.49333
7483.98528	2352.87055
7502.25684	2344.24594
7503.95643	2342.80483
7537.61781	2333.20434
7565.37857	2327.89492
7569.44183	2320.09890
7579.71835	2313.95044
7602.27631	2312.57048
7608.35094	2305.78394
7630.47885	2298.19436
7662.49986	2291.63721
8667.70345	2089.83345
8339.07052	2117.18589
8316.39201	2117.25162
8293.12948	2118.87114
8265.63708	2121.03743
8213.22243	2121.39049
8185.73003	2123.55679
8141.82622	2133.55679
8117.45921	2143.42487
8073.52729	2144.09642
8040.33416	2150.02001
8029.62348	2154.09642
8028.25632	2162.22399
8005.25647	2163.96450
7987.30399	2166.80234
7986.47709	2168.87440
7964.01196	2171.40286
7954.11086	2172.72593
7943.40018	2176.80234
7931.15605	2182.38757
7921.27227	2184.39192
7910.98180	2188.18520
7903.99926	2190.55407
7902.52346	2190.55407
7877.78867	2194.10879
7867.07799	2198.18520
7855.66076	2201.69837
7844.95008	2205.77478
7827.67707	2211.93692
	
Math-AUGMECON-II_20:	64
7268.35341	2524.16547
7269.70156	2513.39806
7272.64301	2513.10944
7291.94884	2501.66634
7295.76766	2500.40480
7298.55927	2493.04371
7311.36229	2483.38207
7312.52469	2473.60695
7320.49413	2465.40439
7330.76530	2461.26225
7336.23860	2455.45413
7340.01094	2454.89089
7356.21510	2443.38207
7359.98346	2441.02139
7371.25211	2426.52491
7377.74574	2419.94513
7379.22155	2418.32235
7402.13951	2405.96167
7402.96641	2403.88961
7417.88933	2394.00508
7436.69915	2384.94110
7453.09558	2375.72439
7458.41828	2373.19488
7464.86663	2366.59063
7478.31624	2359.66887
7491.98032	2350.39441
7492.80722	2348.32235
7502.25684	2344.24594
7537.36066	2334.52055
7567.31711	2327.28894
7569.44183	2320.09890
7570.26873	2318.02685
7602.27631	2312.57048
7609.17784	2303.71188
7630.47885	2298.19436
7631.30575	2296.12230
7664.49889	2290.19871
7676.89400	2283.08626
7681.45259	2281.14615
7688.59515	2275.01563
7699.09546	2269.04882
8942.25125	2075.46888
8914.12050	2077.09166
8835.44414	2079.38614
8786.05635	2083.46255
8213.22243	2121.39049
8185.73003	2123.55679
8152.53690	2129.48038
8073.52729	2144.09642
8040.33416	2150.02001
7987.30399	2166.80234
7978.37477	2170.87875
7964.01196	2171.40286
7920.44537	2186.46398
7911.71970	2188.18520
7903.99926	2190.55407
7877.78867	2194.10879
7876.96176	2196.18084
7855.66076	2201.69837
7844.95008	2205.77478
7826.20126	2211.93692
7808.98777	2217.79479
7807.51677	2220.08974
7792.74833	2227.99243
	
Math-AUGMECON-II_21:	50
7257.31229	2623.04575
7258.82607	2588.48962
7266.25335	2578.01875
7268.35341	2524.16547
7273.46991	2511.03739
7294.26571	2501.34035
7298.55927	2493.04371
7310.53539	2485.45413
7312.52469	2473.60695
7317.11995	2469.17421
7330.76530	2461.26225
7342.74141	2453.67267
7355.38820	2445.45413
7371.25211	2426.52491
7372.07901	2424.45285
7382.16835	2416.02740
7402.96641	2403.88961
7414.94252	2396.30003
7434.67342	2387.62762
7438.17496	2383.31832
7451.62458	2376.39656
7477.03618	2360.30145
7481.03847	2355.16551
7492.80722	2348.32235
9323.41492	2059.70199
9246.90702	2060.14928
9138.83085	2065.46888
8583.02762	2098.58251
8555.53522	2100.74881
8525.14879	2103.52828
8517.39880	2103.62252
8438.86846	2104.88768
8417.34460	2106.95974
8389.85220	2109.12603
8377.27359	2110.94319
8349.78119	2113.10949
8339.07052	2117.18589
8331.67065	2117.25162
8293.12948	2118.87114
8213.22243	2121.39049
8185.73003	2123.55679
8152.53690	2129.48038
8117.45921	2143.42487
8073.52729	2144.09642
8040.33416	2150.02001
8028.79658	2156.16847
7997.20510	2165.47927
7964.01196	2171.40286
7945.18164	2176.80234
7931.98295	2180.31551
	
Math-AUGMECON-II_22:	65
7258.82607	2588.48962
7268.87466	2515.47012
7298.03406	2498.97967
7308.56380	2487.65714
7312.52469	2473.60695
7344.23899	2450.97165
7348.00735	2448.61097
7371.25211	2426.52491
7372.07901	2424.45285
7388.67117	2414.24594
7402.96641	2403.88961
7417.06243	2396.07714
7430.47736	2389.53695
7441.12177	2381.02337
7464.86663	2366.59063
7467.58655	2364.37786
7481.03847	2355.16551
7483.98528	2352.87055
7492.80722	2348.32235
7503.95643	2342.80483
7537.61781	2333.20434
7555.97349	2328.38317
7570.26873	2318.02685
7603.10321	2310.49842
7609.17784	2303.71188
7630.47885	2298.19436
7655.99705	2293.41867
7679.69280	2282.48083
7687.11935	2276.63840
7690.06615	2274.34345
7691.54196	2272.72068
7715.28682	2258.28794
7727.26293	2250.69836
7739.72867	2244.86772
7754.21305	2236.42430
7787.61729	2228.14003
9138.83085	2065.46888
9107.93427	2067.09166
9069.79796	2069.96536
9046.59930	2073.23965
8912.33904	2077.09166
8833.53606	2079.38614
8831.75461	2079.38614
8555.53526	2100.74880
8525.14879	2103.52828
8517.39880	2103.62252
8437.08700	2104.88768
8389.85220	2109.12603
8267.41854	2121.03743
8213.22243	2121.39049
8185.73003	2123.55679
8141.82622	2133.55679
8073.52729	2144.09642
8062.81661	2148.17283
8040.33415	2150.02001
8029.62348	2154.09642
8005.25647	2163.96450
7997.20510	2165.47927
7964.01196	2171.40286
7954.11086	2172.72593
7921.27227	2184.39192
7910.98180	2188.18520
7877.78867	2194.10879
7844.95008	2205.77478
7819.69845	2213.71838
	
Math-AUGMECON-II_23:	47
7257.31229	2623.04575
7258.82607	2588.48962
7268.35341	2524.16547
7268.87466	2515.47012
7279.97273	2509.25592
7295.72119	2501.10311
7298.55927	2493.04371
7312.52469	2473.60695
7317.11995	2469.17421
7322.78667	2464.66649
7330.76530	2461.26225
7336.23860	2455.45413
7355.38820	2445.45413
7356.21510	2443.38207
7371.25211	2426.52491
7375.02582	2422.15790
7388.67117	2414.24594
7391.19766	2410.73277
7405.91322	2401.59466
7414.11562	2398.37209
7430.47736	2389.53695
7438.17496	2383.31832
7450.14877	2378.01934
7461.91982	2368.88559
7470.53336	2362.08291
7483.98528	2352.87055
7492.80722	2348.32235
7514.23296	2336.65636
9372.09770	2053.84413
9321.63351	2059.70198
9069.79784	2069.96537
8961.99365	2073.39682
8912.33904	2077.09166
8888.03255	2079.38614
8837.22558	2079.38614
8835.44413	2079.38614
8786.05635	2083.46255
8666.87654	2091.90550
8622.00519	2093.90985
8583.02762	2098.58251
8566.73746	2100.74881
8544.89119	2101.45622
8525.14879	2103.52828
8437.08700	2104.88768
8419.12605	2106.95974
8389.85220	2109.12603
8377.27359	2110.94319
	
Math-AUGMECON-II_24:	62
7268.35341	2524.16547
7268.87466	2515.47012
7285.44602	2503.44780
7298.55927	2493.04371
7299.38618	2490.97165
7312.52469	2473.60695
7313.35159	2471.53489
7324.26248	2463.04371
7332.47024	2457.81481
7348.00735	2448.61097
7359.98346	2441.02139
7371.25211	2426.52491
7379.22155	2418.32235
7382.16835	2416.02740
7392.66866	2410.06059
7405.91322	2401.59466
7412.41603	2399.81321
7417.88933	2394.00508
7436.14442	2386.95544
7436.69915	2384.94110
7449.09809	2379.90973
7461.07420	2372.32015
7467.58655	2364.37786
7469.06236	2362.75509
7479.56266	2356.78828
7483.98528	2352.87055
7495.75403	2346.02740
7507.73014	2338.43782
7536.79091	2335.27640
7537.61781	2333.20434
7569.44183	2320.09890
7570.26873	2318.02685
7604.33687	2309.87403
7608.35094	2305.78394
8437.08700	2104.88768
8391.63366	2109.12603
8377.27359	2110.94319
8349.78119	2113.10949
8316.39201	2117.25162
8265.63708	2121.03743
8213.22243	2121.39049
8185.73003	2123.55679
8180.02929	2127.31409
8141.82622	2133.55679
8042.11561	2150.02001
8005.25647	2163.96450
7997.20510	2165.47927
7964.01196	2171.40286
7943.40018	2176.80234
7931.98295	2180.31551
7921.27227	2184.39192
7904.30491	2190.55407
7896.02064	2192.33552
7877.78867	2194.10879
7868.55379	2198.18520
7866.25109	2200.25725
7855.66076	2201.69837
7844.95008	2205.77478
7826.20126	2211.93692
7821.17425	2213.71838
7799.25115	2226.21098
7792.74833	2227.99243
	
Math-AUGMECON-II_25:	57
7257.31229	2623.04575
7268.35341	2524.16547
7269.70156	2513.39806
7281.67767	2505.80848
7298.55927	2493.04371
7310.53539	2485.45413
7312.52469	2473.60695
7313.35159	2471.53489
7324.26248	2463.04371
7330.76530	2461.26225
7347.18044	2450.68303
7359.98346	2441.02139
7371.25211	2426.52491
7382.16835	2416.02740
7391.19766	2410.73277
7402.96641	2403.88961
7417.88933	2394.00508
7438.17496	2383.31832
7449.38898	2378.48951
7461.09292	2370.95764
7461.91982	2368.88559
7479.56266	2356.78828
7492.80722	2348.32235
7507.73014	2338.43782
7514.23296	2336.65636
7536.79091	2335.27640
7537.61781	2333.20434
7569.44183	2320.09890
7570.26873	2318.02685
7603.10321	2310.49842
7609.17784	2303.71188
7667.92405	2289.32398
8912.33904	2077.09166
8835.44412	2079.38614
8786.05636	2083.46255
8747.61049	2087.31409
8391.63366	2109.12603
8349.78119	2113.10949
8339.07052	2117.18589
8316.39201	2117.25162
8265.63708	2121.03743
8215.00388	2121.39049
8185.73003	2123.55679
8152.53690	2129.48038
8136.90029	2142.77333
8117.45921	2143.42487
8073.52729	2144.09642
8062.81661	2148.17283
8040.33416	2150.02001
8029.62348	2154.09642
8024.45816	2163.35852
8005.25647	2163.96450
7987.30399	2166.80234
7976.59332	2170.87875
7954.11086	2172.72593
7953.28396	2174.79799
7921.27227	2184.39192
	
Math-AUGMECON-II_26:	50
7268.35341	2524.16547
7269.70156	2513.39806
7281.67767	2505.80848
7298.55927	2493.04371
7303.15453	2488.61097
7311.36229	2483.38207
7312.52469	2473.60695
7319.01832	2467.02717
7330.76530	2461.26225
7343.41209	2453.04371
7359.15656	2443.09345
7366.48627	2439.23994
7371.25211	2426.52491
7374.19892	2424.22995
7377.74574	2419.94513
7391.19766	2410.73277
7402.96641	2403.88961
7414.94252	2396.30003
7430.47736	2389.53695
7438.17496	2383.31832
7453.09558	2375.72439
7467.58655	2364.37786
7472.00917	2360.46013
7479.56266	2356.78828
7482.50947	2354.49333
7495.75403	2346.02740
7504.78333	2340.73277
7536.79091	2335.27640
7541.13437	2330.15355
7569.44183	2320.09890
7572.38863	2317.80395
7573.21553	2315.73189
7579.71835	2313.95044
7609.17784	2303.71188
8667.70345	2089.83345
8622.00519	2093.90985
8583.02762	2098.58251
8528.10040	2103.52828
8437.08700	2104.88768
8417.34460	2106.95974
8389.85220	2109.12603
8349.78119	2113.10949
8343.88440	2115.08533
8316.39201	2117.25162
8293.12948	2118.87114
8265.63708	2121.03743
8213.22243	2121.39049
8185.73003	2123.55679
8152.53690	2129.48038
8119.24067	2143.42487
	
Math-AUGMECON-II_27:	48
7257.31229	2623.04575
7260.59320	2583.47610
7262.64250	2580.55970
7268.35341	2524.16547
7268.87466	2515.47012
7281.67767	2505.80848
7285.44602	2503.44780
7295.76766	2500.40480
7299.38618	2490.97165
7312.00345	2482.30230
7312.52469	2473.60695
7322.78667	2464.66649
7330.99443	2459.43759
7344.23899	2450.97165
7359.98346	2441.02139
7388.67117	2414.24594
7405.91322	2401.59466
7412.41603	2399.81321
7434.67342	2387.62762
7436.69915	2384.94110
7461.07420	2372.32015
7461.09292	2370.95764
7478.51198	2358.67868
7481.03847	2355.16551
7483.98528	2352.87055
7490.48809	2351.08910
7492.80722	2348.32235
7495.75403	2346.02740
8831.75461	2079.38614
8801.33500	2083.46255
8747.61049	2087.31409
8667.70359	2089.83344
8622.00519	2093.90985
8613.92420	2096.95974
8583.02762	2098.58251
8555.53522	2100.74881
8549.62426	2101.45622
8525.14879	2103.52828
8517.39880	2103.62252
8438.86846	2104.88768
8417.34460	2106.95974
8409.59461	2107.05397
8389.85220	2109.12603
8349.78119	2113.10949
8339.07052	2117.18589
8319.95492	2117.25162
8293.12948	2118.87114
8265.63708	2121.03743
	
Math-AUGMECON-II_28:	48
7257.31229	2623.04575
7258.82607	2588.48962
7261.42010	2581.40404
7267.47575	2577.17441
7268.35341	2524.16547
7268.87466	2515.47012
7279.97273	2509.25592
7285.44602	2503.44780
7298.03406	2498.97967
7303.15453	2488.61097
7311.36229	2483.38207
7312.52469	2473.60695
7317.11995	2469.17421
7330.99443	2459.43759
7336.23860	2455.45413
7351.98705	2447.30131
7369.26281	2438.37209
7371.25211	2426.52491
7372.07901	2424.45285
7372.21252	2424.36678
7388.67117	2414.24594
7400.64728	2406.65636
7405.91322	2401.59466
7436.69915	2384.94110
7449.38898	2378.48951
7461.09292	2370.95764
7464.86663	2366.59063
8517.39880	2103.62252
8437.08700	2104.88768
8377.27359	2110.94319
8349.78119	2113.10949
8343.88440	2115.08533
8339.07052	2117.18589
8316.39201	2117.25162
8293.12948	2118.87114
8265.63708	2121.03743
8215.00388	2121.39049
8185.73003	2123.55679
8152.53690	2129.48038
8136.90023	2142.77335
8118.93502	2143.42487
8073.52729	2144.09642
8062.81661	2148.17283
8040.33416	2150.02001
8039.50726	2152.09207
8024.45816	2163.35852
8006.73228	2163.96450
8005.25647	2163.96450
	
Math-AUGMECON-II_29:	57
7258.82607	2588.48962
7268.35341	2524.16547
7268.87466	2515.47012
7279.97273	2509.25592
7303.15453	2488.61097
7308.56380	2487.65714
7311.36229	2483.38207
7330.56956	2462.25245
7330.99443	2459.43759
7343.41209	2453.04371
7355.38820	2445.45413
7371.25211	2426.52491
7372.07901	2424.45285
7379.22155	2418.32235
7391.19766	2410.73277
7402.13951	2405.96167
7414.94252	2396.30003
7430.47736	2389.53695
7441.12177	2381.02337
7450.14877	2378.01934
7461.09292	2370.95764
7464.86663	2366.59063
7479.56266	2356.78828
7491.98032	2350.39441
7492.80722	2348.32235
7504.78333	2340.73277
7537.61781	2333.20434
7569.44183	2320.09890
7603.10321	2310.49842
7630.47885	2298.19436
7631.30575	2296.12230
7649.53773	2294.34904
8583.02762	2098.58251
8555.53522	2100.74881
8525.14879	2103.52828
8073.52729	2144.09642
8062.81661	2148.17283
8029.62348	2154.09642
7997.20510	2165.47927
7988.04190	2166.80234
7954.11086	2172.72593
7931.98295	2180.31551
7931.15605	2182.38757
7910.98180	2188.18520
7902.52346	2190.55407
7877.78867	2194.10879
7867.07799	2198.18520
7844.95008	2205.77478
7826.20126	2211.93692
7816.75164	2216.01333
7808.98777	2217.79479
7800.72695	2226.21098
7750.00519	2238.71925
7743.50237	2240.50071
7715.28682	2258.28794
7714.45992	2260.36000
7712.34002	2260.58289
	
Math-AUGMECON-II_30:	52
7258.82607	2588.48962
7265.42645	2580.09080
7268.35341	2524.16547
7268.87466	2515.47012
7273.46991	2511.03738
7295.72119	2501.10311
7298.55927	2493.04371
7312.00345	2482.30230
7312.52469	2473.60695
7313.35159	2471.53489
7330.76530	2461.26225
7342.74141	2453.67267
7344.23899	2450.97165
7370.08971	2436.30003
7371.25211	2426.52491
7382.16835	2416.02740
7388.67117	2414.24594
7402.13951	2405.96167
7412.41603	2399.81321
7424.39214	2392.22362
7441.12177	2381.02337
7449.09809	2379.90973
7451.62458	2376.39656
7472.00917	2360.46013
7478.31624	2359.66887
7483.98528	2352.87055
7495.75403	2346.02740
9375.66061	2053.84413
9325.32288	2059.70199
9245.12531	2060.14929
9241.43572	2060.14929
9138.83085	2065.46888
9119.13656	2067.09165
8747.61055	2087.31409
8667.70345	2089.83345
8583.02762	2098.58251
8525.14879	2103.52828
8437.08700	2104.88768
8417.34460	2106.95974
8343.88440	2115.08533
8293.12948	2118.87114
8265.63708	2121.03743
8213.22243	2121.39049
8185.73003	2123.55679
8152.53690	2129.48038
8141.82622	2133.55679
8073.52729	2144.09642
8040.33416	2150.02001
8024.45816	2163.35852
7997.20510	2165.47927
7964.74987	2171.40286
7921.27227	2184.39192