Numfront:	
61	
	
AUGMECON-II:	20
5788.73140	2227.73176
5790.55803	2201.67626
5795.83667	2187.53411
5799.94772	2155.59364
5805.22636	2141.45150
5825.73986	2129.09081
5842.93141	2102.65372
5852.64314	2096.15090
5885.89204	2077.51563
5925.59124	2058.71786
5966.52584	2035.60801
6041.76299	2020.63812
6092.83985	1999.86012
6172.35692	1983.21855
6231.01823	1963.35159
6319.80497	1943.38737
6414.76168	1925.23615
6518.68584	1907.75551
6518.68584	1888.99205
6518.68584	1870.22859
	
NSGA-II_1:	89
7563.84216	1889.48909
6088.33863	2214.53761
7449.50238	1891.91549
7563.84216	1889.48909
7352.61227	1895.76714
7261.04190	1909.35888
7177.86792	1913.24778
7116.02805	1917.52184
6124.12436	2161.32559
6122.79152	2179.74867
6725.97512	1962.35405
6686.65548	1966.50353
6133.66330	2140.09811
6577.55992	1976.49665
6765.20233	1950.64567
6194.44065	2130.52616
7290.77239	1900.04120
7346.75440	1899.90928
7172.01006	1917.38992
6512.17248	1998.81996
6197.73016	2111.89665
6676.99189	1969.74418
6305.45409	2049.53795
6496.62446	2002.89546
6208.41890	2107.75451
6130.97662	2147.73743
6905.55196	1939.23757
6860.34085	1939.75107
6296.99490	2057.95056
6235.68387	2084.35028
7035.08520	1922.27042
6967.78111	1931.58810
6634.68368	1970.77759
6353.26794	2035.49891
6411.47398	2018.75423
6468.79002	2004.47238
6210.20035	2099.53597
6117.81831	2188.48071
6237.46532	2076.13174
6222.34917	2097.75451
6109.38154	2196.11347
7088.90418	1920.42277
6426.83403	2014.36928
6253.77096	2076.06601
7080.29631	1921.75693
6227.77394	2091.25170
6376.41886	2032.67880
6939.94667	1933.16503
7005.79588	1926.41256
6164.91367	2131.23462
7018.45643	1926.03098
7284.91453	1904.18333
6605.39436	1974.91973
6403.40258	2026.79569
6405.61611	2022.89637
6793.03677	1949.06874
6977.96144	1927.98948
6100.24472	2196.76498
6441.05775	2013.33588
6543.01260	1987.14848
6260.89678	2063.70533
6325.53567	2044.36240
6311.31195	2045.39581
6280.97836	2058.52979
6462.93216	2008.61452
6526.99606	1987.72771
6195.08420	2121.15875
6255.03891	2067.84747
6195.08420	2121.15875
6097.55805	2204.40430
6091.02530	2206.89829
6852.31996	1942.17747
6155.53770	2135.37675
6126.81104	2153.68627
6521.13820	1991.86984
7266.89976	1905.21674
6803.21709	1945.47012
6446.91561	2009.19374
6347.41007	2039.64104
6331.39353	2040.22027
6743.32792	1955.36703
6557.47834	1981.67219
6275.12049	2062.67192
6822.32609	1944.92661
6931.33880	1934.49918
6547.07764	1982.55216
6121.12162	2185.75833
6234.83507	2089.47024
6731.83298	1958.21191
	
NSGA-II_2:	78
6831.63862	1865.50377
5960.77512	2203.43667
5990.89528	2155.86905
6069.82729	2071.70006
5992.03179	2131.14769
5961.91162	2178.71531
6011.04511	2127.90213
5980.92494	2175.46976
6090.30071	2027.78234
6012.23564	2109.52491
6780.92794	1867.21950
6763.35435	1875.50377
6070.09686	2049.40511
6503.40682	1916.53029
5982.11547	2157.09254
6712.64367	1877.21950
6394.63692	1944.50602
6090.18981	2045.35593
6543.96493	1914.16273
6362.40477	1950.01371
6179.22993	2007.78234
6571.69109	1906.53029
6630.98042	1902.38816
6475.68066	1924.16273
6331.59100	1955.18926
6028.84311	2103.18078
6037.99070	2094.54633
6222.82110	1983.16499
6110.94566	2017.78234
6636.83828	1898.24602
6273.04623	1976.41252
6495.09202	1922.58581
6419.28663	1943.61233
6562.69615	1912.38816
6599.36778	1903.07048
6026.27859	2104.80355
6046.48243	2083.18078
6150.14183	2008.47245
6381.81613	1948.43679
6449.17784	1938.30487
6686.14086	1891.36163
6046.48243	2083.18078
6351.00236	1953.61233
6242.23246	1981.58806
6430.68904	1940.01371
6599.36778	1903.07048
6040.55523	2092.92355
6661.79419	1897.21261
6107.82913	2025.35593
5997.36152	2129.33851
6180.95561	2003.29691
6052.29886	2074.12647
6310.94604	1965.18926
6706.78581	1881.36163
6691.99872	1887.21950
6455.03571	1934.16273
6325.73313	1959.33139
6469.82279	1928.30487
6195.42396	1996.21578
6216.06891	1986.21578
6202.17614	1993.16499
6305.08818	1969.33139
6128.47408	2015.35593
6141.75943	2012.60679
6072.66139	2047.78234
6054.86339	2072.50370
6087.62529	2046.97871
6253.63487	1977.98944
6667.65206	1893.07048
6775.07008	1871.36163
6291.10537	1973.16499
6107.25614	2027.04443
6253.63487	1977.98944
6284.35318	1976.21578
6150.14183	2008.47245
5967.24135	2176.90613
6712.64367	1877.21950
6661.79419	1897.21261
	
NSGA-II_3:	87
7179.64630	1887.57571
5942.38167	2230.64008
6942.15398	1910.62373
6726.54275	1913.42669
5950.72070	2218.27940
5954.04264	2189.64988
5966.57866	2138.44765
5963.25672	2167.07716
7032.04551	1893.14309
6578.94196	1918.99407
6007.56426	2104.21256
6015.12234	2086.73192
6421.99117	1950.18191
7128.93562	1889.29144
6675.83207	1915.14242
6163.57193	2016.32840
7179.64630	1887.57571
7082.75619	1891.42736
6629.65264	1917.27834
6454.00643	1949.32166
6216.57756	1998.68908
7082.75619	1891.42736
5942.38167	2230.64008
5954.91769	2179.43784
6113.84616	2029.84753
6015.12234	2086.73192
6097.40907	2039.84753
6054.63742	2062.20821
5966.57866	2138.44765
6726.54275	1913.42669
6388.28195	1963.12182
6298.93005	1976.36737
6629.65264	1917.27834
5983.01575	2128.44765
7000.51967	1906.83792
6547.41612	1932.68890
5963.25672	2167.07716
6459.86429	1945.17953
6964.58038	1908.90800
6511.47683	1934.75898
6571.00873	1927.92329
6063.78819	2060.87406
6571.63023	1922.97753
6310.22523	1972.38391
6481.73870	1940.45817
6467.17602	1941.19607
6194.70315	2003.41044
6320.80446	1971.64601
6267.79883	1989.28533
5998.80742	2122.58978
6005.94253	2106.79765
5954.91769	2179.43784
6001.00215	2113.81396
6091.63954	2052.07629
5992.20438	2123.81396
6047.35110	2070.87406
6031.55943	2076.73192
5954.04264	2189.64988
6332.09964	1967.66255
6489.05043	1936.47471
6141.69752	2021.04976
6031.55943	2076.73192
6404.83812	1958.30751
6293.07218	1980.50951
6354.52605	1965.94683
6239.00396	1996.97335
6097.40907	2039.84753
6166.85179	2012.20821
6282.37388	1981.18168
6047.35110	2070.87406
6071.07451	2052.20821
6130.40233	2025.03322
6183.40796	2007.39390
6092.94892	2047.48685
6354.52605	1965.94683
6410.69599	1954.16537
6279.09401	1985.30187
6394.13982	1958.97968
6257.21960	1990.02323
6205.28237	2002.67254
6002.33832	2113.22237
7018.87592	1901.26868
6557.24817	1930.21824
7024.73378	1897.12654
6245.92442	1994.00669
6071.07451	2052.20821
7010.35172	1904.36726
	
NSGA-II_4:	80
7012.27069	1882.69567
6072.96185	2210.30768
6090.26306	2186.61285
6092.98423	2143.82724
6180.82178	2091.00052
6876.56840	1910.26238
6322.25296	2033.28436
6340.57786	2028.10882
6232.09168	2064.94804
6215.74230	2068.89253
6203.24819	2089.28479
6140.14419	2104.36749
6106.93472	2143.62959
6475.34277	1988.08723
6295.21765	2039.53623
6819.93788	1916.52926
6751.65361	1926.52926
6426.89467	1996.86659
6983.98642	1888.55354
6410.39986	2000.91589
6211.44672	2074.94804
6825.79574	1912.38713
6712.32316	1933.72220
6757.51147	1922.38713
6432.75254	1992.72445
6317.64406	2037.82051
6638.98530	1949.98220
6594.20621	1959.88936
6706.46530	1937.86433
6124.71343	2116.28076
6077.25743	2204.25217
6085.96749	2192.66836
6657.13816	1944.11749
6119.94035	2125.99027
6111.70780	2133.92008
6681.70608	1943.41366
6910.92306	1902.60283
6967.49160	1892.60283
6803.44306	1920.57856
6651.28030	1948.25963
6499.09758	1978.89086
6548.27462	1961.69793
6921.56001	1894.41140
6848.22215	1910.67140
6272.86497	2047.72767
6735.15879	1930.57856
6236.38725	2058.89253
6342.89791	2023.28436
6455.17894	1991.00872
6607.56394	1957.55579
6899.20733	1902.60283
6371.43000	2016.09143
6688.33442	1939.58006
6355.36495	2022.25095
6893.34947	1906.74497
6135.84862	2110.42301
6943.98642	1892.69567
6779.93788	1920.67140
6525.92194	1969.88936
6542.41676	1965.84006
6570.70103	1959.98220
6203.24819	2089.28479
6921.56001	1894.41140
6734.74957	1932.00647
6383.57549	2009.91739
6616.55889	1951.69793
6254.54007	2052.90321
6520.06408	1974.03149
6404.54199	2005.05802
6158.46910	2099.19195
6570.70103	1959.98220
6166.06779	2096.14895
6507.59704	1975.06490
6392.07495	2006.09143
6616.55889	1951.69793
6989.84428	1884.41140
6265.52835	2051.32629
6359.82068	2019.11376
6250.81525	2055.04088
6154.57219	2100.51584
	
NSGA-II_5:	80
7203.50176	1914.36726
6485.57362	2216.68338
7191.59265	1917.70577
6630.49566	2038.31875
7150.89142	1920.42277
7005.59759	1942.66705
6927.42200	1958.16431
6609.85071	2048.31875
6597.94160	2051.65725
6532.76895	2107.84023
6552.67848	2104.10891
6556.23977	2086.17899
6490.84538	2197.81301
6487.69438	2211.56342
6586.59621	2059.96677
6702.37007	2005.31312
6952.55070	1945.34509
6510.13470	2138.88379
6492.96613	2192.69305
6508.75827	2146.12450
7008.92586	1938.68359
6554.11901	2091.29895
6735.46857	1990.08783
7117.76411	1925.09543
6501.36576	2170.11484
6645.73798	2031.30093
6977.84531	1944.01093
6565.95126	2069.96677
6647.94160	2023.37298
6615.95126	2041.68250
7061.38894	1931.75693
7034.41386	1934.01093
7129.67321	1921.75693
6503.48651	2164.99488
6910.13543	1959.35966
6544.67806	2104.50173
6595.73798	2059.58520
6747.37767	1986.74933
6668.58655	2013.37298
6659.85071	2020.03448
6577.86036	2066.62827
6523.14033	2121.24447
6756.11352	1980.08783
6517.55970	2133.40750
6563.74763	2077.89472
6806.52740	1974.21983
6496.46332	2180.33237
6824.39779	1970.08783
6909.57333	1962.83697
6836.30689	1966.74933
6768.02262	1976.74933
6636.59621	2031.68250
6857.52510	1965.41518
6715.38732	2005.05885
6785.30919	1975.55398
7094.32288	1930.42277
6530.56533	2115.76818
6558.44339	2078.25104
6727.96070	1998.37211
6519.76332	2125.47955
7020.83497	1935.34509
6723.58827	2003.97896
7082.60715	1930.42277
6940.64159	1948.68359
6500.87260	2177.10233
6506.63751	2151.24447
6525.26109	2116.12450
6512.25546	2133.76382
6892.28676	1964.03232
6874.81167	1964.21983
6767.82925	1980.08783
6952.35732	1948.68359
6504.43389	2159.17241
6937.31332	1952.66705
6494.34256	2185.45233
6690.46096	2008.65162
6680.49566	2010.03448
6724.12317	1998.39735
6789.24083	1975.41518
6853.59346	1965.55398
	
NSGA-II_6:	88
6904.58425	1869.93639
5893.65443	2213.74104
5894.98228	2115.06888
5893.65443	2213.74104
6756.98346	1875.50377
6887.29768	1871.13174
5919.84995	2086.78461
6002.24725	2031.01970
5918.50038	2100.92675
6643.94749	1898.32189
6140.19574	1998.27744
6722.12329	1884.98339
6316.69791	1957.29608
6443.50101	1927.46491
6649.80536	1894.17976
6338.30517	1949.81544
6111.01715	2003.04397
5933.99208	2076.78461
6117.76933	1999.99317
6512.02077	1917.68931
6739.69689	1876.69912
6671.41262	1886.69912
6533.39254	1909.98426
6465.10827	1919.98426
6581.52108	1904.17976
6206.53923	1986.15958
6347.48446	1946.32840
6575.66322	1908.32189
6853.87357	1871.65212
6790.40757	1874.98339
6688.69919	1885.50377
5943.36805	2072.64247
5988.10511	2041.01970
6333.34233	1956.32840
6242.55578	1971.43822
6266.44684	1965.44064
6148.58311	1994.81763
6046.54806	2024.58261
6437.64314	1931.60704
6369.35887	1941.60704
6353.34233	1942.18627
6301.65382	1960.40481
6054.93543	2021.12279
6836.58700	1872.84747
6807.69413	1873.78804
5981.83956	2052.64247
5904.35824	2110.92675
5929.22591	2082.64247
6421.62660	1932.18627
6482.39484	1918.78891
6375.21674	1937.46491
5961.25705	2053.38038
5947.11492	2063.38038
6096.87501	2013.04397
6226.53923	1972.01744
6459.25040	1924.12640
6665.55475	1890.84125
6527.53467	1914.12640
6294.82351	1962.01744
6392.50331	1936.26956
6070.53152	2021.01970
6598.80765	1902.98441
6033.06102	2025.84415
5947.11492	2063.38038
6103.62720	2009.99317
5909.12442	2105.06888
6550.67911	1908.78891
6621.23406	1901.26868
6170.45752	1990.09627
6077.36184	2019.40707
6279.22742	1962.12054
6414.92971	1934.55383
6733.83902	1880.84125
5983.13146	2048.65902
6162.07015	1993.55608
6257.35301	1966.84190
6024.12166	2026.29834
6220.68137	1976.15958
6212.39710	1982.01744
5926.70723	2085.00315
5901.83956	2113.28743
6248.41364	1967.29608
6550.67911	1908.78891
6482.39484	1918.78891
5961.25705	2053.38038
6186.05361	1989.99317
6397.64314	1935.74918
6603.94749	1902.46403
	
NSGA-II_7:	74
6940.57998	1871.10172
6120.60700	2216.20667
6929.86242	1874.59202
6843.68987	1874.95337
6813.38485	1888.18018
6727.21230	1888.54153
6134.08232	2094.92598
6132.36659	2127.35239
6122.32272	2183.78026
6142.85126	2063.69493
6140.58513	2089.00239
6128.82554	2177.85667
6131.09167	2152.54920
6131.09167	2152.54920
6709.66832	1897.50812
6664.29073	1901.41985
6653.57317	1904.91015
6555.12841	1922.64465
6287.31857	2002.37377
6533.60436	1933.03311
6244.47575	2008.09283
6604.02094	1914.26520
6647.71531	1909.05229
6169.85964	2042.60359
6230.19481	2019.93313
6496.13818	1942.93105
6450.32388	1950.18087
6324.48322	1985.04203
6512.84034	1936.79367
6565.84597	1919.15435
6575.89243	1918.88409
6522.88680	1936.52341
6824.36443	1879.77782
6237.97293	2014.01642
6611.66026	1911.90452
6635.12588	1911.00888
6439.60632	1953.67118
6305.12070	1988.09283
6184.82850	2035.21177
6252.11507	2005.73215
6462.55569	1950.07193
6546.77106	1932.06543
6586.60999	1915.39379
6412.67831	1963.43524
6420.64278	1957.06630
6340.32420	1984.73445
6477.84009	1943.36952
6716.49474	1892.03183
6397.31825	1967.82019
6413.00346	1959.42698
6367.63715	1974.70562
6149.35408	2057.77134
6155.71750	2050.88786
6465.68394	1945.79592
6162.22032	2044.96427
6297.48138	1990.45351
6347.03361	1981.09846
6271.47759	2002.68135
6290.97856	1996.37710
6122.32272	2183.78026
6222.86527	2024.96427
6177.18918	2037.57245
6215.22595	2027.32495
6204.19102	2032.16097
6359.99783	1977.06630
6386.60069	1971.31050
6549.27055	1926.78678
6316.84390	1987.40271
6263.83827	2005.04203
6196.55170	2034.52165
6377.11369	1974.55736
6502.12278	1940.28397
6237.83413	2017.57245
6818.50657	1883.91996
	
NSGA-II_8:	78
6899.48221	1883.05002
5907.85940	2190.18672
5907.85940	2190.18672
5917.19259	2140.54118
5947.98247	2068.39254
5918.56307	2109.55099
5930.78761	2095.96283
6656.27235	1889.55295
6859.76923	1885.96110
6747.86898	1888.61740
6770.29539	1886.90167
6035.27656	2039.67891
5987.61214	2050.08302
5974.08406	2061.44334
6390.39191	1936.28831
6610.70151	1896.60616
6505.58692	1915.43606
6013.71373	2043.13382
6075.63659	2016.45391
6396.69711	1932.05322
6548.27510	1902.46403
6446.28076	1920.64209
6083.13422	2009.05649
6123.65362	1994.68458
6036.75237	2030.41681
6312.84935	1955.39172
6115.26626	1998.14439
6232.42352	1966.70885
6514.56503	1910.64209
6254.84993	1964.99312
6053.21018	2018.16964
6076.38204	2012.10729
6436.41009	1929.14214
6185.18571	1987.73538
6616.55937	1892.46403
6328.41284	1942.05322
6287.92721	1960.02895
6219.64294	1970.02895
6269.89402	1961.88439
6419.12352	1930.33749
6877.05580	1884.76575
6570.70151	1900.74830
6488.30035	1916.63141
6143.02801	1994.62665
6753.00882	1888.09702
6483.16051	1917.15179
6173.84179	1989.45111
6413.98368	1930.85787
6345.69941	1940.85787
6463.56733	1919.44674
6587.98808	1899.55295
6043.50455	2027.36601
6086.08766	2002.91092
6046.45800	2021.22044
6368.12582	1939.14214
6531.85160	1909.44674
6154.37193	1992.91092
6542.41723	1906.60616
6300.70779	1956.70885
6161.12412	1989.86012
6092.83985	1999.86012
6322.55498	1946.19535
6318.70721	1951.24959
6195.75188	1976.02653
6191.90412	1981.08076
6770.29539	1886.90167
6465.87394	1918.34714
6191.90412	1981.08076
6440.42290	1924.78423
6201.60975	1971.88439
6350.83925	1940.33749
6638.98578	1890.74830
6633.84594	1891.26868
6565.56167	1901.26868
6882.19564	1884.24537
6201.60975	1971.88439
6183.55053	1988.14439
6146.08003	1992.96885
	
NSGA-II_9:	80
6881.26550	1872.69578
6040.79920	2283.27048
6316.50462	1986.56389
6074.47992	2176.89585
6362.36249	1978.27962
6772.42725	1886.28394
6172.33644	2064.98008
6704.14298	1896.28394
6399.71914	1969.08325
6484.77381	1957.33150
6656.06612	1910.26740
6620.92846	1913.76458
6118.50919	2112.85354
6061.47429	2194.53517
6057.49349	2222.08263
6812.98123	1882.69578
6755.84919	1895.21317
6144.78946	2098.71141
6258.77210	2017.89804
6046.91813	2263.94155
6843.90884	1881.89215
6604.35039	1922.69381
6315.91852	1995.97779
6588.62089	1927.31047
6052.46448	2225.52536
6875.40763	1876.83792
6384.78890	1976.56389
6168.64693	2074.24218
6295.85967	1996.56389
6430.64676	1968.27962
6280.38560	2006.56389
6513.12711	1940.40616
6766.56938	1890.42608
6689.21273	1903.76458
6438.91594	1965.61577
6100.92389	2139.19768
6048.96730	2237.88604
6241.95719	2027.63136
6057.97710	2206.89585
6468.00342	1959.08325
6221.31224	2037.63136
6227.04415	2028.96552
6115.85744	2130.91341
6146.93662	2090.98111
6131.41823	2107.37726
6206.39920	2038.96552
6852.97170	1877.48287
6133.44274	2104.56927
6735.07059	1895.48031
6047.78170	2252.46669
6185.24549	2059.50380
6666.78632	1905.48031
6539.07797	1938.97419
6092.06522	2150.55171
6198.61672	2050.83795
6050.99460	2237.69964
6060.00441	2206.70944
6087.33215	2166.25090
6558.98497	1932.12189
6100.33778	2148.61158
6266.13573	2011.77350
6494.68617	1949.57820
6687.56491	1905.21317
6292.32609	2002.42176
6074.38333	2189.05888
6245.49077	2021.77350
6073.99631	2192.08263
6087.91826	2156.83700
6577.90069	1932.09756
6164.56093	2079.26538
6200.76388	2043.10765
6117.92308	2122.26744
6152.57195	2086.83898
6735.07059	1895.48031
6581.41138	1930.40616
6285.05237	2003.75591
6505.40637	1944.79111
6610.20826	1918.55167
6548.26478	1936.90898
6084.42107	2169.19768
	
NSGA-II_10:	81
7733.88291	1943.86649
6424.63941	2376.64094
7598.57953	1963.86649
7414.17728	1966.22717
7636.99280	1947.71814
6426.46603	2350.58542
6647.63911	2118.17892
7343.72426	1967.65241
6711.43600	2109.61513
7414.17728	1966.22717
6438.12701	2309.59523
6435.32953	2332.94610
6481.43206	2245.32668
6446.99050	2291.95591
6429.40594	2344.72756
6490.29555	2227.68736
6770.96581	2081.43682
6568.92901	2167.10814
6592.20936	2164.89377
7286.60050	1973.37147
6643.70663	2134.78483
7624.52261	1960.07882
7119.77129	2007.06630
7025.86508	2021.64886
7208.42088	1987.65241
7272.96855	1985.05997
7255.07466	1987.06630
6849.81625	2059.72797
6843.20393	2067.94652
6993.90592	2028.70145
6738.67623	2095.87446
7631.13494	1951.86027
7274.44435	1975.79788
6475.28287	2264.10251
6463.11529	2269.39712
6678.45289	2113.00337
6987.29359	2036.91999
6722.81940	2102.53596
6740.15203	2086.61237
6759.51455	2083.56157
6886.48789	2050.41030
6875.08548	2054.00892
6554.30780	2183.71405
6520.26585	2202.38678
6520.55412	2194.74746
6559.94312	2179.57192
6963.52547	2040.51924
6478.22277	2258.24465
6435.32953	2332.94610
6601.19555	2151.74183
6612.89286	2139.96037
7317.28717	1970.07882
6803.94892	2078.04858
6931.62716	2044.59564
7075.71682	2013.56912
7107.61514	2009.49271
6523.49403	2188.88960
6484.37196	2239.46882
6441.06691	2303.73737
6929.25133	2047.19818
7151.29712	1993.37147
7181.98379	1990.07882
6529.12935	2184.74746
7605.46697	1961.41297
6618.52818	2135.81824
6493.23545	2221.82950
6727.68184	2098.97305
6449.93041	2286.09805
6460.17538	2275.25499
6999.76378	2024.55931
6511.69063	2212.38678
7317.28717	1970.07882
6837.34606	2072.08865
6595.56023	2155.88397
7063.56067	2015.99552
7038.02123	2019.22245
6855.67412	2055.58584
6816.10507	2075.62217
6642.60039	2135.65956
6905.89926	2048.83337
7133.28311	1999.94001
	
NSGA-II_11:	78
7344.62632	1904.62142
6210.41138	2258.04699
6899.88348	1926.91602
6693.58913	1958.93161
7274.47292	1908.11860
7077.91185	1914.84582
6642.87845	1960.64734
6223.41701	2240.40767
6950.59416	1925.20029
6475.26312	2012.23321
6968.16776	1916.91602
7215.43951	1908.47307
7018.87843	1915.20029
6806.69759	1946.17811
6524.25647	1994.56507
6255.62429	2219.31541
6503.99357	1995.79613
6711.16272	1950.64734
7293.91564	1906.33715
7097.35457	1913.06437
6878.27622	1934.39666
7164.72883	1910.18879
7148.06525	1911.34864
6761.87340	1948.93161
6256.47694	2207.16677
6332.18326	2121.82240
6761.87340	1948.93161
6487.55648	2005.79613
6414.74097	2057.51185
6428.22644	2056.77395
6472.31151	2021.49531
6386.01052	2073.94894
6330.01158	2132.64419
6348.17099	2121.30891
6290.11655	2177.74599
6269.48257	2189.52745
6527.81814	1984.63080
6239.85410	2230.40767
6964.87339	1918.69747
6707.86836	1952.42880
6444.30186	2038.15681
6501.04196	2005.05822
6399.49599	2073.21104
6441.35024	2047.41890
6348.62035	2111.82240
6402.44761	2063.94894
6383.05890	2083.21104
6317.65909	2137.74599
6371.48634	2089.87253
6431.17805	2047.51185
6276.18432	2180.51765
6549.69255	1979.90944
6874.98186	1936.17811
6599.39678	1972.84934
6531.11251	1982.84934
6364.78459	2098.88234
6275.97442	2187.74599
6290.32646	2170.51765
6853.10745	1940.89947
6596.10242	1974.63080
6458.82603	2022.23321
6310.95734	2146.75580
6304.65345	2155.38531
6360.91371	2105.38531
6458.44399	2028.15681
6296.81830	2168.73619
6262.96879	2205.38531
6263.17869	2198.15697
6552.98692	1978.12798
6575.41333	1976.41225
6809.99195	1944.39666
6832.41836	1942.68093
6621.27119	1968.12798
6252.14746	2223.97058
6297.20035	2162.81260
6364.78459	2098.88234
6856.40182	1939.11802
6617.97682	1969.90944
	
NSGA-II_12:	79
7411.45553	1898.84216
5951.68315	2211.69017
7196.75941	1916.57245
6946.35640	1918.43135
5959.36764	2181.49252
5968.66866	2179.97196
5954.67901	2210.16961
5976.95294	2155.14838
7226.04874	1912.43032
6645.44428	1940.12183
6854.82658	1918.43135
7325.22585	1911.26857
6013.93404	2112.99398
6005.38038	2133.27595
6727.67734	1938.58805
6041.43125	2099.40582
6159.28216	2040.99651
6272.37233	2017.83220
6211.90024	2029.66236
5999.82366	2142.28491
6435.22368	1971.99426
6274.80424	2009.96999
6327.42233	1998.63584
6244.27813	2027.40836
6156.85025	2048.85873
6138.63721	2050.99651
5984.22666	2153.81423
5992.54994	2143.61906
6023.63967	2103.79761
6052.06711	2081.92518
6416.74057	1988.09756
6610.93033	1946.69037
6254.15929	2019.96999
6089.55821	2066.20612
6021.20776	2111.65983
6042.36148	2091.12155
6429.87931	1980.21280
6457.65008	1970.27853
6492.16403	1963.70999
6425.51805	1981.19063
6588.50393	1948.40610
6205.08029	2035.17960
7343.17126	1908.84216
6752.02836	1934.99989
6051.13688	2090.20945
6520.21965	1958.40610
7376.94158	1905.41070
6304.50437	2006.92011
6072.71206	2071.92518
6136.20530	2058.85873
6297.23065	2008.25426
6087.62510	2070.59103
6395.70660	1988.63584
6349.84874	1996.92011
6384.36268	1990.35156
6181.70856	2039.28079
6732.90196	1936.16164
6768.59691	1930.85775
7382.16620	1902.98429
6825.53726	1922.57348
6126.89766	2063.15624
6359.80022	1996.38183
6542.64606	1956.69037
6762.19128	1932.01951
6319.70159	2003.02079
6066.98015	2080.59103
6470.28962	1968.43135
6560.44830	1953.70999
6820.31264	1924.99989
6376.64194	1994.73651
6797.88623	1926.71562
7354.51518	1907.12643
6128.93158	2060.19288
6111.98462	2064.49039
6382.22663	1994.66610
6577.16001	1950.12183
6786.54231	1928.43135
6234.32665	2027.94663
6068.91326	2076.20612
	
NSGA-II_13:	83
6972.78038	1865.72853
5947.07814	2186.40115
5950.85646	2088.45453
6875.89027	1869.58017
6835.28602	1876.25905
6747.00379	1878.77654
6964.17251	1867.06268
5955.26326	2085.94754
5965.49724	2065.94754
6630.52622	1892.36470
6679.27152	1891.78218
6265.62838	1973.41795
6018.50287	2048.30822
6212.94020	1983.31485
6307.23160	1959.37724
6377.65713	1944.55383
6477.76776	1921.64337
6111.75961	2012.07628
6410.03549	1934.64900
6265.94583	1965.67553
6018.18542	2056.05064
6521.74679	1913.52730
6133.63402	2007.35493
5987.37165	2061.22618
6624.66836	1896.50684
6474.75272	1924.20858
6429.44686	1933.07208
6431.90990	1929.92764
6184.17660	1992.86004
5984.77171	2064.23181
6455.89336	1926.36473
6318.63401	1955.77862
6164.44779	2002.17938
6584.66836	1900.64898
6400.38406	1943.62247
6069.89412	2032.20821
6701.14592	1887.06082
6451.32126	1928.35072
6716.52150	1884.83206
6006.64612	2059.51045
6084.93821	2029.09948
6353.08947	1951.09297
6581.34008	1904.63243
6561.74679	1909.38516
6039.08034	2037.38375
6060.05091	2035.91871
6153.04538	2005.77800
6092.08597	2019.74443
6131.17097	2010.49936
6515.88892	1917.66944
6371.79926	1948.69596
6232.49751	1981.43133
6867.28239	1870.91433
6843.89390	1874.92490
6333.67810	1952.66990
6545.73024	1909.96439
6607.68326	1898.42022
6499.87238	1918.24866
6206.05101	1988.13868
6164.76524	1994.43696
6037.77734	2046.59249
5965.49724	2065.94754
6195.57901	1989.26142
6164.76524	1994.43696
6287.82024	1960.95417
6608.65181	1897.08606
6186.63965	1989.71561
6355.78272	1949.27519
6060.95475	2032.66239
6401.64058	1940.99091
6091.18214	2023.00075
6243.75397	1978.13930
6330.66306	1955.23511
6249.56121	1976.83728
6038.17651	2040.64007
6738.39591	1880.11070
6692.53805	1888.39497
6279.21236	1962.28832
6725.12938	1883.49790
6037.77734	2046.59249
6562.79395	1905.37033
6015.58548	2059.05627
6234.81461	1978.59349
	
NSGA-II_14:	79
7250.32416	1912.84421
6162.82692	2206.11482
7192.30176	1918.54339
6176.72492	2173.26099
6924.72392	1944.39437
6169.03134	2174.88377
6177.80028	2143.65271
6815.62050	1945.77723
7083.19834	1919.92624
6514.54552	2009.27588
7032.48766	1921.64197
6932.03565	1940.41092
6328.26392	2046.72935
6583.36968	1982.55155
6197.15533	2127.14990
7083.19834	1919.92624
6764.90983	1947.49296
6251.88104	2092.89287
6634.08036	1980.83582
6326.78811	2055.99145
6474.59978	2010.52728
6982.74633	1938.69519
7199.61348	1914.55993
7250.32416	1912.84421
6467.84759	2013.57808
6443.78600	2015.70283
6424.41407	2029.78938
6359.07769	2041.55381
6253.35685	2083.63077
7019.31807	1929.76757
6234.00180	2100.13358
6387.74243	2039.10706
6276.60240	2075.25355
6541.86717	2000.08778
6679.35900	1957.89592
6221.87669	2109.51058
6278.07821	2065.99145
6220.40089	2118.77267
6195.67953	2136.41199
6308.89198	2060.81591
6730.06967	1956.18019
6229.57027	2107.88780
6546.69804	1991.86923
6210.21522	2124.39062
6696.64557	1956.70057
6520.40339	2005.13375
7000.12698	1931.64197
6431.17595	2022.89576
6673.50113	1962.03806
6655.92754	1970.32233
6188.24805	2139.51058
6242.66811	2095.99145
6212.96941	2121.87126
6267.38947	2078.35213
6673.21411	1969.12698
6570.58910	1985.87165
6747.35624	1954.98484
6648.77977	1979.67738
6285.77178	2064.36867
6185.49386	2142.02994
6529.12445	2000.15350
6654.63764	1975.53524
6757.59810	1951.47641
6552.55590	1987.72710
6992.81525	1935.62543
6393.60029	2034.96492
7025.17593	1925.62543
6266.41673	2080.87149
6437.03382	2018.75362
7199.61348	1914.55993
6696.64557	1956.70057
6982.74633	1938.69519
6431.17595	2022.89576
6528.09696	2003.51097
6413.60236	2031.18003
6401.29387	2033.34215
6241.69537	2098.51081
6668.67026	1970.25660
6552.55590	1987.72710
	
NSGA-II_15:	69
7174.04025	1891.55917
6173.63355	2169.25880
6903.13193	1913.98557
6743.43452	1922.07266
7059.70047	1893.98557
6190.13637	2139.25880
7059.70047	1893.98557
6980.70552	1899.84344
6227.25824	2105.64719
6912.42125	1909.84344
6177.13074	2156.89812
6210.75543	2135.64719
6214.25261	2123.28651
6315.91443	2034.43399
6314.43863	2043.69608
6971.41620	1903.98557
6242.53688	2093.28651
6282.65717	2086.05676
6535.43728	1960.35005
6531.06059	1963.09919
6286.15436	2073.69608
6284.13298	2076.79467
6241.06108	2102.54861
6300.63579	2046.79467
6287.63016	2064.43399
6299.15999	2056.05676
6433.39424	1996.45826
6214.25261	2123.28651
6452.39847	1984.76975
6421.86441	2004.83548
6743.43452	1922.07266
6716.99743	1924.49907
6675.15025	1932.07266
6648.71316	1934.49907
6596.48813	1953.74323
6561.87436	1957.92365
6434.87004	1987.19616
6366.10014	2015.17189
6265.85447	2088.56515
6364.62434	2024.43399
6609.51699	1943.80895
6465.42733	1974.83548
6456.13800	1978.97761
6496.24110	1969.65994
6600.22767	1947.95109
6396.91392	2009.99635
6333.44286	2032.00758
6482.95575	1972.40907
6383.62857	2012.74548
6414.44235	2007.56994
6504.62350	1965.52560
6350.82150	2027.53257
6627.04541	1941.38255
6434.87004	1987.19616
6366.10014	2015.17189
6364.25664	2026.83204
6716.99743	1924.49907
6695.32969	1931.38255
6627.04541	1941.38255
6648.71316	1934.49907
6599.34486	1953.09919
6971.41620	1903.98557
6980.70552	1899.84344
6572.90777	1955.52560
6504.62350	1965.52560
6695.32969	1931.38255
6675.15025	1932.07266
6572.90777	1955.52560
6346.72821	2029.25844
	
NSGA-II_16:	76
6811.62089	1870.84849
5899.41467	2085.53211
6803.01301	1872.18264
6714.73078	1874.70014
5939.04433	2067.22259
5930.22844	2080.35657
5992.89675	2049.33004
5993.10477	2037.53022
6637.83863	1886.03429
6371.66143	1933.62936
6580.89828	1894.31856
6574.14427	1904.25283
6493.74897	1917.06082
6365.80357	1937.77149
6575.04042	1898.46070
6076.38204	2012.10729
6042.86151	2029.75898
6176.57784	1989.06953
6467.62239	1920.16954
6077.47979	2004.24507
6706.12290	1876.03429
6067.77416	2013.44144
6193.00187	1973.21855
6310.09934	1952.58374
6476.23027	1918.83539
6288.78317	1960.36274
6108.29356	1999.06953
6215.42828	1971.50282
6394.08784	1931.91363
6603.32469	1892.60283
6624.57210	1889.42150
6415.33525	1928.73229
6692.85637	1879.42150
6428.60178	1925.34509
6046.45800	2021.22044
6557.46682	1906.74497
6183.29625	1982.41492
6269.89402	1961.88439
5958.31880	2065.50687
5918.68913	2083.81638
6505.49393	1914.01093
6448.55358	1922.29521
6045.48944	2022.55459
5980.38888	2054.12401
5960.91874	2062.50124
6309.11623	1955.74805
6116.90144	1997.73538
6246.24206	1966.32727
6232.42352	1966.70885
6130.71997	1997.35380
6342.23137	1941.67164
6014.97917	2032.80886
5961.11442	2055.83974
6535.90666	1910.16954
6099.90620	2002.52934
6012.37923	2035.81449
6671.60896	1882.60283
6313.94710	1947.52951
6187.14401	1977.36068
6292.09992	1958.04300
6657.79043	1882.98441
6154.37193	1992.91092
6034.25364	2031.09313
6023.58705	2031.47471
6001.71264	2036.19607
5962.08297	2054.50559
6524.56274	1911.88527
5921.28907	2080.81075
6319.80497	1943.38737
6161.98008	1990.19391
6223.81565	1968.04300
5982.98883	2051.11838
6254.84993	1964.99312
6139.32785	1996.01965
6350.83925	1940.33749
6328.41284	1942.05322
	
NSGA-II_17:	77
7386.55832	1923.53827
6182.01394	2314.19742
7201.60013	1951.73887
7119.28553	1952.49472
7311.97502	1930.42954
6965.38038	1975.72233
6515.38191	2074.40607
7335.84764	1925.25400
6615.99757	2043.40837
6369.47804	2113.60817
6367.92760	2122.09340
6876.65494	1982.61360
7306.63065	1938.64809
6270.02605	2217.29963
6691.60320	2024.11745
6281.09492	2189.81383
7224.08170	1947.45600
6226.73477	2256.32506
7026.24225	1969.89949
7386.55832	1923.53827
6922.36328	1975.81528
6214.10452	2273.80570
6274.97518	2201.47039
6580.20543	2055.76905
6582.30527	2049.12743
6978.68332	1971.69109
6842.96264	1988.33266
7031.58661	1961.68094
6322.82818	2156.72696
7119.28553	1952.49472
7068.57485	1954.21045
6546.51313	2061.48811
6662.03521	2030.46159
6467.78309	2080.27482
6242.55571	2249.07420
6218.48275	2270.47235
6256.05620	2221.43661
6391.35245	2108.88681
6453.86536	2087.91414
6884.34852	1980.99083
6760.76468	2004.19053
7268.38252	1941.01891
6405.27018	2101.24749
6637.54902	2036.83983
6817.28687	1994.27613
6626.60608	2042.69035
6749.82174	2010.04104
6195.42683	2294.21623
6189.06580	2305.42847
6424.29738	2094.25828
6293.25107	2187.38742
6308.85833	2160.86394
6719.70176	2013.37955
6529.29964	2066.76675
6912.50667	1979.86447
6489.65750	2075.55346
7245.95611	1942.73464
7068.57485	1954.21045
6328.55268	2137.45971
6333.89705	2129.24116
6327.44843	2148.10981
6250.04267	2231.93299
7244.50989	1946.19445
6296.46210	2177.85143
6243.65997	2238.42410
6802.90376	1999.64006
6204.29240	2283.73672
6301.80647	2169.63288
7044.70222	1959.38599
7001.10973	1969.97536
6444.35808	2091.24749
6346.05320	2126.81476
6202.47870	2285.44729
6786.76341	2000.09424
6742.12817	2011.66382
6727.39534	2011.75677
6310.67204	2159.15337
	
NSGA-II_18:	80
7148.56093	1912.01346
6034.62855	2202.07363
6948.38240	1913.20881
7148.56093	1912.01346
6792.61002	1930.62373
6916.85657	1926.90365
6053.97569	2185.83419
6066.01171	2149.73832
6656.86307	1968.90049
6606.47973	1969.48722
6531.37064	1989.20020
6436.49666	2006.83948
6537.62724	1981.22443
6721.92792	1954.47884
6769.24589	1942.49973
6390.57932	2025.94578
6774.59026	1934.28119
6149.83911	2098.46774
6325.00845	2037.96159
6213.56277	2066.62744
6334.99156	2032.93265
6039.26384	2193.30468
6450.51365	2001.90612
6071.35607	2141.51977
6683.84012	1958.59946
6110.37752	2119.25365
6250.12030	2059.67732
6097.56050	2123.49888
6750.70374	1945.61534
6545.26656	1978.86375
6421.16801	2009.98586
6409.94184	2022.89499
6948.38240	1913.20881
6943.03803	1921.42736
6419.90005	2015.84373
6305.64593	2041.01239
6304.37797	2046.87025
6209.48636	2068.98812
6115.72188	2111.03510
6208.21840	2074.84598
6114.45392	2116.89297
6513.74073	1992.55858
6300.30156	2049.23093
6737.29263	1950.88710
6382.18774	2028.48948
6234.75559	2063.26906
6497.70983	1997.46295
6294.33860	2057.38237
6123.11589	2104.14898
6199.50670	2085.97561
6474.70579	2001.05469
6570.53579	1973.14469
6365.64238	2028.65080
6668.47541	1959.83051
6127.19230	2101.78830
6350.27767	2032.24253
6079.70767	2138.67442
6085.05204	2130.45588
6658.13103	1963.04263
6185.67379	2086.62744
6174.74011	2090.76957
6153.91552	2096.10706
6277.35966	2058.06365
6354.35408	2029.88185
6178.81652	2088.40889
6080.97563	2132.81656
6070.08811	2147.37764
6943.03803	1921.42736
6204.08574	2082.68983
6591.11502	1970.71828
6298.55248	2054.70527
6204.14199	2077.20666
6557.42271	1976.43734
6777.24531	1931.85478
6482.34511	1998.69401
6309.72233	2038.65171
6049.89929	2188.19487
6665.82036	1962.25692
6415.82364	2018.20441
6119.79829	2108.67442
	
NSGA-II_19:	81
6986.10233	1861.65212
5859.82803	2212.14181
5932.27288	2083.57803
6784.93863	1869.51445
5930.26666	2099.43589
5871.48900	2171.15162
5870.06201	2192.14181
5875.56541	2168.79094
6835.64930	1867.79872
6510.11769	1925.08435
5943.20656	2079.43589
6040.84937	2027.17922
6600.00922	1907.60371
5922.03890	2103.57803
6482.38541	1933.94784
6024.41228	2037.17922
6889.21221	1865.50377
5885.79939	2148.79094
5880.35250	2153.51230
6667.31482	1895.85858
5987.53263	2049.43589
5890.58648	2133.51230
6838.50154	1867.21950
6935.39165	1863.36785
6779.08076	1873.65658
6520.85559	1918.18293
5952.78637	2071.21735
6632.62153	1895.98093
6255.38598	1984.37812
6221.08868	1985.71227
5905.35245	2120.66006
6009.40703	2044.71453
6039.69839	2036.48910
6932.53941	1863.94707
5918.47545	2113.51230
6881.82874	1865.66280
5967.01913	2061.79657
6565.15640	1911.74584
6626.76366	1900.12307
6294.60325	1969.26830
6268.13740	1973.95069
6772.46843	1881.87513
5894.66289	2131.15162
6398.64033	1944.48810
6130.00009	2012.65551
6429.45411	1939.31256
6488.53187	1927.00746
6172.38800	1995.57347
6316.47766	1964.54694
6156.37146	1996.15269
6062.72378	2022.45786
6060.21189	2024.12842
6376.76593	1949.20946
6300.46112	1965.12617
6689.18923	1891.13722
6536.87213	1917.60371
6748.61000	1884.70014
6717.47350	1885.27936
6105.56660	2016.73880
5863.90444	2209.78113
5971.09554	2059.43589
6455.06988	1937.20511
6695.04709	1886.99509
6542.73000	1913.46157
5868.16706	2199.78113
6082.08630	2019.40706
6771.03641	1882.98441
6341.74689	1958.82788
6322.33553	1960.40481
6197.65723	1989.85441
6178.24586	1991.43133
5959.64365	2069.43589
6673.17269	1891.71645
6392.78247	1948.63023
6370.90806	1953.35159
6488.24328	1929.80571
6365.17835	1954.68575
6261.24384	1980.23599
6262.27953	1978.09283
6412.22706	1942.92417
6150.51359	2000.29483
	
NSGA-II_20:	77
7376.56969	1884.13515
6193.45429	2307.97235
6212.20364	2213.49734
6210.57298	2266.27544
7220.49167	1886.80241
7088.52431	1890.78587
6322.37787	2090.83370
7196.55892	1888.35946
6984.30695	1910.12389
7136.56772	1890.54501
7328.52628	1884.37601
7268.53508	1886.56155
6926.82009	1911.44008
6198.35413	2290.49171
7057.90460	1906.66898
6444.76177	2013.44602
6878.77668	1911.68094
7010.74404	1907.69749
6852.33959	1914.10735
6644.32904	1964.54777
6272.78279	2111.56064
6247.13166	2156.63832
6346.16034	2052.70811
7376.56969	1884.13515
7328.52628	1884.37601
7268.53508	1886.56155
6301.84346	2108.06345
6244.91795	2178.26110
7082.66644	1894.92801
6708.37703	1943.25099
6393.10025	2041.97021
6739.06371	1939.95833
6687.61301	1947.01155
6320.90206	2100.09580
6541.27715	1983.21362
6765.50079	1937.53193
6443.28596	2022.70811
6271.30698	2120.82273
6253.42774	2128.06345
6326.80529	2069.21093
6394.57606	2032.70811
6475.57555	2008.27047
6219.14980	2207.89822
6207.57354	2280.35840
7076.05411	1903.14655
6788.41871	1933.52124
6734.68702	1942.70747
6483.95795	2004.13613
6813.04505	1918.73416
6251.21403	2149.68623
6344.33371	2066.78452
6599.48003	1973.10961
6665.40711	1950.85294
6795.03103	1925.30270
6650.94137	1956.32922
6539.80134	1992.47571
6562.04117	1979.45306
6809.49677	1919.82641
6840.87949	1917.15723
6245.65585	2165.90042
6325.32948	2078.47302
6251.95193	2137.32555
6627.14809	1966.73605
6511.62600	1997.76257
6209.79034	2268.77598
6232.11318	2184.05415
6229.06238	2191.00336
6560.28386	1982.41949
6355.70568	2048.04560
6298.81727	2109.26568
6219.84296	2201.13666
6580.69880	1976.70392
6373.23411	2045.61919
6425.38984	2027.53257
6344.68453	2061.97021
6528.80696	1995.57430
6412.10449	2030.28171
	
NSGA-II_21:	84
7215.19005	1922.02750
6212.34933	2222.31118
6850.03044	1939.60109
6979.41720	1939.46229
6297.26928	2132.92619
6343.29640	2080.59200
6341.84770	2096.62791
7141.22014	1927.74656
6306.27481	2117.67404
6391.73886	2051.71299
6397.85963	2038.21580
6293.26918	2135.31336
6283.89529	2149.58650
6244.81217	2189.96932
6376.42565	2070.51075
6383.62455	2056.43435
6273.85099	2165.22147
6574.53521	1985.31327
6354.85333	2078.98859
6250.30515	2184.30786
6665.55112	1969.65993
6244.74645	2199.96932
6330.29077	2098.23132
6508.63977	2009.08893
6231.57292	2209.95050
6257.81780	2172.33000
6321.25957	2115.08922
7081.47374	1931.96177
6415.73888	2030.97508
7070.48908	1932.15942
6839.04578	1939.79874
6417.21468	2021.71299
6261.81790	2169.94283
6744.32442	1952.22515
6653.39497	1972.08634
7179.55022	1923.94087
6325.49840	2105.31336
7045.83391	1933.87515
6532.73677	1990.68646
6676.82643	1959.65993
6787.95352	1943.94087
6216.34942	2219.92401
6719.66925	1953.94087
7024.34998	1937.68083
6768.25152	1947.03588
6699.96724	1957.03588
6471.16927	2013.91339
6814.39061	1941.51447
6404.74449	2034.07367
6555.87758	1988.06240
6448.02846	2016.53744
7004.07237	1937.74656
6509.30531	2003.11287
6521.46146	2000.68646
6745.11070	1949.65993
7130.23547	1927.94420
7116.56497	1929.46229
6233.29942	2204.33435
6601.02104	1980.68646
6643.86386	1974.96740
6380.06163	2062.93716
6326.06704	2105.28687
6490.87128	2010.81838
6624.16185	1978.06240
6429.37083	2019.28658
6281.83377	2152.88728
6670.96857	1963.80207
6526.87890	1994.82860
7190.53489	1923.74323
6380.06163	2062.93716
6229.80224	2216.69503
7105.58031	1929.65993
6244.88533	2185.20265
6230.37088	2216.66854
6277.61004	2159.94283
6310.27491	2115.28687
6586.69136	1982.88686
6277.04140	2159.96932
6415.72916	2033.87602
6606.39336	1979.79186
7024.34998	1937.68083
6364.26950	2072.93716
6428.19935	2021.51534
6364.26950	2072.93716
	
NSGA-II_22:	87
7062.07096	1905.09206
6052.70169	2225.90237
6901.92814	1906.28741
6879.50173	1908.00314
6805.03803	1910.13906
6595.80118	1949.44985
6326.11481	2010.95354
6088.33381	2177.69071
6083.69852	2186.45965
6499.57593	1975.50537
6069.17434	2204.74393
6277.03928	2027.39063
6782.61162	1911.85478
6573.37477	1951.16558
6155.63148	2105.11762
6150.44531	2109.75131
6309.67773	2020.95354
6167.16817	2086.76624
6737.09705	1930.33670
6464.06331	1978.21129
6367.90374	2006.18702
6194.35370	2066.80453
6272.40399	2036.15958
6224.13618	2049.75131
6322.18647	2019.10636
6527.86020	1969.64750
6158.45647	2097.89587
6632.66409	1947.02345
6255.96690	2046.15958
6218.35151	2054.98479
6061.41339	2214.77275
6441.63690	1979.92702
6505.43379	1971.36323
6392.56137	1996.36411
6714.67064	1932.05243
6098.37611	2167.96298
6112.25052	2147.37163
6118.68144	2145.46946
6163.09176	2089.12692
6162.53288	2095.53519
6084.25740	2180.05139
6057.33698	2217.13343
6056.77810	2223.54169
6129.93182	2122.11199
6107.61523	2156.14057
6386.70350	2000.50624
6123.31673	2136.70052
6567.51691	1955.30772
6776.75376	1915.99692
6746.81948	1924.21546
6549.29836	1961.16558
6758.53521	1921.85478
6296.40180	2024.33984
6650.87375	1940.61622
6696.26813	1938.11478
6198.98899	2058.03558
6345.47733	2007.90275
6537.58263	1963.52626
6246.56258	2048.03558
6173.84020	2079.16521
6673.30015	1938.90049
6345.47733	2007.90275
6198.98899	2058.03558
6182.55190	2068.03558
6260.60219	2037.39063
6134.00822	2119.75131
6708.81277	1936.19457
6673.30015	1938.90049
6638.52196	1942.88131
6535.99107	1969.00255
6425.19981	1989.92702
6422.06055	1994.55279
6103.01140	2159.19403
6075.59109	2193.61430
6435.77903	1984.06915
6177.91661	2076.80453
6178.47549	2070.39626
6119.24032	2139.06120
6256.52578	2039.75131
6129.37294	2128.52026
6102.45252	2165.60230
6145.81002	2118.52026
6414.98777	1994.64838
6901.92814	1906.28741
6125.29653	2130.88094
6073.80963	2195.97498
6070.95580	2202.38325
	
NSGA-II_23:	67
7151.10854	1888.08921
5979.81176	2180.33147
6914.88839	1891.42771
6913.41258	1900.68981
6710.13495	1902.16562
5996.05873	2132.46739
5988.25855	2176.05457
6048.65937	2080.70984
6031.02005	2100.70984
6013.22205	2125.43120
6683.69786	1904.59202
6613.24484	1906.01726
6174.10748	2013.45361
6014.50553	2110.55116
6122.57765	2021.83083
6175.58328	2004.19151
6069.06876	2068.17497
6066.66429	2076.45924
6532.68962	1924.16273
6121.10184	2031.09293
6162.56824	2017.82750
6103.22260	2038.33365
6583.95552	1910.15940
6231.34755	1993.85510
6291.10537	1973.16499
6267.67391	1985.59139
6556.12108	1911.73632
6134.73380	2019.40443
6469.15518	1937.04379
6085.58328	2058.33365
6613.24484	1906.01726
6442.84519	1937.58731
6388.59996	1955.18926
6088.42381	2051.67215
6586.80775	1908.44367
6022.14485	2108.19048
6075.95362	2064.03283
6538.10707	1918.30487
6394.01740	1949.33139
6543.96493	1914.16273
6399.87527	1945.18926
6473.53186	1934.29465
6321.91914	1967.98944
6303.26151	1970.73858
6187.73943	2001.76511
6412.03141	1942.76285
6206.39706	1999.01597
6100.57995	2049.24575
6110.10746	2034.19151
6278.49532	1980.35792
6490.95930	1931.80205
6520.53347	1926.58914
6503.11545	1929.37564
6376.44381	1957.61566
6359.02578	1960.40217
6250.25588	1988.37790
6028.45552	2102.33262
6004.50553	2128.19048
6238.09974	1990.80431
6102.37381	2043.45361
6284.35318	1976.21578
6334.07529	1965.56304
6218.55320	1996.58956
6346.86964	1962.82858
6430.68904	1940.01371
6442.71809	1939.47020
6096.06313	2049.31147
	
NSGA-II_24:	77
7032.24436	1908.48781
6177.23107	2187.93353
6186.00001	2156.70247
6184.87039	2185.57285
6935.35425	1912.33946
7017.33132	1909.82196
6209.08622	2128.41820
6209.03422	2150.39730
6235.83963	2095.64655
6234.37667	2109.29713
6284.38330	2043.93082
6281.57485	2057.49373
6893.47984	1917.06082
6495.60805	1978.11032
6314.92573	2037.49373
6220.39273	2121.57014
6334.79428	2019.20946
6292.02262	2041.57014
6317.86563	2025.71227
6590.12156	1962.71679
6600.88669	1949.31256
6856.35930	1918.19732
6558.23692	1964.65692
6452.30805	1993.52042
6777.86849	1935.24303
6273.93553	2059.85441
6268.93641	2069.85441
6591.59737	1953.45469
6814.48490	1922.91868
6365.60805	2014.03392
6325.50495	2023.35159
6698.87355	1941.10089
6639.71257	1947.01760
6474.08360	1979.14373
6212.75341	2123.93082
6504.89737	1973.96819
6524.47155	1973.45469
6642.76110	1944.59120
6261.29709	2072.21509
6260.12379	2079.92014
6920.44121	1913.67361
6841.44626	1919.53147
6390.02913	2005.64655
6790.28253	1928.39497
6462.24760	1989.31256
6387.48246	2011.67324
6464.79428	1983.28587
6799.57185	1924.25283
6313.89703	2039.20946
6355.01868	2018.63023
6721.75605	1938.73333
6385.83246	2013.45469
6252.48447	2082.28082
6760.58193	1936.43838
6739.04262	1937.53798
6618.17326	1948.11721
6660.04767	1943.39585
6681.58698	1942.29624
6422.14450	1998.63023
6357.96873	2016.39460
6249.06787	2088.13868
6243.47895	2093.28587
6193.63933	2154.34179
6406.95777	1999.14373
6431.43383	1994.48810
6401.92010	1999.20946
6528.72319	1969.37828
6397.66845	2003.28587
6697.16821	1942.25934
6548.94760	1968.79906
6575.52349	1963.46157
6814.48490	1922.91868
6428.48223	1998.11032
6437.77155	1993.96819
6681.58698	1942.29624
6533.76087	1969.31256
6392.63078	2003.35159
	
NSGA-II_25:	81
7297.29093	1899.39613
6252.33184	2213.39646
6258.09675	2187.53860
7225.07847	1900.59149
6301.51007	2164.13437
6310.90644	2145.16240
6330.04884	2142.73084
6330.26148	2128.65959
7075.90782	1927.54207
7129.08915	1925.24712
6281.34264	2182.36306
6713.03218	2001.98371
6694.71148	2004.27462
6373.67481	2105.25536
6521.40299	2056.67101
6894.17884	1957.37325
6575.54517	2047.13991
6575.68231	2038.89197
6391.20323	2102.82895
6876.60524	1961.51538
7009.79389	1934.69672
6660.02655	2019.62303
6745.10115	1992.67383
7043.34949	1930.42266
6551.25665	2047.59876
6956.78825	1952.33604
6425.05295	2094.09049
6723.29145	1995.34209
6604.26228	2029.95944
7189.93906	1909.00768
7161.42124	1913.79807
6636.33125	2020.64956
6828.55426	1970.95719
7037.49163	1934.56480
6932.22076	1956.47176
6279.97116	2182.81724
6543.47956	2056.47109
6631.60909	2026.18800
6624.85690	2029.23879
6371.03580	2121.05764
6955.44679	1955.07829
6509.58970	2062.08614
6790.04401	1983.42876
6401.80706	2099.26604
6347.78991	2126.23318
6477.55152	2075.74003
6544.64888	2051.49546
7195.79693	1904.86554
6799.97429	1979.88971
7003.93602	1938.83885
6981.21392	1943.62925
6684.45221	2010.91624
6460.02309	2078.16644
6670.28582	2012.98141
6669.88685	2016.37550
6975.35605	1947.77138
6487.71529	2066.80750
6434.70966	2084.44682
6372.19900	2114.51745
6832.06135	1967.36636
6779.05572	1985.00568
6803.48138	1976.29889
6751.85333	1989.62303
6596.48519	2038.83177
6860.62323	1961.64730
7142.79129	1922.50486
6354.31976	2121.75817
6456.58407	2079.72546
7155.56338	1917.94021
6481.89750	2073.44508
6603.23738	2035.78098
6843.04964	1965.78944
6413.07764	2098.10759
7219.22061	1904.73362
6814.46967	1974.72197
6932.22076	1956.47176
6773.19785	1989.14782
6489.33403	2065.98089
6434.70966	2084.44682
6352.13589	2123.93823
7219.22061	1904.73362
	
NSGA-II_26:	69
7050.66986	1881.49344
6470.20041	2208.73592
6915.09902	1920.97306
6760.44797	1925.29049
7046.98034	1890.75554
6743.16140	1926.48584
6994.10131	1891.49344
6692.16370	1935.29049
6654.23218	1946.48584
6978.69607	1900.75554
6478.84961	2142.81073
6484.76614	2127.09246
6488.01059	2108.40848
6530.38298	2040.34862
6473.57785	2161.68111
6529.73803	2059.70367
6674.87713	1936.48584
6650.54266	1955.74794
6600.54266	1984.03221
6563.11660	2010.86900
6926.01469	1915.63557
6982.38559	1891.49344
6942.97013	1914.89767
6470.73585	2203.39156
6471.74607	2188.06788
6491.50778	2096.04780
6490.03789	2108.22208
6634.74567	1958.84652
6584.74567	1987.13079
6550.40492	2022.64357
6545.97998	2028.81930
6481.22052	2139.73409
6961.74063	1901.49344
6482.73883	2127.27886
6506.54071	2078.22208
6946.65964	1905.63557
6471.91614	2176.30952
6512.79768	2066.69276
6922.68642	1919.61903
6604.23218	1974.77011
6622.88140	1973.45299
6692.16370	1935.29049
6760.44797	1925.29049
6671.18761	1945.74794
6515.36042	2061.16198
6958.37537	1905.63557
6580.52072	2001.73726
6604.23218	1974.77011
6621.18761	1974.03221
6624.87713	1964.77011
6472.45158	2170.96515
6529.73803	2059.70367
6671.51875	1945.29049
6498.85761	2091.16198
6546.51542	2023.47493
6530.91842	2035.00425
6496.83030	2091.34839
6493.53508	2095.86140
6943.33137	1909.61903
6499.79205	2084.33208
6581.05616	1996.39289
6584.21023	1992.47516
6513.33312	2061.34839
6500.32749	2078.98771
6626.57091	1964.19089
6530.91842	2035.00425
6530.38298	2040.34862
6571.29136	2005.52463
6571.29136	2005.52463
	
NSGA-II_27:	79
7653.63339	1886.24156
6500.63466	2229.90466
6502.46808	2180.10293
7632.41518	1887.57571
6521.88197	2103.01401
7524.44657	1890.09320
6500.75235	2212.52934
7503.22837	1891.42736
6513.11303	2134.24507
6511.23702	2148.87187
7414.56251	1896.82043
7137.30695	1916.69912
7059.38091	1919.72400
7001.21752	1928.10986
7242.58341	1912.07231
7169.26497	1912.99678
6930.49443	1928.92037
6654.21540	2020.11572
7285.67603	1906.01680
7352.46748	1905.34509
6532.75382	2085.52100
6640.16624	2037.09042
6677.09646	2004.77823
6500.75235	2212.52934
6554.62822	2080.79964
6676.08981	2015.39436
6511.23702	2148.87187
6777.79850	1963.26766
6698.97086	2000.05687
6830.80413	1945.62834
6829.14857	1951.34678
6704.21540	1991.83145
6555.63487	2070.18351
6788.59042	1958.54630
7373.68568	1904.01093
7263.80162	1910.73816
6691.76792	2002.27124
6604.44718	2053.53439
6560.04167	2067.67652
7008.42047	1925.89549
6891.33345	1934.83708
6668.88686	2017.60873
6577.50928	2065.46215
6750.67956	1976.21444
6587.16061	2054.72974
6582.75382	2057.23673
6635.75945	2039.59741
6776.14294	1968.98610
6632.14581	2044.86166
7264.45782	1907.35095
6803.26188	1956.03931
7374.34188	1900.62373
6740.76127	1984.60310
6609.03502	2050.00838
6626.32159	2048.81303
6876.66200	1937.34407
6856.26751	1938.39999
6726.08981	1987.11009
7042.09434	1920.91935
7393.34430	1898.15458
6841.59605	1940.90698
6757.22103	1974.19213
6537.16061	2083.01401
7151.97841	1914.19213
7023.09192	1923.38850
6913.20786	1930.11572
7393.34430	1898.15458
7503.22837	1891.42736
6761.47148	1971.49308
6738.59042	1986.83057
6799.67291	1958.54630
6898.53640	1932.62271
6718.88686	1989.32446
6814.47711	1953.85376
7040.37849	1922.19315
7632.41518	1887.57571
6852.67854	1940.90698
6579.14018	2062.50098
6630.51491	2047.82283
	
NSGA-II_28:	77
7059.01009	1882.69567
6309.15591	2225.30839
6311.22533	2188.46033
6310.12447	2223.97424
7026.81048	1885.22517
6962.11998	1886.54732
6316.99024	2162.60247
6332.78238	2116.03392
6351.19440	2068.16984
6314.35893	2187.12618
6330.60590	2139.26210
6346.39804	2092.69355
6443.00005	2004.98204
6414.64871	2021.49173
6326.86168	2156.09277
6584.29131	1952.19202
6716.36328	1928.66601
6327.01747	2141.89179
6929.92037	1889.07682
6854.67473	1902.46403
6345.42949	2094.02771
6804.69574	1907.36109
6343.10865	2108.22869
6599.74653	1945.61613
6567.00474	1953.38737
6764.99985	1919.68129
6558.39687	1954.72152
6474.02184	1988.00667
6537.75191	1964.72152
6717.61445	1924.20501
6803.18529	1913.00966
6648.07900	1938.66601
6435.29366	2011.49173
6422.35510	2014.98204
6371.83935	2058.16984
6358.90079	2061.66015
6413.83581	2032.51826
6634.81247	1942.05322
6905.17963	1894.83159
6836.89535	1904.83159
6668.03080	1935.61613
6379.54574	2051.66015
6546.35979	1963.38737
6403.82970	2039.86032
6519.66868	1978.20659
6336.37082	2113.40423
6771.95396	1915.13234
6453.37689	1998.00667
6389.92258	2044.68478
6839.76169	1903.79818
6908.04596	1893.79818
6617.03310	1944.42078
6737.20763	1921.91005
6922.95900	1892.46403
6526.40652	1973.03104
6412.43757	2038.52617
6697.19212	1931.01545
6684.87266	1931.97625
7041.72352	1883.89102
6944.83341	1887.74267
6887.89306	1896.02694
6819.60879	1906.02694
6591.13865	1946.95028
6668.03080	1935.61613
6495.89625	1983.28531
6786.86700	1913.79818
6506.76363	1980.23543
6861.63609	1899.07682
6872.98002	1897.36109
6342.65381	2109.52423
6752.68039	1920.64209
6962.11998	1886.54732
6467.28401	1993.18222
6551.65903	1959.89707
6461.98477	1996.67252
6398.53045	2043.35063
6482.62972	1986.67252
	
NSGA-II_29:	83
6916.56288	1869.93639
5919.60326	2252.63972
5956.87047	2152.91389
5964.57557	2118.92660
6884.36327	1872.46589
6819.67277	1873.78804
5926.76649	2227.91837
5943.01347	2180.05428
5937.07794	2204.74916
5920.83097	2252.61324
5927.99420	2227.89188
5935.85023	2204.77564
6079.93007	2030.88665
6681.83223	1895.51391
5997.00396	2083.71566
6341.47205	1964.93428
6405.46977	1952.54831
6514.23967	1924.57258
5948.32860	2166.79068
5950.89312	2165.16790
6060.57503	2047.38947
6040.30041	2049.19617
6363.89846	1963.21855
6263.30662	1986.76443
6651.70077	1900.86650
6573.65596	1916.45768
6011.97235	2081.55685
6078.45427	2040.14875
6781.61530	1880.45968
5984.77942	2097.30382
6289.75632	1977.36068
6110.74385	2025.71111
6160.60417	2018.76099
6802.38620	1874.98339
6448.31172	1940.85787
6556.36940	1917.65303
5973.11744	2105.04981
6225.94996	1995.96080
6468.27514	1935.10310
6029.61167	2061.55685
5944.24118	2180.02780
6195.45216	1999.86012
6787.47316	1876.31754
6304.22206	1971.88439
6256.76374	1990.78526
5967.14010	2117.30382
6713.33103	1890.45968
6020.94536	2065.69898
6038.82460	2058.45827
6751.38850	1883.78804
6326.42796	1968.04300
6431.02515	1942.05322
6624.65367	1907.65303
6148.10175	2022.55459
6387.43658	1954.40375
5979.36464	2103.71566
6704.25864	1893.79818
6125.78794	2022.60238
6584.93128	1911.93397
6485.56171	1933.90775
6020.09656	2070.81895
6501.71676	1929.41461
6295.61419	1973.21855
6219.51375	1997.73538
6278.66668	1982.37948
6668.98734	1899.67115
6241.31002	1991.57585
6180.09210	2004.24507
6635.97437	1903.79818
6719.18889	1886.31754
6602.21785	1910.73862
6547.57462	1921.13034
6163.14460	2013.40601
6462.41728	1939.24524
6372.28582	1959.75873
6322.25525	1970.02895
6531.52624	1923.37723
6174.23424	2008.38721
6416.55941	1947.52951
6734.10193	1884.98339
6899.27631	1871.13174
6069.24134	2043.24733
6422.41728	1943.38737
	
NSGA-II_30:	87
7004.24448	1885.05635
6043.75001	2221.49765
6045.37279	2194.83616
6702.86414	1932.92981
6051.43450	2180.85270
6964.82370	1887.35130
6094.60922	2135.35654
6538.00027	1960.60086
6388.41348	2006.65343
6061.87560	2164.83616
6508.52340	1972.10089
6532.65590	1968.81941
6313.70828	2019.60312
6834.90297	1909.22373
6444.83086	1983.43596
6429.23037	1988.57659
6474.00946	1978.66943
6358.48737	2009.69596
6743.29746	1928.74932
6628.63722	1942.40943
6907.88335	1895.63557
6401.83323	2001.62739
6200.25773	2068.74613
6336.06096	2011.41169
6270.96041	2042.98111
6817.24640	1913.82701
6115.70286	2116.96270
7004.24448	1885.05635
6226.18132	2052.88827
6048.86997	2182.47548
6371.12691	2007.84878
6293.06333	2029.60312
6874.66502	1902.07266
6274.07862	2037.91264
6157.26968	2095.86030
6251.68594	2044.69684
6137.25210	2107.03040
6555.28684	1959.40551
6330.99485	2018.40777
6084.16812	2151.37308
6685.57757	1934.12516
6612.70546	1947.65117
6186.55165	2071.19779
6179.61278	2078.74613
6165.90670	2081.19779
6123.54602	2109.48206
6205.53637	2062.88827
6582.77936	1950.69370
6047.93731	2193.21338
6839.59908	1905.63557
6310.13737	2027.26955
6789.04510	1917.50801
6064.44013	2163.21338
6081.60359	2152.99586
6560.35295	1952.40943
6095.05791	2126.96270
6088.44538	2142.53286
6137.41859	2098.67843
6896.53943	1897.35130
6451.58305	1980.38516
6617.29330	1944.12516
6287.78469	2035.46099
6158.06354	2088.67843
6248.05573	2048.16691
6651.06363	1940.69370
6930.30976	1893.91985
6862.02549	1903.91985
6891.84332	1900.93946
6243.46789	2051.69292
6680.98973	1937.65117
6503.93556	1975.62690
6572.06868	1952.40943
6788.07655	1918.84216
6942.94929	1892.07266
6223.19782	2062.17748
6422.47818	1991.62739
6408.58542	1998.57659
6097.62243	2125.33992
6744.26602	1927.41517
6225.76235	2060.55470
6307.57285	2028.89233
6766.61870	1919.22373
6595.41889	1948.84652
6663.70316	1938.84652
6486.64899	1976.82225
6766.61870	1919.22373
6139.98311	2097.05565
	
Math-AUGMECON-II_1:	60
5790.55803	2201.67625
5795.83667	2187.53411
5797.89856	2181.64913
5799.94772	2155.59362
5804.02413	2153.23294
5805.22636	2141.45149
5809.30277	2139.09081
5814.93809	2134.94867
5825.73986	2129.09081
5839.97261	2119.67003
5842.93141	2102.65372
5848.56673	2098.51158
5852.64314	2096.15090
5863.44490	2090.29304
5869.08023	2086.15090
5877.29460	2082.79427
5889.96844	2075.15495
5906.40553	2065.15495
5914.79932	2063.43922
5917.37686	2062.07449
5926.89617	2053.91753
5937.68810	2049.19617
5964.35072	2040.53585
5966.52584	2035.60801
5973.36957	2034.67778
5977.31776	2030.88665
6008.13154	2025.71111
6019.33658	2022.35385
6048.00937	2018.24805
6056.83484	2014.24507
6060.83000	2013.10857
6066.68787	2008.96643
7544.73828	1852.46263
7367.26672	1854.46698
7309.69313	1854.46698
7240.98344	1857.11826
7126.79597	1857.80549
7103.36451	1857.80549
7051.64190	1859.00084
7023.13586	1860.23189
6980.25134	1860.45677
6940.50737	1861.65212
6928.52873	1861.65212
6900.02270	1862.88317
6843.61726	1865.50377
6803.13259	1866.73482
6780.92794	1867.21950
6714.73078	1874.70014
6684.24850	1880.75565
6671.60896	1882.60283
6624.57210	1889.42150
6603.32469	1892.60283
6575.04042	1898.46070
6555.78846	1902.08245
6533.36206	1903.79818
6518.68584	1907.75551
6505.30160	1910.64898
6483.04595	1915.23615
6467.68813	1916.56016
6450.40156	1917.75551
	
Math-AUGMECON-II_2:	56
5790.55803	2201.67625
5799.94772	2155.59362
5825.73986	2129.09081
5831.37518	2124.94867
5842.93141	2102.65372
5860.85751	2092.79427
5877.29460	2082.79427
5898.19116	2068.51158
5937.68810	2049.19617
5945.90247	2045.83954
5964.35072	2040.53585
5996.31764	2027.53002
6008.13154	2025.71111
6014.92979	2024.86084
6050.15036	2017.17831
6056.83484	2014.24507
6066.68787	2008.96643
6071.62192	2008.38721
6075.29574	2007.63228
6086.08766	2002.91092
6115.49615	1994.37812
6134.85867	1991.32732
6165.67244	1986.15178
6176.35209	1982.08204
6182.20995	1977.93991
6831.63862	1865.50377
6780.92794	1867.21950
6775.07008	1871.36163
6738.16224	1874.70014
6706.12290	1876.03429
6684.24850	1880.75565
6657.79043	1882.98441
6624.57210	1889.42150
6589.50616	1892.98441
6570.10636	1899.03992
6555.78846	1902.08245
6533.36206	1903.79818
6503.22111	1912.35782
6483.04595	1915.23615
6467.68813	1916.56016
6450.40156	1917.75551
6446.28076	1920.64209
6426.10560	1923.52042
6414.76168	1925.23615
6392.88727	1929.95751
6380.24773	1931.80469
6357.82133	1933.52042
6347.02941	1938.24178
6328.41284	1942.05322
6319.80497	1943.38737
6309.01305	1948.10873
6303.15518	1952.25087
6287.95859	1955.06732
6284.25842	1956.46032
6261.83201	1958.17605
6253.44464	1961.63587
	
Math-AUGMECON-II_3:	58
5788.73140	2227.73176
5790.55803	2201.67625
5795.83667	2187.53411
5799.94772	2155.59362
5810.86168	2137.30935
5831.37518	2124.94867
5839.76896	2123.23294
5839.97261	2119.67003
5842.93141	2102.65372
5869.08023	2086.15090
5889.96844	2075.15495
5898.19116	2068.51158
5917.37686	2062.07449
5919.24835	2059.43589
5935.11055	2050.56090
5945.90247	2045.83954
5966.52584	2035.60801
5996.31764	2027.53002
6014.92979	2024.86084
6041.76299	2020.63812
6056.83484	2014.24507
6066.68787	2008.96643
6077.47979	2004.24507
6084.32352	2003.31485
6092.83985	1999.86012
6109.63828	1998.52026
6111.08935	1996.88511
6130.45187	1993.83431
7154.76234	1857.80549
7103.36451	1857.80549
7051.64190	1859.00084
7023.13586	1860.23189
6980.25134	1860.45677
6928.52873	1861.65212
6714.73078	1874.70014
6671.60896	1882.60283
6624.57210	1889.42150
6578.71423	1897.70577
6570.10636	1899.03992
6555.78846	1902.08245
6545.07779	1903.79818
6505.30160	1910.64898
6483.04595	1915.23615
6467.68813	1916.56016
6450.40156	1917.75551
6414.76168	1925.23615
6410.35488	1927.74314
6399.10444	1929.41461
6392.88727	1929.95751
6380.24773	1931.80469
6353.41453	1936.02741
6328.41284	1942.05322
6319.80497	1943.38737
6309.01305	1948.10873
6298.29037	1954.55383
6287.95859	1955.06732
6261.83201	1958.17605
6253.44464	1961.63587
	
Math-AUGMECON-II_4:	56
5790.55803	2201.67625
5795.83667	2187.53411
5797.89856	2181.64913
5805.22636	2141.45149
5825.73986	2129.09081
5831.37518	2124.94867
5842.93141	2102.65372
5847.00782	2100.29304
5848.56673	2098.51158
5856.78110	2095.15495
5863.44490	2090.29304
5869.08023	2086.15090
5898.19116	2068.51158
5914.79932	2063.43922
5925.59124	2058.71786
5926.89617	2053.91753
5935.11055	2050.56090
5945.90247	2045.83954
5966.52584	2035.60801
5977.31776	2030.88665
5996.31764	2027.53002
6019.23507	2023.10970
6039.35844	2021.89967
6046.04292	2018.96643
6056.83484	2014.24507
6066.68787	2008.96643
6077.47979	2004.24507
6092.83985	1999.86012
6111.83973	1996.50349
6134.75715	1992.08317
6161.12412	1989.86012
6980.25134	1860.45677
6928.52873	1861.65212
6900.02270	1862.88317
6877.81806	1863.36785
6871.74440	1864.56822
6843.61726	1865.50377
6825.23938	1866.73482
6803.13259	1866.73482
6775.07008	1871.36163
6714.73078	1874.70014
6706.12290	1876.03429
6684.24850	1880.75565
6680.21683	1881.26868
6649.18255	1884.31856
6637.83863	1886.03429
6615.96422	1890.75565
6603.32469	1892.60283
6589.50616	1892.98441
6570.10636	1899.03992
6533.36206	1903.79818
6518.68584	1907.75551
6505.30160	1910.64898
6483.04595	1915.23615
6467.68813	1916.56016
6450.40156	1917.75551
	
Math-AUGMECON-II_5:	44
5790.55803	2201.67625
5795.83667	2187.53411
5797.89856	2181.64913
5799.94772	2155.59362
5805.22636	2141.45149
5810.86168	2137.30935
5825.73986	2129.09081
5831.37518	2124.94867
5839.97261	2119.67003
5842.93141	2102.65372
5863.44490	2090.29304
5869.08023	2086.15090
5885.89204	2077.51563
5898.19116	2068.51158
5906.40553	2065.15495
5919.24835	2059.43589
5935.11055	2050.56090
5945.90247	2045.83954
5964.35072	2040.53585
5966.52584	2035.60801
5977.31776	2030.88665
6019.23507	2023.10970
6045.74356	2019.68530
6060.83000	2013.10857
6066.68787	2008.96643
7186.57996	1857.11826
7103.36451	1857.80549
7051.64190	1859.00084
7023.13586	1860.23189
6980.25134	1860.45677
6940.50737	1861.65212
6928.52873	1861.65212
6922.45508	1862.85249
6900.02270	1862.88317
6877.81806	1863.36785
6871.74440	1864.56822
6843.61726	1865.50377
6831.63862	1865.50377
6803.13259	1866.73482
6780.92794	1867.21950
6714.73078	1874.70014
6692.85637	1879.42150
6684.24850	1880.75565
6680.21683	1881.26868
	
Math-AUGMECON-II_6:	68
5790.55802	2201.67627
5842.93141	2102.65372
5847.00782	2100.29304
5869.08023	2086.15090
5877.29460	2082.79427
5877.67766	2080.87226
5889.96844	2075.15495
5898.19116	2068.51158
5917.37686	2062.07449
5935.11055	2050.56090
5945.90247	2045.83954
5964.35072	2040.53585
5977.31776	2030.88665
6008.13154	2025.71111
6019.23507	2023.10970
6041.76299	2020.63812
6046.04292	2018.96643
6065.44271	2012.91092
6066.68787	2008.96643
6086.08766	2002.91092
6092.83985	1999.86012
6111.08935	1996.88511
6115.49615	1994.37812
6134.75715	1992.08317
6146.30992	1989.20258
6165.67244	1986.15178
6180.96480	1981.88439
6193.00187	1973.21855
6201.60975	1971.88439
6208.45348	1970.95417
6226.61144	1965.85858
6231.01823	1963.35159
6253.44464	1961.63587
6900.02270	1862.88317
6877.81806	1863.36785
6831.63862	1865.50377
6803.13259	1866.73482
6780.92794	1867.21950
6714.73078	1874.70014
6684.24850	1880.75565
6657.79043	1882.98441
6649.18255	1884.31856
6637.83863	1886.03429
6615.96422	1890.75565
6603.32469	1892.60283
6589.50616	1892.98441
6580.89828	1894.31856
6575.04042	1898.46069
6548.27510	1902.46403
6533.36206	1903.79818
6518.68584	1907.75551
6505.30160	1910.64898
6479.40386	1916.56016
6450.40156	1917.75551
6443.39217	1922.32507
6426.10560	1923.52042
6414.76168	1925.23615
6392.88727	1929.95751
6390.49657	1930.74877
6375.10790	1932.32507
6357.82133	1933.52042
6351.96347	1937.66255
6347.02941	1938.24178
6328.41284	1942.05322
6313.94710	1947.52951
6299.30251	1953.35159
6287.95859	1955.06732
6261.83201	1958.17605
	
Math-AUGMECON-II_7:	60
5790.55802	2201.67632
5797.89856	2181.64913
5799.94772	2155.59362
5805.22636	2141.45149
5831.37518	2124.94867
5860.85751	2092.79427
5869.08023	2086.15090
5914.79932	2063.43922
5926.89617	2053.91753
5935.11055	2050.56090
5964.35072	2040.53585
5966.52584	2035.60801
5973.36957	2034.67778
5977.31776	2030.88665
6008.13154	2025.71111
6014.97527	2024.78088
6045.74356	2019.68530
6050.15036	2017.17831
6060.83000	2013.10857
6073.53160	2008.03621
6077.47979	2004.24507
6092.83985	1999.86012
6115.49615	1994.37812
6146.30992	1989.20258
6161.56500	1987.93991
6163.53145	1987.22152
6172.35692	1983.21855
6182.20995	1977.93991
6189.05368	1977.00968
6193.00187	1973.21855
6940.50737	1861.65212
6928.52873	1861.65212
6843.61726	1865.50377
6803.13259	1866.73482
6714.73078	1874.70014
6706.12290	1876.03429
6657.79043	1882.98441
6649.18255	1884.31856
6646.44651	1884.70014
6624.57210	1889.42150
6603.32469	1892.60283
6580.89828	1894.31856
6575.04042	1898.46070
6565.56167	1901.26868
6548.27510	1902.46403
6533.36206	1903.79818
6518.68584	1907.75551
6505.30160	1910.64898
6500.33252	1914.04080
6483.04595	1915.23615
6467.68813	1916.56016
6450.40156	1917.75551
6446.28076	1920.64209
6426.10560	1923.52042
6414.76168	1925.23615
6410.35488	1927.74314
6392.88727	1929.95751
6380.24773	1931.80469
6375.10790	1932.32507
6357.82133	1933.52042
	
Math-AUGMECON-II_8:	65
5795.83667	2187.53411
5809.30277	2139.09082
5842.93141	2102.65372
5856.78110	2095.15495
5906.40553	2065.15495
5919.24835	2059.43589
5937.68810	2049.19617
5964.35072	2040.53585
5966.52584	2035.60801
5984.16149	2029.95642
6008.13154	2025.71111
6041.76299	2020.63812
6050.04884	2017.93415
6056.83484	2014.24507
6066.68787	2008.96643
6086.08766	2002.91092
6092.83985	1999.86012
6111.08935	1996.88511
6115.49615	1994.37812
6134.85867	1991.32732
6146.30992	1989.20258
6161.56500	1987.93991
6163.53145	1987.22152
6182.20995	1977.93991
6193.00187	1973.21855
6201.60975	1971.88439
6211.83253	1969.78868
6226.61144	1965.85858
6231.01823	1963.35159
6253.44464	1961.63587
6261.83197	1958.17606
6284.25842	1956.46032
6877.81806	1863.36785
6871.74440	1864.56822
6843.61726	1865.50377
6714.73078	1874.70014
6649.18255	1884.31856
6637.83863	1886.03429
6624.57210	1889.42150
6615.96422	1890.75565
6603.32469	1892.60283
6580.89828	1894.31856
6570.10636	1899.03992
6565.56167	1901.26868
6548.27510	1902.46403
6533.36206	1903.79818
6518.68584	1907.75551
6514.56503	1910.64209
6505.30160	1910.64898
6483.04595	1915.23615
6462.11729	1917.75551
6446.28076	1920.64209
6426.10560	1923.52042
6414.76168	1925.23615
6410.35488	1927.74314
6392.88727	1929.95751
6380.24773	1931.80469
6357.82133	1933.52042
6347.02941	1938.24178
6338.63562	1939.95751
6328.41284	1942.05322
6319.80497	1943.38737
6317.62092	1946.77458
6309.01305	1948.10873
6299.30251	1953.35159
	
Math-AUGMECON-II_9:	50
5788.73140	2227.73176
5790.55803	2201.67625
5795.83667	2187.53411
5799.94772	2155.59362
5805.22636	2141.45149
5809.30277	2139.09081
5825.73986	2129.09081
5839.97261	2119.67003
5842.93141	2102.65372
5848.56673	2098.51158
5863.44490	2090.29304
5869.08023	2086.15090
5881.75407	2078.51158
5898.19116	2068.51158
5914.79932	2063.43922
5919.24835	2059.43589
5935.11055	2050.56090
5964.35072	2040.53585
5966.52584	2035.60801
5996.31764	2027.53002
6041.10184	2021.67215
6050.15036	2017.17831
6066.68787	2008.96643
6877.81806	1863.36785
6871.74440	1864.56822
6831.63862	1865.50377
6803.13259	1866.73482
6772.30437	1874.70014
6714.73078	1874.70014
6692.85637	1879.42150
6684.24850	1880.75565
6657.79043	1882.98441
6649.18256	1884.31856
6615.96422	1890.75565
6603.32469	1892.60283
6580.89828	1894.31856
6575.04042	1898.46070
6555.78846	1902.08245
6533.36206	1903.79818
6505.30160	1910.64898
6483.04595	1915.23615
6467.68813	1916.56016
6426.10560	1923.52042
6399.10444	1929.41461
6380.24773	1931.80469
6357.82133	1933.52042
6313.94710	1947.52951
6287.95859	1955.06732
6284.25842	1956.46032
6261.83201	1958.17605
	
Math-AUGMECON-II_10:	34
5788.73140	2227.73176
5790.55803	2201.67627
5795.83667	2187.53411
5797.89856	2181.64913
5799.94772	2155.59362
5805.22636	2141.45149
5809.30277	2139.09081
5814.93809	2134.94867
5825.73986	2129.09081
5842.93141	2102.65372
5847.00782	2100.29304
5848.56673	2098.51158
5856.78110	2095.15495
5869.08023	2086.15090
5877.29460	2082.79427
7568.16974	1852.46263
7413.83526	1854.46698
7309.69313	1854.46698
7210.01142	1857.11826
7186.57996	1857.11826
7103.36451	1857.80549
7063.62054	1859.00084
7051.64190	1859.00084
7023.13586	1860.23189
6980.25134	1860.45677
6940.50737	1861.65212
6928.52873	1861.65212
6900.02270	1862.88317
6877.81807	1863.36785
6871.74440	1864.56822
6843.61726	1865.50377
6831.63862	1865.50377
6803.13259	1866.73482
6714.73078	1874.70014
	
Math-AUGMECON-II_11:	48
5788.73140	2227.73176
5790.55802	2201.67627
5795.83667	2187.53411
5799.94772	2155.59362
5804.02412	2153.23294
5805.22636	2141.45149
5810.86168	2137.30935
5825.73986	2129.09081
5839.97261	2119.67003
5842.93141	2102.65372
5848.56673	2098.51158
5869.08023	2086.15090
5877.29460	2082.79427
5898.19116	2068.51158
5914.79932	2063.43922
5926.89617	2053.91753
5945.90247	2045.83954
5966.52584	2035.60801
5996.31764	2027.53002
6039.35844	2021.89967
6041.66148	2021.39397
6066.68787	2008.96643
7333.12459	1854.46698
7240.98353	1857.11826
7210.01142	1857.11826
7103.36451	1857.80549
7063.62101	1859.00083
6980.25134	1860.45677
6928.52873	1861.65212
6877.81806	1863.36785
6871.74440	1864.56822
6853.74542	1865.50377
6843.61726	1865.50377
6831.63862	1865.50377
6803.13259	1866.73482
6714.73078	1874.70014
6706.12290	1876.03429
6692.85637	1879.42150
6637.83863	1886.03429
6615.96422	1890.75565
6589.50616	1892.98441
6575.04042	1898.46070
6548.27510	1902.46403
6518.68584	1907.75551
6503.22111	1912.35782
6500.33252	1914.04080
6483.04595	1915.23615
6467.68813	1916.56016
	
Math-AUGMECON-II_12:	56
5790.55803	2201.67625
5799.94772	2155.59362
5804.02413	2153.23294
5805.22636	2141.45149
5825.73986	2129.09081
5842.93141	2102.65372
5848.56673	2098.51158
5863.44490	2090.29304
5869.08023	2086.15090
5877.67766	2080.87226
5881.75407	2078.51158
5889.96844	2075.15495
5898.19116	2068.51158
5906.40553	2065.15495
5914.79932	2063.43922
5917.37686	2062.07449
5919.24834	2059.43590
5925.59124	2058.71786
5935.11055	2050.56090
5945.90247	2045.83954
5964.35072	2040.53585
5966.52584	2035.60801
5973.36957	2034.67778
5996.31764	2027.53002
6008.13154	2025.71111
6045.74356	2019.68530
6050.15036	2017.17831
6066.68787	2008.96643
6073.53160	2008.03621
6077.47979	2004.24507
6086.08766	2002.91092
7309.69313	1854.46698
7186.58109	1857.11826
6928.52873	1861.65212
6853.74542	1865.50377
6803.13259	1866.73482
6780.92794	1867.21950
6714.73078	1874.70014
6637.83863	1886.03429
6603.32469	1892.60283
6580.89828	1894.31856
6575.04042	1898.46070
6555.78846	1902.08245
6533.36206	1903.79818
6518.68584	1907.75551
6483.04595	1915.23615
6467.68813	1916.56016
6450.40156	1917.75551
6426.10560	1923.52042
6414.76169	1925.23615
6392.88727	1929.95751
6380.24773	1931.80469
6375.10790	1932.32507
6357.82133	1933.52042
6347.02941	1938.24178
6319.80497	1943.38737
	
Math-AUGMECON-II_13:	57
5797.89856	2181.64913
5869.08023	2086.15090
5877.29460	2082.79427
5906.40553	2065.15495
5914.79932	2063.43922
5919.24835	2059.43589
5925.59124	2058.71786
5926.89617	2053.91753
5945.90247	2045.83954
5964.35072	2040.53585
5966.52584	2035.60801
5977.31776	2030.88665
5996.31764	2027.53002
6019.33658	2022.35385
6045.74356	2019.68530
6066.68787	2008.96643
6077.47979	2004.24507
6092.83985	1999.86012
6115.49615	1994.37812
6134.75715	1992.08317
6146.30992	1989.20258
6161.56500	1987.93991
6172.35692	1983.21855
6182.20995	1977.93991
6190.81783	1976.60575
6193.00187	1973.21855
6231.01823	1963.35159
6253.44464	1961.63587
6257.42521	1960.68304
6940.50737	1861.65212
6871.74440	1864.56822
6865.72405	1865.50377
6831.63862	1865.50377
6714.73078	1874.70014
6692.85637	1879.42150
6684.24850	1880.75565
6671.60896	1882.60283
6624.57210	1889.42150
6603.32469	1892.60283
6580.89828	1894.31856
6555.78846	1902.08245
6533.36206	1903.79818
6518.68584	1907.75551
6514.56503	1910.64209
6499.44373	1914.79111
6467.68813	1916.56016
6450.40156	1917.75551
6426.10560	1923.52042
6408.90381	1929.37828
6399.10444	1929.41461
6375.10790	1932.32507
6357.82133	1933.52042
6353.41453	1936.02741
6351.96346	1937.66255
6328.41284	1942.05322
6317.62092	1946.77458
6303.15518	1952.25087
	
Math-AUGMECON-II_14:	51
5790.55803	2201.67625
5799.94772	2155.59362
5805.22636	2141.45149
5809.30277	2139.09081
5814.93809	2134.94867
5831.37518	2124.94867
5839.76896	2123.23294
5839.97261	2119.67003
5842.93141	2102.65372
5848.56673	2098.51158
5852.64314	2096.15090
5856.78110	2095.15495
5860.85751	2092.79427
5877.29460	2082.79427
5881.75407	2078.51158
5885.89204	2077.51563
5889.96844	2075.15495
5906.40553	2065.15495
5914.79932	2063.43922
5919.24835	2059.43589
5926.89617	2053.91753
5945.90247	2045.83954
5964.35072	2040.53585
5966.52584	2035.60801
5973.36957	2034.67778
5977.31776	2030.88665
5996.31764	2027.53002
6019.33658	2022.35385
6048.00937	2018.24805
6056.83484	2014.24507
6060.83000	2013.10857
6066.68787	2008.96643
7186.57985	1857.11826
7051.64212	1859.00083
7023.13586	1860.23189
6980.25134	1860.45677
6928.52873	1861.65212
6922.45508	1862.85249
6803.13259	1866.73482
6714.73078	1874.70014
6692.85637	1879.42150
6671.60896	1882.60283
6657.79043	1882.98441
6649.18255	1884.31856
6646.44651	1884.70014
6624.57210	1889.42150
6580.89828	1894.31856
6570.10636	1899.03992
6548.27510	1902.46403
6533.36206	1903.79818
6518.68584	1907.75551
	
Math-AUGMECON-II_15:	46
5799.94772	2155.59362
5809.30277	2139.09081
5814.93809	2134.94867
5839.76896	2123.23294
5842.93141	2102.65372
5847.00782	2100.29304
5860.85751	2092.79427
5869.08023	2086.15090
5877.29460	2082.79427
5889.96844	2075.15495
5898.19116	2068.51158
5914.79932	2063.43922
5926.89617	2053.91753
5945.90247	2045.83954
5964.35072	2040.53585
5977.31776	2030.88665
5996.31763	2027.53002
6008.13154	2025.71111
6019.23507	2023.10970
6056.83484	2014.24507
6066.68787	2008.96643
6077.47979	2004.24507
6115.49615	1994.37812
6165.57093	1986.90763
6172.35692	1983.21855
6182.20995	1977.93991
7154.76238	1857.80549
7051.64190	1859.00084
6980.25134	1860.45677
6940.50737	1861.65212
6900.02270	1862.88317
6714.73085	1874.70013
6692.85637	1879.42150
6671.60896	1882.60283
6646.44651	1884.70014
6624.57210	1889.42150
6603.32469	1892.60283
6589.50616	1892.98441
6570.10636	1899.03992
6555.78846	1902.08245
6533.36206	1903.79818
6518.68584	1907.75551
6504.33304	1911.98313
6483.04595	1915.23615
6467.68813	1916.56016
6450.40156	1917.75551
	
Math-AUGMECON-II_16:	63
5877.29460	2082.79427
5881.75407	2078.51158
5906.40553	2065.15495
5917.37686	2062.07449
5926.89617	2053.91753
5935.11055	2050.56090
5937.68810	2049.19617
5966.52584	2035.60801
5977.31776	2030.88665
5996.31764	2027.53002
6019.33658	2022.35385
6041.76299	2020.63812
6060.83000	2013.10857
6066.68787	2008.96643
6077.47979	2004.24507
6092.83985	1999.86012
6099.68358	1998.92990
6111.08935	1996.88511
6115.49615	1994.37812
6134.75715	1992.08317
6146.30992	1989.20258
6161.56500	1987.93991
6176.35209	1982.08204
6187.14401	1977.36068
6193.00187	1973.21855
6208.45348	1970.95417
6223.81565	1968.04300
6226.61144	1965.85858
6803.13259	1866.73482
6780.92794	1867.21950
6714.73078	1874.70014
6706.12290	1876.03429
6692.85637	1879.42150
6671.60896	1882.60283
6657.79043	1882.98441
6637.83863	1886.03429
6624.57210	1889.42150
6603.32469	1892.60283
6580.89828	1894.31856
6575.04042	1898.46070
6570.10636	1899.03992
6555.78846	1902.08245
6533.36206	1903.79818
6518.68584	1907.75551
6505.30160	1910.64898
6483.04595	1915.23615
6467.68813	1916.56016
6450.40156	1917.75551
6446.28076	1920.64209
6426.10560	1923.52042
6414.76171	1925.23614
6392.88727	1929.95751
6357.82133	1933.52042
6347.02941	1938.24178
6338.63562	1939.95751
6328.41284	1942.05322
6319.80497	1943.38737
6313.94710	1947.52951
6309.01305	1948.10873
6287.95859	1955.06732
6261.83201	1958.17605
6253.44464	1961.63587
6231.01823	1963.35159
	
Math-AUGMECON-II_17:	42
5788.73140	2227.73176
5790.55803	2201.67625
5794.63443	2199.31557
5795.83667	2187.53411
5797.89856	2181.64913
5799.94772	2155.59362
5805.22636	2141.45149
5810.86168	2137.30935
5825.73986	2129.09081
5831.37518	2124.94867
5839.97261	2119.67003
5842.93141	2102.65372
5847.00782	2100.29304
5860.85751	2092.79427
5863.44489	2090.29305
5869.08023	2086.15090
5881.75407	2078.51158
5889.96844	2075.15495
5898.19116	2068.51158
5906.40553	2065.15495
5919.24835	2059.43589
5926.89617	2053.91753
7309.69313	1854.46698
7298.66569	1856.99649
7186.57996	1857.11826
7103.36451	1857.80549
7051.64190	1859.00084
7023.13586	1860.23189
6980.25152	1860.45677
6928.52873	1861.65212
6900.02270	1862.88317
6877.81806	1863.36785
6871.74440	1864.56822
6831.63868	1865.50376
6803.13259	1866.73482
6780.92794	1867.21950
6714.73078	1874.70014
6684.24850	1880.75565
6657.79043	1882.98441
6624.57210	1889.42150
6615.96422	1890.75565
6580.89828	1894.31856
	
Math-AUGMECON-II_18:	53
5790.55803	2201.67625
5795.83667	2187.53411
5797.89855	2181.64913
5805.22636	2141.45149
5810.86168	2137.30935
5825.73986	2129.09081
5839.97261	2119.67003
5842.93141	2102.65372
5847.00782	2100.29304
5852.64314	2096.15090
5856.78110	2095.15495
5863.44490	2090.29304
5869.08023	2086.15090
5877.29460	2082.79427
5877.67766	2080.87226
5889.96844	2075.15495
5898.19116	2068.51158
5906.40553	2065.15495
5917.37686	2062.07449
5919.24835	2059.43589
5926.89617	2053.91753
5937.68810	2049.19617
5945.90247	2045.83954
5964.35072	2040.53585
5966.52584	2035.60801
5977.31776	2030.88665
7103.36451	1857.80549
6928.52873	1861.65212
6900.02289	1862.88317
6780.92794	1867.21950
6775.07008	1871.36163
6714.73078	1874.70014
6680.21683	1881.26868
6657.79043	1882.98441
6649.18255	1884.31856
6603.32469	1892.60283
6589.50616	1892.98441
6570.10636	1899.03992
6555.78846	1902.08245
6533.36206	1903.79818
6518.68584	1907.75551
6505.30160	1910.64898
6483.04595	1915.23615
6467.68813	1916.56016
6450.40156	1917.75551
6426.10560	1923.52042
6414.76168	1925.23615
6408.90381	1929.37828
6390.49657	1930.74877
6380.24773	1931.80469
6357.82133	1933.52042
6353.41453	1936.02741
6347.02941	1938.24178
	
Math-AUGMECON-II_19:	62
5790.55803	2201.67625
5794.63443	2199.31557
5795.83667	2187.53411
5799.94772	2155.59362
5804.02413	2153.23294
5805.22636	2141.45149
5825.73986	2129.09081
5839.97261	2119.67003
5842.93141	2102.65372
5848.56673	2098.51158
5877.29460	2082.79427
5881.75407	2078.51158
5898.19116	2068.51158
5919.24835	2059.43589
5937.68810	2049.19617
5964.35072	2040.53585
5966.52584	2035.60801
6008.13154	2025.71111
6019.23507	2023.10970
6019.33658	2022.35385
6046.04292	2018.96643
6054.04833	2016.67148
6066.68787	2008.96643
6092.83985	1999.86012
6115.49615	1994.37812
6134.85867	1991.32732
6146.30992	1989.20258
6169.57042	1985.64495
6172.35692	1983.21855
6182.20995	1977.93991
6193.00187	1973.21855
6980.25134	1860.45677
6928.52873	1861.65212
6877.81806	1863.36785
6831.63862	1865.50377
6780.92794	1867.21950
6775.07008	1871.36163
6714.73078	1874.70014
6692.85637	1879.42150
6684.24850	1880.75565
6671.60896	1882.60283
6657.79043	1882.98441
6624.57210	1889.42150
6589.50616	1892.98441
6563.08372	1906.67924
6533.36206	1903.79818
6518.68584	1907.75551
6505.30160	1910.64898
6483.04595	1915.23615
6467.68813	1916.56016
6450.40156	1917.75551
6426.10560	1923.52042
6410.35488	1927.74314
6392.88727	1929.95751
6390.49657	1930.74877
6375.10790	1932.32507
6357.82133	1933.52042
6338.63562	1939.95751
6319.80497	1943.38737
6313.94710	1947.52951
6299.16002	1953.38737
6287.95859	1955.06732
	
Math-AUGMECON-II_20:	53
5788.73140	2227.73176
5790.55803	2201.67625
5794.63443	2199.31557
5795.83667	2187.53411
5797.89856	2181.64913
5799.94772	2155.59362
5805.22636	2141.45149
5810.86168	2137.30935
5831.37518	2124.94867
5839.97261	2119.67003
5842.93141	2102.65372
5848.56673	2098.51158
5863.44490	2090.29304
5885.89204	2077.51563
5898.19116	2068.51158
5906.40553	2065.15495
5919.24835	2059.43589
5935.11055	2050.56090
5945.90247	2045.83954
5964.35072	2040.53585
5977.31776	2030.88665
5984.16149	2029.95642
5996.31764	2027.53002
6019.33658	2022.35385
6060.83000	2013.10857
6073.53160	2008.03621
6084.32352	2003.31485
6111.08935	1996.88511
7367.26672	1854.46698
7309.69313	1854.46698
7186.57996	1857.11826
7103.36451	1857.80549
7063.62054	1859.00084
7051.64190	1859.00084
6980.25134	1860.45677
6922.45508	1862.85249
6877.81806	1863.36785
6843.61726	1865.50377
6831.63862	1865.50377
6803.13259	1866.73482
6780.92794	1867.21950
6714.73078	1874.70014
6706.12290	1876.03429
6684.24850	1880.75565
6657.79043	1882.98441
6649.18255	1884.31856
6637.83863	1886.03429
6624.57210	1889.42150
6589.50616	1892.98441
6578.71423	1897.70577
6555.78846	1902.08245
6533.36206	1903.79818
6518.68584	1907.75551
	
Math-AUGMECON-II_21:	48
5790.55803	2201.67625
5794.63443	2199.31557
5795.83667	2187.53411
5797.89856	2181.64913
5799.94772	2155.59362
5805.22636	2141.45149
5814.93809	2134.94867
5825.73986	2129.09081
5842.93141	2102.65372
5852.64314	2096.15090
5881.75407	2078.51158
5898.19116	2068.51158
5917.37686	2062.07449
5926.89617	2053.91753
5935.11055	2050.56090
5966.52584	2035.60801
5977.31776	2030.88665
6041.10184	2021.67215
6041.66148	2021.39397
6046.04292	2018.96643
7186.57996	1857.11826
7103.36451	1857.80549
7051.64190	1859.00084
7023.13586	1860.23189
6980.25134	1860.45677
6928.52873	1861.65212
6843.61726	1865.50377
6831.63862	1865.50377
6803.13259	1866.73482
6780.92794	1867.21950
6714.73078	1874.70014
6692.85637	1879.42150
6671.60896	1882.60283
6657.79043	1882.98441
6649.18255	1884.31856
6637.83863	1886.03429
6615.96422	1890.75565
6603.32469	1892.60283
6589.50616	1892.98441
6580.89828	1894.31856
6570.10636	1899.03992
6555.78846	1902.08245
6518.68584	1907.75551
6505.30160	1910.64898
6483.04595	1915.23615
6467.68813	1916.56016
6446.28076	1920.64209
6426.10560	1923.52042
	
Math-AUGMECON-II_22:	54
5790.55802	2201.67627
5795.83667	2187.53411
5797.89856	2181.64913
5799.94772	2155.59362
5805.22636	2141.45149
5810.86168	2137.30935
5814.93809	2134.94867
5825.73986	2129.09081
5831.37518	2124.94867
5839.97261	2119.67003
5842.93141	2102.65372
5852.64314	2096.15090
5856.78110	2095.15495
5869.08023	2086.15090
5881.75407	2078.51158
5889.96844	2075.15495
5898.19116	2068.51158
5906.40553	2065.15495
5926.89617	2053.91753
5937.68810	2049.19617
5945.90247	2045.83954
5966.52584	2035.60801
7051.64190	1859.00084
6900.02278	1862.88317
6877.81806	1863.36785
6803.13259	1866.73482
6780.92794	1867.21950
6775.07008	1871.36163
6714.73078	1874.70014
6706.12290	1876.03429
6692.85638	1879.42149
6671.60896	1882.60283
6649.18255	1884.31856
6637.83863	1886.03429
6624.57210	1889.42150
6589.50616	1892.98441
6570.10636	1899.03992
6565.56167	1901.26868
6548.27510	1902.46403
6533.36206	1903.79818
6518.68584	1907.75551
6505.30160	1910.64898
6499.44373	1914.79111
6450.40156	1917.75551
6426.10560	1923.52042
6414.76168	1925.23615
6390.49657	1930.74877
6380.24773	1931.80469
6357.82133	1933.52042
6338.63562	1939.95751
6319.80497	1943.38737
6309.01305	1948.10873
6287.95859	1955.06732
6261.83201	1958.17605
	
Math-AUGMECON-II_23:	53
5799.94772	2155.59362
5825.73986	2129.09081
5831.37518	2124.94867
5842.93141	2102.65372
5847.00782	2100.29304
5881.75407	2078.51158
5889.96844	2075.15495
5906.40553	2065.15495
5914.79932	2063.43922
5926.89617	2053.91753
5935.11055	2050.56090
5937.68810	2049.19617
5964.35072	2040.53585
5966.52584	2035.60801
5977.31776	2030.88665
6041.10184	2021.67215
6046.04292	2018.96643
6050.15036	2017.17831
6060.83000	2013.10857
6084.32352	2003.31485
6092.83985	1999.86012
6099.68358	1998.92990
6111.83973	1996.50349
6130.45187	1993.83431
6146.30992	1989.20258
6161.56500	1987.93991
6170.08391	1985.57923
7103.36451	1857.80549
6900.02270	1862.88317
6706.12290	1876.03429
6680.21683	1881.26868
6611.93256	1891.26868
6580.89828	1894.31856
6555.78846	1902.08245
6533.36206	1903.79818
6518.68584	1907.75551
6500.33252	1914.04080
6483.04595	1915.23615
6467.68813	1916.56016
6426.10560	1923.52042
6410.35488	1927.74314
6399.10444	1929.41461
6392.88727	1929.95751
6380.24773	1931.80469
6375.10790	1932.32507
6357.82133	1933.52042
6338.63562	1939.95751
6328.41284	1942.05322
6319.80497	1943.38737
6303.15518	1952.25087
6287.95859	1955.06732
6284.25842	1956.46032
6261.83201	1958.17605
	
Math-AUGMECON-II_24:	61
5795.83667	2187.53411
5797.89856	2181.64913
5799.94772	2155.59362
5804.02413	2153.23294
5805.22636	2141.45149
5831.37518	2124.94867
5839.66946	2123.92327
5839.97261	2119.67003
5842.93141	2102.65372
5856.78110	2095.15495
5860.85751	2092.79427
5869.08023	2086.15090
5877.67766	2080.87226
5881.75407	2078.51158
5898.19116	2068.51158
5919.24835	2059.43589
5926.89617	2053.91753
5964.35072	2040.53585
5966.52584	2035.60801
6008.13154	2025.71111
6019.23507	2023.10970
6046.04292	2018.96643
6048.00937	2018.24805
6056.83484	2014.24507
6060.83000	2013.10857
6066.68787	2008.96643
6077.47979	2004.24507
6084.32352	2003.31485
6086.08766	2002.91092
6099.68358	1998.92990
6109.63828	1998.52026
6111.08935	1996.88511
6115.49615	1994.37812
7023.13586	1860.23189
6980.25134	1860.45677
6928.52873	1861.65212
6900.02270	1862.88317
6877.81806	1863.36785
6843.61726	1865.50377
6831.63862	1865.50377
6803.13264	1866.73482
6780.92794	1867.21950
6775.07008	1871.36163
6714.73078	1874.70014
6692.85639	1879.42149
6680.21683	1881.26868
6657.79043	1882.98441
6637.83863	1886.03429
6615.96422	1890.75565
6600.58864	1892.98441
6589.50616	1892.98441
6575.04042	1898.46070
6555.78846	1902.08245
6548.27510	1902.46403
6533.36206	1903.79818
6518.68584	1907.75551
6504.33304	1911.98313
6483.04595	1915.23615
6467.68813	1916.56016
6450.40156	1917.75551
6426.10560	1923.52042
	
Math-AUGMECON-II_25:	48
5790.55803	2201.67625
5795.83667	2187.53411
5797.89856	2181.64913
5799.94772	2155.59362
5805.22636	2141.45149
5831.37518	2124.94867
5839.76896	2123.23294
5839.97261	2119.67003
5842.93141	2102.65372
5848.56673	2098.51158
5852.64314	2096.15090
5860.85751	2092.79427
5877.29460	2082.79427
5881.75407	2078.51158
5885.89204	2077.51563
5889.96844	2075.15495
5898.19116	2068.51158
5906.40553	2065.15495
5917.37686	2062.07449
5926.89617	2053.91753
5935.11055	2050.56090
5945.90247	2045.83954
5966.52584	2035.60801
5984.16149	2029.95642
5996.31764	2027.53002
6008.13154	2025.71111
6041.76299	2020.63812
6046.04292	2018.96643
7264.41492	1857.11826
7186.57996	1857.11826
7154.76238	1857.80549
7126.79597	1857.80549
7063.62054	1859.00084
7023.13586	1860.23189
6980.25134	1860.45677
6928.52873	1861.65212
6877.81806	1863.36785
6871.74440	1864.56822
6843.61726	1865.50377
6831.63868	1865.50376
6803.13259	1866.73482
6780.92794	1867.21950
6775.07008	1871.36163
6714.73078	1874.70014
6706.12290	1876.03429
6692.85637	1879.42150
6684.24850	1880.75565
6657.79043	1882.98441
	
Math-AUGMECON-II_26:	37
5790.55803	2201.67625
5795.83667	2187.53411
5799.94772	2155.59362
5805.22636	2141.45149
5809.30277	2139.09081
5831.37518	2124.94867
5842.93141	2102.65372
5856.78110	2095.15495
5863.44490	2090.29304
5877.29460	2082.79427
5881.75407	2078.51158
5885.89204	2077.51563
5906.40553	2065.15495
5919.24835	2059.43589
5966.52584	2035.60801
5973.36957	2034.67778
5996.31764	2027.53002
6019.23507	2023.10970
6019.33658	2022.35385
6066.68787	2008.96643
6077.47979	2004.24507
7023.13586	1860.23189
6980.25134	1860.45677
6940.50737	1861.65212
6922.45508	1862.85249
6900.02270	1862.88317
6714.73078	1874.70014
6684.24850	1880.75565
6671.60896	1882.60283
6657.79043	1882.98441
6649.18255	1884.31856
6624.57210	1889.42150
6615.96422	1890.75565
6603.32469	1892.60283
6589.50616	1892.98441
6580.89828	1894.31856
6578.71423	1897.70577
	
Math-AUGMECON-II_27:	49
5788.73140	2227.73176
5790.55803	2201.67625
5799.94772	2155.59362
5805.22636	2141.45149
5825.73986	2129.09081
5842.93141	2102.65372
5877.29460	2082.79427
5881.75407	2078.51158
5898.19116	2068.51158
5906.40553	2065.15495
5917.37686	2062.07449
5926.89617	2053.91753
5935.11055	2050.56090
5937.68810	2049.19617
5945.90247	2045.83954
5964.35072	2040.53585
5966.52584	2035.60801
6045.74356	2019.68530
6050.15036	2017.17831
6056.83484	2014.24507
6077.47979	2004.24507
6092.83985	1999.86012
6134.85867	1991.32732
6146.30992	1989.20258
6165.57093	1986.90763
6165.67244	1986.15178
6172.35692	1983.21855
6193.00187	1973.21855
6208.45348	1970.95417
6220.60963	1968.52776
7635.44909	1852.46262
7544.73828	1852.46263
7356.26167	1854.46698
7309.69313	1854.46698
7186.57996	1857.11826
7149.93305	1857.80549
7103.36451	1857.80549
7051.64190	1859.00084
7023.13592	1860.23189
6980.25134	1860.45677
6928.52873	1861.65212
6900.02270	1862.88317
6877.81806	1863.36785
6871.74440	1864.56822
6843.61726	1865.50377
6831.63862	1865.50377
6803.13259	1866.73482
6780.92794	1867.21950
6775.07008	1871.36163
	
Math-AUGMECON-II_28:	53
5790.55803	2201.67625
5795.83667	2187.53411
5797.89856	2181.64913
5799.94772	2155.59362
5805.22636	2141.45149
5809.30277	2139.09081
5842.93141	2102.65372
5860.85751	2092.79427
5863.44490	2090.29304
5906.40553	2065.15495
5919.24835	2059.43589
5926.89617	2053.91753
5935.11055	2050.56090
5964.35072	2040.53585
5966.52584	2035.60801
5977.31776	2030.88665
6041.66148	2021.39397
6056.83484	2014.24507
6066.68787	2008.96643
6077.47979	2004.24507
6111.08935	1996.88511
6111.83973	1996.50349
6134.85867	1991.32732
6161.56500	1987.93991
6165.67244	1986.15178
6172.35692	1983.21855
6182.20995	1977.93991
6199.84560	1972.28832
6231.01823	1963.35159
7051.64190	1859.00084
7023.13586	1860.23189
6940.50737	1861.65212
6928.52873	1861.65212
6922.45508	1862.85249
6900.02270	1862.88317
6877.81806	1863.36785
6871.74440	1864.56822
6843.61726	1865.50377
6831.63862	1865.50377
6803.13259	1866.73482
6780.92794	1867.21950
6714.73078	1874.70014
6692.85637	1879.42150
6684.24850	1880.75565
6657.79043	1882.98441
6646.44651	1884.70014
6624.57210	1889.42150
6615.96422	1890.75565
6589.50616	1892.98441
6580.89828	1894.31856
6565.56167	1901.26868
6555.78846	1902.08245
6548.27510	1902.46403
	
Math-AUGMECON-II_29:	62
5788.73140	2227.73176
5790.55803	2201.67625
5799.94772	2155.59362
5805.22636	2141.45149
5842.93141	2102.65372
5852.64314	2096.15090
5877.29460	2082.79427
5877.67766	2080.87226
5898.19116	2068.51158
5906.40553	2065.15495
5919.24835	2059.43589
5926.89617	2053.91753
5937.68809	2049.19617
5945.90247	2045.83954
5964.35072	2040.53585
5966.52584	2035.60801
5977.31776	2030.88665
6008.13154	2025.71111
6019.33658	2022.35385
6048.00937	2018.24805
6060.83000	2013.10857
6071.62192	2008.38721
6077.47979	2004.24507
6092.83985	1999.86012
6111.08935	1996.88511
6115.49615	1994.37812
6134.85867	1991.32732
6146.30992	1989.20258
6165.67244	1986.15178
6176.35209	1982.08204
6900.02270	1862.88317
6877.81806	1863.36785
6803.13259	1866.73482
6780.92794	1867.21950
6714.73078	1874.70014
6706.12290	1876.03429
6692.85637	1879.42150
6680.21683	1881.26868
6657.79043	1882.98441
6649.18255	1884.31856
6624.57210	1889.42150
6589.50616	1892.98441
6580.89828	1894.31856
6570.10636	1899.03992
6555.78846	1902.08245
6533.36206	1903.79818
6518.68584	1907.75551
6505.30160	1910.64898
6500.33252	1914.04080
6483.04595	1915.23615
6467.68813	1916.56016
6450.40156	1917.75551
6446.28076	1920.64209
6426.10560	1923.52042
6414.76168	1925.23615
6399.10444	1929.41461
6380.24773	1931.80469
6357.82133	1933.52042
6338.63562	1939.95751
6319.80497	1943.38737
6303.15518	1952.25087
6287.95859	1955.06732
	
Math-AUGMECON-II_30:	62
5790.55803	2201.67625
5795.83667	2187.53411
5797.89856	2181.64913
5799.94772	2155.59362
5805.22636	2141.45149
5814.93809	2134.94867
5831.37518	2124.94867
5842.93141	2102.65372
5848.56673	2098.51158
5852.64314	2096.15090
5856.78110	2095.15495
5869.08022	2086.15090
5877.67766	2080.87226
5881.75407	2078.51158
5898.19116	2068.51158
5917.37686	2062.07449
5919.24835	2059.43589
5935.11055	2050.56090
5945.90247	2045.83954
5964.35072	2040.53585
5966.52584	2035.60801
5973.36957	2034.67778
5996.31764	2027.53002
6008.13154	2025.71111
6046.04292	2018.96643
6048.00937	2018.24805
6066.68787	2008.96643
6075.29574	2007.63228
6077.47979	2004.24507
6980.25134	1860.45677
6928.52873	1861.65212
6900.02270	1862.88317
6877.81806	1863.36785
6871.74440	1864.56822
6831.63862	1865.50377
6803.13259	1866.73482
6780.92794	1867.21950
6714.73078	1874.70014
6692.85637	1879.42150
6684.24850	1880.75565
6680.21683	1881.26868
6657.79043	1882.98441
6649.18255	1884.31856
6624.57210	1889.42150
6615.96422	1890.75565
6611.93256	1891.26868
6589.50616	1892.98441
6580.89828	1894.31856
6570.10636	1899.03992
6555.78846	1902.08245
6548.27510	1902.46403
6533.36206	1903.79818
6518.68584	1907.75551
6505.30160	1910.64898
6503.22111	1912.35782
6483.04595	1915.23615
6467.68813	1916.56016
6450.40156	1917.75551
6444.54370	1921.89764
6426.10560	1923.52042
6414.76168	1925.23615
6399.10444	1929.41461