Numfront:	
61	
	
AUGMECON-II:	21
2978.78248	1771.12231
2979.76788	1722.87334
2981.39698	1708.41635
2987.36010	1673.82002
2991.14389	1636.18070
2995.27243	1623.71348
3004.61460	1594.49377
3021.70274	1565.69600
3045.84281	1537.34412
3058.70964	1509.97694
3086.31614	1478.22060
3114.27892	1445.26082
3129.15896	1415.41950
3166.43006	1390.14429
3217.10708	1357.04571
3272.38573	1334.68503
3356.70512	1305.29789
3447.32255	1277.60303
3544.28276	1248.43544
3774.06013	1218.64748
4290.24399	1191.16684
	
NSGA-II_1:	66
3973.67809	1198.80616
3130.34610	1521.42303
3130.76665	1517.86012
3138.60105	1441.85804
3632.76411	1239.05845
3967.95168	1204.72975
3558.87256	1241.35340
3894.06013	1207.02470
3774.06013	1218.64748
3847.95168	1216.35253
3678.87256	1229.73063
3149.73425	1433.38984
3150.97608	1410.14429
3742.82907	1228.64748
3189.64828	1391.41225
3189.92714	1370.70157
3638.49052	1233.13486
3853.67809	1210.42894
3398.52554	1291.35340
3226.82856	1358.34089
3392.04391	1299.96367
3328.79595	1313.65850
3527.64151	1251.35340
3231.69689	1349.96367
3423.27496	1289.96367
3517.05214	1255.29789
3175.39329	1401.93263
3196.82856	1369.96367
3758.49052	1221.51208
3367.29449	1301.35340
3262.92794	1339.96367
3221.15820	1360.70157
3252.10720	1347.60299
3511.32573	1261.22148
3489.14297	1263.65850
3350.97871	1311.22148
3157.87749	1409.40639
3553.14615	1247.27700
3752.76411	1227.43567
3465.09539	1276.01918
3304.74837	1326.01918
3312.48017	1323.52658
3472.82720	1273.52658
3441.59614	1283.52658
3281.24912	1333.52658
3318.20658	1317.60299
3478.55361	1267.60299
3286.97553	1327.60299
3553.14615	1247.27700
3514.64762	1259.58209
3447.32255	1277.60299
3356.70512	1305.29789
3354.30060	1309.58209
3485.82108	1265.29789
3360.02701	1303.65850
3325.47406	1315.29789
3180.22151	1392.41730
3139.02160	1438.29513
3433.86433	1286.01918
3273.51731	1336.01918
3447.32255	1277.60299
3392.79913	1297.27700
3178.39732	1396.55944
3847.95168	1216.35253
3286.97553	1327.60299
3245.20578	1348.34089
	
NSGA-II_2:	68
3973.67809	1198.80616
3150.63062	1477.92686
3165.89343	1432.89012
3162.40360	1472.55367
3558.87256	1241.35340
3623.90072	1240.21690
3959.08828	1205.88820
3742.82907	1228.64748
3894.06013	1207.02470
3678.87256	1229.73063
3774.06013	1218.64748
3839.08828	1217.51098
3187.63752	1422.20780
3853.67809	1210.42894
3190.04214	1403.24287
3227.70825	1380.05134
3228.99320	1363.80015
3638.49052	1233.13486
3211.78622	1392.56055
3250.73729	1353.11783
3194.91047	1394.86565
3430.54244	1287.65857
3447.32255	1277.60299
3752.76411	1227.43567
3255.60562	1344.74061
3847.95168	1216.35253
3392.79913	1297.27700
3286.97553	1327.60299
3398.52554	1291.35340
3266.65931	1340.60862
3527.64151	1251.35340
3172.79485	1432.15222
3156.74415	1473.78473
3553.14615	1247.27700
3281.24912	1333.52658
3272.38573	1334.68503
3632.76411	1239.05845
3967.95168	1204.72975
3216.65455	1384.18333
3184.56783	1426.77903
3342.11531	1312.37993
3328.79595	1313.65850
3502.46233	1262.37993
3190.04214	1403.24287
3233.86153	1355.42293
3318.20658	1317.60299
3478.55361	1267.60299
3758.49052	1221.51208
3233.86153	1355.42293
3303.61678	1324.68503
3463.96380	1274.68503
3367.29449	1301.35340
3432.73275	1284.68503
3222.33171	1381.28080
3638.49052	1233.13486
3398.52554	1291.35340
3758.49052	1221.51208
3360.02701	1303.65850
3471.23128	1272.37993
3310.88426	1322.37993
3352.70468	1308.43544
3177.66641	1427.51693
3544.28276	1248.43544
3383.93574	1298.43544
3517.05214	1255.29789
3513.05170	1258.43544
3489.14297	1263.65850
3216.61747	1388.07421
	
NSGA-II_3:	69
3973.67809	1198.80616
3200.37155	1654.84920
3853.67809	1210.42894
3638.49052	1233.13486
3959.08828	1205.88820
3743.90072	1228.59412
3758.49052	1221.51208
3839.08828	1217.51098
3203.40710	1542.93899
3202.42326	1590.33238
3200.37155	1654.84920
3201.35538	1607.45582
3590.94369	1253.00294
3247.21838	1462.94744
3552.44515	1265.30804
3558.17156	1259.38444
3599.99199	1245.43996
3265.04584	1433.12098
3436.61875	1303.46085
3460.18766	1302.45580
3513.40160	1280.16132
3404.12228	1328.86709
3491.89739	1281.10017
3205.03776	1527.62641
3201.35538	1607.45582
3412.02764	1325.87712
3477.30759	1288.18221
3318.25047	1360.54289
3422.02895	1310.54289
3533.71782	1267.15569
3233.00319	1469.84681
3332.84027	1353.46085
3472.43926	1296.55944
3281.71030	1408.36284
3967.95168	1204.72975
3847.95168	1216.35253
3286.57863	1399.98561
3572.21635	1254.85059
3270.01009	1414.12775
3623.90072	1240.21690
3301.16843	1392.90357
3348.84364	1351.22777
3265.14176	1422.50497
3527.99141	1273.07928
3222.49440	1495.08306
3215.54654	1502.39016
3313.38214	1368.92012
3306.43506	1378.52058
3360.07090	1346.59841
3252.55344	1446.67110
3388.11891	1331.10017
3515.80612	1275.87712
3417.16062	1318.92012
3209.90609	1519.24919
3210.67821	1510.76738
3228.13486	1478.22403
3227.36273	1486.70584
3284.59989	1407.04571
3752.76411	1227.43567
3632.76411	1239.05845
3486.17098	1287.02377
3382.39250	1337.02377
3463.84937	1296.59841
3247.68511	1455.04832
3373.52911	1338.18221
3258.48026	1439.98561
3371.33881	1341.15576
3388.11891	1331.10017
3301.56673	1386.89780
	
NSGA-II_4:	88
3973.67809	1198.80616
3095.21856	1598.13444
3558.87256	1241.35340
3894.06013	1207.02470
3678.87256	1229.73063
3774.06013	1218.64748
3959.08828	1205.88820
3623.90072	1240.21690
3839.08828	1217.51098
3638.49052	1233.13486
3742.82907	1228.64748
3135.77801	1445.48166
3853.67809	1210.42894
3175.33734	1377.78361
3423.27496	1289.96367
3119.70630	1450.36170
3189.92714	1370.70157
3286.97553	1327.60299
3170.99414	1394.64264
3162.96231	1409.49736
3758.49052	1221.51208
3105.70061	1497.38803
3138.33044	1433.50267
3103.73358	1514.91914
3099.23679	1561.72784
3281.24912	1333.52658
3097.26977	1579.25895
3398.52554	1291.35340
3352.70468	1308.43544
3159.03965	1422.79348
3107.33127	1482.07545
3367.29449	1301.35340
3342.11531	1312.37993
3100.86745	1546.41526
3103.22744	1523.13768
3106.82512	1490.29400
3119.20015	1458.58024
3096.76362	1587.47750
3544.28276	1248.43544
3212.23875	1365.42293
3206.56839	1367.78361
3255.60562	1344.74061
3432.73275	1284.68503
3170.99414	1394.64264
3752.76411	1227.43567
3266.65931	1340.60862
3847.95168	1216.35253
3632.76411	1239.05845
3360.02701	1303.65850
3967.95168	1204.72975
3471.23128	1272.37993
3392.79913	1297.27700
3270.19542	1337.65857
3553.14615	1247.27700
3478.55361	1267.60299
3441.59614	1283.52658
3517.05214	1255.29789
3447.32255	1277.60299
3101.28799	1542.85235
3116.50157	1477.93332
3099.65733	1558.16493
3151.34539	1428.62263
3231.69689	1349.96367
3230.61598	1355.42293
3527.64151	1251.35340
3163.38286	1405.93445
3101.68238	1533.79463
3217.10708	1357.04571
3513.05170	1258.43544
3489.14297	1263.65850
3328.79595	1313.65850
3245.20578	1348.34089
3463.96380	1274.68503
3182.23875	1377.04571
3118.07564	1465.67428
3116.92211	1474.37040
3485.82108	1265.29789
3314.20615	1320.74054
3312.48017	1323.52658
3303.61678	1324.68503
3383.93574	1298.43544
3325.47406	1315.29789
3097.26977	1579.25895
3248.33814	1347.04571
3323.06954	1319.58209
3217.10708	1357.04571
3502.46233	1262.37993
3095.63911	1594.57153
	
NSGA-II_5:	72
3973.67809	1198.80616
3173.56682	1593.56304
3174.55065	1546.16965
3173.56682	1593.56304
3623.90072	1240.21690
3743.90072	1228.59412
3558.87256	1241.35340
3678.87256	1229.73063
3774.06013	1218.64748
3839.08828	1217.51098
3959.08828	1205.88820
3894.06013	1207.02470
3638.49052	1233.13486
3853.67809	1210.42894
3204.57470	1419.01467
3894.06013	1207.02470
3398.52554	1291.35340
3318.20658	1317.60299
3203.67811	1436.49531
3219.10855	1387.78361
3212.44706	1405.26425
3246.52979	1374.19876
3223.97688	1379.40639
3758.49052	1221.51208
3458.23739	1280.60862
3360.02701	1303.65850
3520.37403	1253.65850
3423.27496	1289.96367
3286.83667	1334.74061
3251.39812	1365.82153
3258.05961	1348.34089
3446.72837	1284.68503
3339.71080	1316.66413
3632.76411	1239.05845
3392.79913	1297.27700
3752.76411	1227.43567
3502.46233	1262.37993
3967.95168	1204.72975
3847.95168	1216.35253
3303.61678	1324.68503
3463.96380	1274.68503
3253.22232	1361.67940
3500.05782	1266.66413
3198.80978	1444.87253
3383.93574	1298.43544
3544.28276	1248.43544
3198.27081	1455.86273
3423.27496	1289.96367
3178.44050	1527.54014
3514.64762	1259.58209
3262.92794	1339.96367
3485.67943	1267.60299
3297.89037	1330.60862
3184.20541	1501.68227
3180.07116	1512.22756
3262.92794	1339.96367
3190.19825	1486.21102
3185.83607	1486.36970
3553.14615	1247.27700
3472.82720	1273.52658
3354.30060	1309.58209
3312.48017	1323.52658
3191.47652	1469.51067
3207.57873	1413.64148
3478.55361	1267.60299
3194.91994	1463.50205
3176.18131	1530.85708
3179.56501	1520.44611
3185.32992	1494.58824
3175.67517	1539.07562
3342.11531	1312.37993
3190.70440	1477.99248
	
NSGA-II_6:	74
3973.67809	1198.80616
3147.26124	1589.15975
3678.87256	1229.73063
3148.24507	1541.76637
3847.95168	1216.35253
3752.76411	1227.43567
3632.76411	1239.05845
3894.06013	1207.02470
3170.97178	1467.22109
3774.06013	1218.64748
3558.87256	1241.35340
3168.26847	1504.02739
3967.95168	1204.72975
3185.50563	1435.99003
3183.07922	1457.70576
3853.67809	1210.42894
3638.49052	1233.13486
3220.70567	1387.83919
3212.32844	1409.46197
3553.14615	1247.27700
3392.79913	1297.27700
3398.52554	1291.35340
3259.65673	1348.39647
3149.87573	1526.45379
3758.49052	1221.51208
3436.78386	1288.34089
3318.20658	1317.60299
3478.55361	1267.60299
3258.23149	1365.25550
3360.02701	1303.65850
3520.37403	1253.65850
3155.51619	1509.59476
3173.97581	1461.84790
3350.97871	1311.22148
3343.24690	1313.71408
3301.42648	1327.65857
3205.82563	1417.68051
3276.43684	1338.34089
3461.77350	1277.65857
3503.59392	1263.71408
3155.51619	1509.59476
3168.26847	1504.02739
3208.75118	1415.99003
3196.55933	1431.85804
3312.48017	1323.52658
3472.82720	1273.52658
3202.28574	1425.93445
3296.55815	1336.03579
3446.72837	1284.68503
3227.60708	1387.10129
3266.55815	1347.65857
3237.48577	1377.78361
3256.85252	1369.37430
3967.95168	1204.72975
3398.52554	1291.35340
3558.87256	1241.35340
3514.64762	1259.58209
3517.05214	1255.29789
3244.38719	1377.04571
3149.87573	1526.45379
3443.68528	1287.60299
3149.36959	1534.67234
3212.32844	1409.46197
3231.75936	1383.70720
3270.71043	1344.26448
3296.55815	1336.03579
3148.24507	1541.76637
3149.36959	1534.67234
3356.70512	1305.29789
3249.95110	1370.11220
3283.33825	1337.60299
3510.71975	1263.71408
3511.32573	1261.22148
3248.12691	1374.25434
	
NSGA-II_7:	81
3973.67809	1198.80616
3115.93399	1582.95889
3558.87256	1241.35340
3959.08828	1205.88820
3894.06013	1207.02470
3678.87256	1229.73063
3774.06013	1218.64748
3120.56868	1562.27313
3839.08828	1217.51098
3743.90072	1228.59412
3623.90072	1240.21690
3638.49052	1233.13486
3853.67809	1210.42894
3122.21190	1539.32976
3206.56839	1367.78361
3122.39781	1518.61908
3122.21190	1539.32976
3169.56149	1423.50267
3443.68528	1287.60299
3248.33814	1347.04571
3398.52554	1291.35340
3202.22519	1384.64264
3150.93735	1440.36170
3124.02847	1503.30651
3520.37403	1253.65850
3122.39781	1518.61908
3187.69134	1415.87370
3478.55361	1267.60299
3318.20658	1317.60299
3243.46981	1355.42293
3117.56465	1567.64632
3136.40350	1471.59276
3500.05782	1266.66413
3167.00907	1435.48166
3148.57782	1462.07743
3139.40753	1466.21957
3339.71080	1316.66413
3297.89037	1330.60862
3967.95168	1204.72975
3752.76411	1227.43567
3262.92794	1339.96367
3261.84703	1345.42293
3213.46981	1367.04571
3354.30060	1309.58209
3553.14615	1247.27700
3514.64762	1259.58209
3286.83667	1334.74061
3423.27496	1289.96367
3758.49052	1221.51208
3192.03454	1399.01467
3190.69537	1410.50051
3127.03250	1497.93332
3360.02701	1303.65850
3201.93999	1392.90357
3160.10765	1436.21957
3544.28276	1248.43544
3383.93574	1298.43544
3134.77284	1486.90533
3276.43684	1338.34089
3195.03857	1393.64148
3392.79913	1297.27700
3312.48017	1323.52658
3632.76411	1239.05845
3472.82720	1273.52658
3847.95168	1216.35253
3342.11531	1312.37993
3450.50559	1283.10122
3175.67503	1419.36054
3221.15820	1360.70157
3463.96380	1274.68503
3150.43121	1448.58024
3135.89735	1479.81130
3117.05850	1575.86486
3503.59392	1263.71408
3356.70512	1305.29789
3283.33825	1337.60299
3461.77350	1277.65857
3228.05961	1359.96367
3149.30669	1455.67428
3303.61678	1324.68503
3505.78423	1260.74054
	
NSGA-II_8:	75
3973.67809	1198.80616
3188.49219	1690.56025
3209.79475	1481.39371
3743.90072	1228.59412
3853.67809	1210.42894
3638.49052	1233.13486
3206.67379	1547.87416
3959.08828	1205.88820
3758.49052	1221.51208
3839.08828	1217.51098
3199.90224	1606.51104
3198.91841	1653.90443
3201.53980	1560.95871
3201.53290	1591.19846
3244.99479	1433.24287
3552.44515	1265.30804
3236.61756	1454.86565
3293.23517	1379.65802
3291.88409	1396.89780
3513.40160	1280.16132
3527.99141	1273.07928
3450.12765	1301.83808
3259.20998	1426.34351
3491.89739	1281.10017
3533.71782	1267.15569
3284.98267	1397.63570
3314.97926	1368.97570
3599.99199	1245.43996
3388.11891	1331.10017
3189.61670	1683.46622
3412.02764	1325.87712
3632.76411	1239.05845
3590.94369	1253.00294
3847.95168	1216.35253
3486.17098	1287.02377
3444.40124	1307.76167
3418.75773	1318.97570
3340.62276	1357.76167
3331.75936	1358.92012
3373.52911	1338.18221
3224.00995	1474.49435
3623.90072	1240.21690
3198.91841	1653.90443
3251.89620	1432.50497
3429.81143	1314.84371
3226.36329	1467.25158
3558.17156	1259.38444
3300.13659	1378.92012
3283.30741	1408.41842
3261.56333	1419.10074
3582.08029	1254.16139
3268.46475	1418.36284
3367.80270	1344.10580
3326.03295	1364.84371
3471.58118	1294.10580
3191.90430	1665.40635
3346.34917	1351.83808
3278.35513	1409.49934
3515.80612	1275.87712
3967.95168	1204.72975
3477.30759	1288.18221
3435.53784	1308.92012
3426.61745	1318.79508
3191.39816	1673.62490
3190.12285	1675.24767
3397.01365	1329.65802
3572.21635	1254.85059
3460.52748	1298.23780
3356.74900	1348.23780
3201.02675	1599.41701
3236.61756	1454.86565
3201.53290	1591.19846
3205.19772	1554.05934
3233.04030	1461.39371
3596.67010	1247.07935
	
NSGA-II_9:	80
3973.67809	1198.80616
3138.48635	1547.10162
3156.96469	1519.81506
3157.46289	1468.54836
3623.90072	1240.21690
3959.08828	1205.88820
3558.87256	1241.35340
3146.59618	1522.85078
3894.06013	1207.02470
3168.59610	1460.08016
3839.08828	1217.51098
3774.06013	1218.64748
3742.82907	1228.64748
3145.43487	1545.67292
3678.87256	1229.73063
3169.83792	1436.83461
3638.49052	1233.13486
3853.67809	1210.42894
3222.33171	1381.28080
3678.87256	1229.73063
3758.49052	1221.51208
3184.37178	1405.60355
3223.32284	1366.16083
3502.46233	1262.37993
3216.65455	1384.18333
3183.12995	1428.84911
3183.38064	1420.72351
3752.76411	1227.43567
3172.84195	1431.46142
3847.95168	1216.35253
3441.59614	1283.52658
3967.95168	1204.72975
3272.38573	1334.68503
3432.73275	1284.68503
3160.46693	1463.17517
3255.60562	1344.74061
3447.32255	1277.60299
3427.00634	1290.60862
3398.52554	1291.35340
3367.29449	1301.35340
3303.61678	1324.68503
3527.64151	1251.35340
3463.96380	1274.68503
3190.04214	1403.24287
3228.99320	1363.80015
3233.86153	1355.42293
3211.79302	1392.01870
3250.73729	1353.11783
3352.70468	1308.43544
3211.78622	1392.56055
3286.97553	1327.60299
3342.11531	1312.37993
3632.76411	1239.05845
3553.14615	1247.27700
3281.24912	1333.52658
3392.79913	1297.27700
3489.14297	1263.65850
3328.79595	1313.65850
3774.06013	1218.64748
3233.86153	1355.42293
3194.91047	1394.86565
3266.65931	1340.60862
3194.91047	1394.86565
3973.67809	1198.80616
3427.00634	1290.60862
3286.97553	1327.60299
3266.65931	1340.60862
3183.38064	1420.72351
3544.28276	1248.43544
3383.93574	1298.43544
3517.05214	1255.29789
3513.05170	1258.43544
3478.55361	1267.60299
3474.55317	1270.74054
3356.70512	1305.29789
3314.20615	1320.74054
3318.20658	1317.60299
3250.73729	1353.11783
3398.52554	1291.35340
3169.83792	1436.83461
	
NSGA-II_10:	76
3973.67809	1198.80616
3170.60346	1601.86345
3853.67809	1210.42894
3638.49052	1233.13486
3959.08828	1205.88820
3743.90072	1228.59412
3171.58730	1554.47007
3839.08828	1217.51098
3758.49052	1221.51208
3274.56393	1398.13983
3223.27609	1453.85889
3228.24034	1434.86565
3264.66532	1399.25848
3513.40160	1280.16132
3491.89739	1281.10017
3276.48072	1381.28080
3318.25047	1360.54289
3191.23344	1490.58471
3599.99199	1245.43996
3173.21796	1539.15749
3261.94687	1412.51185
3552.44515	1265.30804
3533.71782	1267.15569
3205.44864	1483.68535
3422.02895	1310.54289
3486.17098	1287.02377
3436.61875	1303.46085
3632.76411	1239.05845
3527.99141	1273.07928
3331.75936	1358.92012
3291.07053	1374.19876
3235.14176	1434.12775
3967.95168	1204.72975
3847.95168	1216.35253
3752.76411	1227.43567
3463.84937	1296.59841
3213.91551	1472.30044
3184.97194	1518.15633
3215.86531	1466.57940
3623.90072	1240.21690
3178.85841	1522.29846
3558.17156	1259.38444
3450.12765	1301.83808
3185.59298	1507.44374
3313.38214	1368.92012
3417.16062	1318.92012
3435.53784	1308.92012
3332.84027	1353.46085
3457.02906	1301.10017
3594.26558	1251.36355
3176.87587	1532.25813
3189.25090	1500.54438
3367.80270	1344.10580
3242.83014	1427.78361
3417.16062	1318.92012
3313.38214	1368.92012
3244.80888	1420.72351
3346.34917	1351.83808
3477.30759	1288.18221
3519.12801	1274.23773
3380.25920	1331.28080
3207.80198	1476.44257
3387.16062	1330.54289
3394.84901	1324.19876
3283.38214	1380.54289
3251.71030	1419.98561
3471.58118	1294.10580
3373.52911	1338.18221
3572.21635	1254.85059
3356.74900	1348.23780
3758.49052	1221.51208
3401.75042	1323.46085
3297.97194	1373.46085
3197.34697	1486.44257
3582.08029	1254.16139
3259.39868	1413.64148
	
NSGA-II_11:	72
3973.67809	1198.80616
3196.65579	1572.86654
3205.27840	1489.52707
3203.12932	1537.37800
3967.95168	1204.72975
3632.76411	1239.05845
3558.87256	1241.35340
3847.95168	1216.35253
3894.06013	1207.02470
3774.06013	1218.64748
3742.82907	1228.64748
3678.87256	1229.73063
3398.52554	1291.35340
3638.49052	1233.13486
3853.67809	1210.42894
3440.53763	1290.79612
3231.90143	1400.95825
3894.06013	1207.02470
3678.87256	1229.73063
3209.16824	1470.89756
3514.64762	1259.58209
3489.14297	1263.65850
3553.14615	1247.27700
3392.79913	1297.27700
3328.79595	1313.65850
3200.91329	1550.46255
3231.00484	1418.43890
3214.93315	1445.03969
3214.03657	1462.52033
3354.30060	1309.58209
3253.54986	1382.52545
3200.54563	1554.23703
3260.96914	1369.72720
3752.76411	1227.43567
3282.61758	1351.29439
3527.64151	1251.35340
3367.29449	1301.35340
3520.37403	1253.65850
3265.83747	1361.34997
3236.76976	1392.58103
3312.01585	1323.71408
3457.31773	1280.74054
3200.00667	1565.22722
3472.36287	1273.71408
3483.41656	1269.58209
3451.59132	1286.66413
3301.31936	1343.84601
3219.80148	1436.66247
3209.16824	1470.89756
3231.00484	1418.43890
3297.66271	1344.26794
3774.06013	1218.64748
3758.49052	1221.51208
3307.14752	1332.09131
3303.10857	1336.07476
3323.06954	1319.58209
3276.89117	1357.21798
3247.82345	1388.44904
3758.49052	1221.51208
3323.06954	1319.58209
3276.89117	1357.21798
3247.82345	1388.44904
3360.02701	1303.65850
3354.30060	1309.58209
3219.80148	1436.66247
3226.13651	1426.81612
3214.93315	1445.03969
3214.03657	1462.52033
3294.00183	1350.81315
3225.52789	1430.73888
3360.02701	1303.65850
3294.00183	1350.81315
	
NSGA-II_12:	83
4107.41381	1227.16084
3283.77840	1655.42430
4070.90241	1237.64712
3987.41381	1238.78362
3772.22624	1261.48955
3855.71484	1260.35304
3950.90241	1249.26989
3892.22624	1249.86677
3406.97971	1416.72989
3402.35131	1441.84985
4085.49221	1230.56508
3870.30464	1253.27100
3288.74343	1635.96959
3637.92844	1302.77933
3491.49043	1367.36247
3715.43667	1274.20644
3566.49653	1330.86607
3588.00074	1329.92721
3482.66648	1375.29192
3358.91285	1492.24788
3384.69432	1473.51584
3349.07566	1508.75070
3735.71484	1271.97582
3965.49221	1242.18785
3504.41057	1364.60960
3522.09791	1355.52170
3364.13689	1479.53099
3391.71690	1461.76663
3337.54584	1534.60856
3750.30464	1264.89378
3708.48422	1278.83826
3293.43356	1628.73349
3371.31592	1474.65095
3324.94117	1570.72983
3608.31695	1316.92158
3650.38207	1301.15656
3443.31360	1398.96553
3616.18435	1313.46166
3628.63798	1311.83888
3298.31225	1624.19324
3356.39349	1503.87066
3392.44586	1447.96095
3673.61624	1288.15093
3315.23177	1576.58769
3560.77012	1336.78966
3593.72715	1324.00362
3864.57823	1259.19459
3697.25663	1281.75281
4079.76580	1236.48867
3288.46853	1648.18820
3546.18031	1343.87170
3465.73836	1383.34165
3448.74946	1395.99199
3428.72380	1406.04757
3413.88113	1415.99199
3303.27729	1604.73853
3449.72068	1388.10037
3329.60902	1551.29405
3667.88983	1294.07452
3327.25329	1559.72866
3510.13698	1358.68601
3655.43620	1295.69729
3471.46477	1377.41805
3298.65760	1616.01660
3309.14450	1586.57799
3395.44989	1442.58775
3527.82432	1349.59811
3691.53022	1287.67640
3324.52475	1574.87197
3332.99722	1549.92114
3307.50185	1594.79653
3602.59054	1322.84517
3551.90672	1337.94811
3744.57823	1270.81737
3362.49424	1487.74953
3435.62522	1405.30967
3284.90291	1648.33027
3343.72717	1530.46643
3530.16264	1348.63043
3693.89441	1285.92030
3334.12173	1542.82711
3345.65156	1516.96924
3449.72068	1388.10037
	
NSGA-II_13:	79
3973.67809	1198.80616
3129.78560	1578.18787
3130.76944	1530.79448
3130.20615	1574.62496
3558.87256	1241.35340
3623.90072	1240.21690
3959.08828	1205.88820
3839.08828	1217.51098
3774.06013	1218.64748
3678.87256	1229.73063
3894.06013	1207.02470
3742.82907	1228.64748
3164.43657	1445.11794
3165.67839	1421.87239
3398.52554	1291.35340
3853.67809	1210.42894
3638.49052	1233.13486
3153.72391	1450.02323
3678.87256	1229.73063
3204.62946	1382.42967
3439.40604	1289.46197
3138.04055	1498.62288
3150.41558	1466.90913
3132.82064	1511.91900
3150.41558	1466.90913
3894.06013	1207.02470
3202.69295	1399.16647
3144.77512	1483.76816
3144.77512	1483.76816
3392.79913	1297.27700
3553.14615	1247.27700
3277.97790	1341.95939
3967.95168	1204.72975
3480.09467	1271.22148
3471.23128	1272.37993
3319.74765	1321.22148
3269.11451	1343.11783
3233.27496	1371.00945
3485.82108	1265.29789
3325.47406	1315.29789
3305.15785	1328.30352
3211.53087	1381.69177
3172.57981	1421.13449
3226.37354	1371.74735
3758.49052	1221.51208
3187.42248	1411.19007
3132.40010	1515.48191
3131.18998	1527.23157
3138.46110	1495.05997
3367.29449	1301.35340
3527.64151	1251.35340
3465.50487	1278.30352
3517.05214	1255.29789
3193.09963	1408.28753
3752.76411	1227.43567
3289.14017	1333.06225
3263.38810	1349.04143
3310.88426	1322.37993
3847.95168	1216.35253
3632.76411	1239.05845
3511.32573	1261.22148
3448.26943	1288.30352
3247.37043	1353.80015
3194.92383	1404.14540
3383.93574	1298.43544
3502.46233	1262.37993
3342.11531	1312.37993
3544.28276	1248.43544
3449.48719	1283.06225
3352.70468	1308.43544
3240.96335	1364.66531
3283.70431	1336.03579
3356.70512	1305.29789
3241.64401	1359.72375
3201.82525	1403.40750
3254.27184	1353.06225
3774.06013	1218.64748
3350.97871	1311.22148
3453.99584	1282.37993
	
NSGA-II_14:	75
3973.67809	1198.80616
3128.02584	1540.14970
3129.00968	1492.75631
3558.87256	1241.35340
3623.90072	1240.21690
3959.08828	1205.88820
3894.06013	1207.02470
3173.28769	1404.86565
3774.06013	1218.64748
3839.08828	1217.51098
3742.82907	1228.64748
3161.47604	1429.62380
3678.87256	1229.73063
3638.49052	1233.13486
3423.27496	1289.96367
3853.67809	1210.42894
3678.87256	1229.73063
3130.64034	1477.44374
3129.00968	1492.75631
3398.52554	1291.35340
3207.40146	1378.76144
3212.23875	1365.42293
3217.10708	1357.04571
3281.24912	1333.52658
3432.73275	1284.68503
3527.64151	1251.35340
3847.95168	1216.35253
3553.14615	1247.27700
3258.92751	1343.10122
3967.95168	1204.72975
3392.79913	1297.27700
3360.02701	1303.65850
3286.97553	1327.60299
3147.26265	1448.06535
3489.14297	1263.65850
3758.49052	1221.51208
3156.60771	1438.00102
3513.05170	1258.43544
3192.74582	1389.40639
3141.14912	1452.20749
3248.33814	1347.04571
3135.50867	1469.06652
3178.15602	1396.48843
3136.28079	1460.58471
3318.20658	1317.60299
3752.76411	1227.43567
3202.15976	1384.68160
3527.64151	1251.35340
3328.79595	1313.65850
3231.69689	1349.96367
3632.76411	1239.05845
3441.59614	1283.52658
3502.46233	1262.37993
3342.11531	1312.37993
3352.70468	1308.43544
3367.29449	1301.35340
3303.61678	1324.68503
3135.50867	1469.06652
3136.28079	1460.58471
3474.55317	1270.74054
3173.28769	1404.86565
3853.67809	1210.42894
3447.32255	1277.60299
3310.88426	1322.37993
3325.47406	1315.29789
3472.82720	1273.52658
3383.93574	1298.43544
3463.96380	1274.68503
3544.28276	1248.43544
3314.20615	1320.74054
3262.92794	1339.96367
3231.69689	1349.96367
3178.15602	1396.48843
3273.51731	1336.01918
3447.32255	1277.60299
	
NSGA-II_15:	74
3973.67809	1198.80616
3150.21379	1566.64801
3632.76411	1239.05845
3967.95168	1204.72975
3847.95168	1216.35253
3558.87256	1241.35340
3774.06013	1218.64748
3894.06013	1207.02470
3742.82907	1228.64748
3678.87256	1229.73063
3163.72879	1427.43086
3158.46874	1487.08301
3155.47384	1506.99585
3162.48696	1450.67641
3159.71056	1463.83746
3154.23201	1530.24141
3151.45561	1543.40245
3638.49052	1233.13486
3258.05961	1348.34089
3853.67809	1210.42894
3187.87749	1397.78361
3181.21600	1415.26425
3678.87256	1229.73063
3894.06013	1207.02470
3398.52554	1291.35340
3209.58127	1387.25024
3226.82856	1358.34089
3350.97871	1311.22148
3511.32573	1261.22148
3392.04391	1299.96367
3465.09539	1276.01918
3328.79595	1313.65850
3304.74837	1326.01918
3423.27496	1289.96367
3472.82720	1273.52658
3441.59614	1283.52658
3221.99126	1371.67940
3752.76411	1227.43567
3318.20658	1317.60299
3489.14297	1263.65850
3527.64151	1251.35340
3231.69689	1349.96367
3367.29449	1301.35340
3758.49052	1221.51208
3553.14615	1247.27700
3281.24912	1333.52658
3478.55361	1267.60299
3170.63021	1426.69296
3231.69689	1349.96367
3447.32255	1277.60299
3286.97553	1327.60299
3178.21197	1420.63744
3214.45283	1382.61495
3312.48017	1323.52658
3325.47406	1315.29789
3853.67809	1210.42894
3447.32255	1277.60299
3286.97553	1327.60299
3553.14615	1247.27700
3354.30060	1309.58209
3356.70512	1305.29789
3192.74582	1389.40639
3262.92794	1339.96367
3220.16706	1375.82153
3192.74582	1389.40639
3433.86433	1286.01918
3270.19542	1337.65857
3392.79913	1297.27700
3312.01585	1323.71408
3175.50177	1422.05767
3517.05214	1255.29789
3514.64762	1259.58209
3262.92794	1339.96367
3520.37403	1253.65850
	
NSGA-II_16:	83
3973.67809	1198.80616
3145.73673	1600.98706
3146.72057	1553.59367
3146.15728	1597.42415
3558.87256	1241.35340
3839.08828	1217.51098
3623.90072	1240.21690
3894.06013	1207.02470
3959.08828	1205.88820
3774.06013	1218.64748
3742.82907	1228.64748
3678.87256	1229.73063
3638.49052	1233.13486
3439.40604	1289.46197
3398.52554	1291.35340
3853.67809	1210.42894
3485.82108	1265.29789
3678.87256	1229.73063
3758.49052	1221.51208
3169.37074	1484.33513
3465.50487	1278.30352
3184.63355	1439.29839
3188.15910	1430.39752
3263.38810	1349.04143
3181.62952	1444.67158
3179.20865	1453.17517
3163.94583	1498.21191
3166.36671	1489.70832
3502.46233	1262.37993
3169.67504	1472.82242
3632.76411	1239.05845
3553.14615	1247.27700
3517.05214	1255.29789
3392.79913	1297.27700
3847.95168	1216.35253
3967.95168	1204.72975
3444.05133	1286.03579
3480.09467	1271.22148
3356.70512	1305.29789
3310.88426	1322.37993
3277.97790	1341.95939
3269.11451	1343.11783
3175.78407	1462.11127
3193.88551	1424.47393
3325.47406	1315.29789
3202.69295	1399.16647
3241.64401	1359.72375
3196.16338	1413.44052
3305.15785	1328.30352
3175.47566	1472.35404
3148.35123	1538.28110
3208.41936	1393.24287
3215.32078	1392.50497
3235.11444	1373.99780
3527.64151	1251.35340
3342.11531	1312.37993
3367.29449	1301.35340
3147.14111	1550.03076
3230.16345	1382.56055
3235.11444	1373.99780
3289.14017	1333.06225
3752.76411	1227.43567
3157.41626	1512.48597
3176.20461	1458.54836
3774.06013	1218.64748
3160.94180	1503.58510
3224.43704	1388.48414
3471.23128	1272.37993
3319.74765	1321.22148
3153.99168	1521.42207
3151.77580	1529.34500
3202.01228	1404.10803
3240.96335	1364.66531
3247.37043	1353.80015
3453.99584	1282.37993
3544.28276	1248.43544
3383.93574	1298.43544
3511.32573	1261.22148
3513.05170	1258.43544
3191.16313	1425.02433
3283.70431	1336.03579
3352.70468	1308.43544
3254.27184	1353.06225
	
NSGA-II_17:	68
3973.67809	1198.80616
3191.03012	1609.83099
3743.90072	1228.59412
3638.49052	1233.13486
3853.67809	1210.42894
3959.08828	1205.88820
3209.79475	1481.39371
3758.49052	1221.51208
3192.01396	1562.43760
3205.39860	1526.12386
3839.08828	1217.51098
3244.99479	1433.24287
3288.32118	1396.89780
3236.61756	1454.86565
3293.23517	1379.65802
3533.71782	1267.15569
3199.28507	1530.26600
3388.11891	1331.10017
3599.99199	1245.43996
3193.64462	1547.12503
3513.40160	1280.16132
3491.89739	1281.10017
3552.44515	1265.30804
3967.95168	1204.72975
3382.39250	1337.02377
3752.76411	1227.43567
3224.00995	1474.49435
3281.41976	1397.63570
3429.93934	1317.15569
3623.90072	1240.21690
3314.97926	1368.97570
3300.13659	1378.92012
3281.28069	1407.80886
3558.17156	1259.38444
3450.12765	1301.83808
3403.91507	1328.92012
3435.53784	1308.92012
3268.46475	1418.36284
3527.99141	1273.07928
3471.58118	1294.10580
3367.80270	1344.10580
3572.21635	1254.85059
3418.75773	1318.97570
3346.34917	1351.83808
3415.34954	1324.23773
3259.20998	1426.34351
3261.56333	1419.10074
3226.36329	1467.25158
3515.80612	1275.87712
3486.17098	1287.02377
3477.30759	1288.18221
3373.52911	1338.18221
3444.40124	1307.76167
3847.95168	1216.35253
3594.26558	1251.36355
3632.76411	1239.05845
3278.35513	1409.49934
3329.27851	1366.46648
3340.62276	1357.76167
3233.04030	1461.39371
3321.88067	1368.23780
3251.89620	1432.50497
3356.74900	1348.23780
3457.02906	1301.10017
3460.52748	1298.23780
3331.75936	1358.92012
3585.40218	1252.52200
3425.65915	1318.23780
	
NSGA-II_18:	79
3973.67809	1198.80616
3143.74901	1588.30224
3144.73284	1540.90885
3143.74901	1588.30224
3742.82907	1228.64748
3959.08828	1205.88820
3774.06013	1218.64748
3839.08828	1217.51098
3623.90072	1240.21690
3894.06013	1207.02470
3853.67809	1210.42894
3558.87256	1241.35340
3678.87256	1229.73063
3638.49052	1233.13486
3398.52554	1291.35340
3894.06013	1207.02470
3678.87256	1229.73063
3148.75107	1504.50225
3171.28500	1427.29391
3146.36350	1525.59628
3233.86153	1355.42293
3250.73729	1353.11783
3182.81482	1401.43605
3176.15333	1418.91669
3167.55201	1446.47278
3447.32255	1277.60299
3286.97553	1327.60299
3427.00634	1290.60862
3758.49052	1221.51208
3228.99320	1363.80015
3527.64151	1251.35340
3303.61678	1324.68503
3367.29449	1301.35340
3463.96380	1274.68503
3752.76411	1227.43567
3160.89052	1463.95343
3392.79913	1297.27700
3441.59614	1283.52658
3553.14615	1247.27700
3847.95168	1216.35253
3632.76411	1239.05845
3432.73275	1284.68503
3325.47406	1315.29789
3281.24912	1333.52658
3219.50839	1375.97678
3255.60562	1344.74061
3209.42724	1382.37650
3502.46233	1262.37993
3478.55361	1267.60299
3166.27374	1463.17314
3511.32573	1261.22148
3266.65931	1340.60862
3520.37403	1253.65850
3156.02219	1472.33065
3224.01704	1375.29446
3328.79595	1313.65850
3187.68315	1393.05882
3204.55891	1390.75372
3154.74392	1489.03100
3150.38173	1489.18968
3204.55891	1390.75372
3187.68315	1393.05882
3489.14297	1263.65850
3342.11531	1312.37993
3967.95168	1204.72975
3272.38573	1334.68503
3352.70468	1308.43544
3224.95425	1367.78361
3544.28276	1248.43544
3383.93574	1298.43544
3310.88426	1322.37993
3145.85736	1533.81482
3166.77989	1454.95459
3155.25006	1480.81246
3155.25006	1480.81246
3149.87559	1497.40822
3360.02701	1303.65850
3149.87559	1497.40822
3314.20615	1320.74054
	
NSGA-II_19:	81
3973.67809	1198.80616
3170.60346	1601.86345
3853.67809	1210.42894
3638.49052	1233.13486
3959.08828	1205.88820
3743.90072	1228.59412
3758.49052	1221.51208
3171.58730	1554.47007
3171.02401	1598.30054
3839.08828	1217.51098
3228.24034	1434.86565
3274.56393	1398.13983
3417.16062	1318.92012
3276.48072	1381.28080
3223.27609	1453.85889
3491.89739	1281.10017
3558.17156	1259.38444
3552.44515	1265.30804
3422.02895	1310.54289
3318.25047	1360.54289
3471.58118	1294.10580
3179.27896	1518.73555
3450.12765	1301.83808
3513.40160	1280.16132
3264.66532	1399.25848
3185.59298	1507.44374
3216.28586	1463.01649
3582.08029	1254.16139
3380.25920	1331.28080
3185.39249	1514.59341
3967.95168	1204.72975
3632.76411	1239.05845
3594.26558	1251.36355
3530.39593	1268.79508
3435.53784	1308.92012
3387.16062	1330.54289
3394.84901	1324.19876
3283.38214	1380.54289
3251.71030	1419.98561
3235.14176	1434.12775
3197.34697	1486.44257
3599.99199	1245.43996
3623.90072	1240.21690
3191.23344	1490.58471
3264.52624	1409.43164
3172.71181	1547.37604
3313.38214	1368.92012
3244.80888	1420.72351
3173.21796	1539.15749
3332.84027	1353.46085
3331.75936	1358.92012
3436.61875	1303.46085
3189.25090	1500.54438
3177.29642	1528.69521
3519.12801	1274.23773
3222.76994	1462.07743
3205.44864	1483.68535
3533.71782	1267.15569
3313.38214	1368.92012
3211.46068	1471.83657
3752.76411	1227.43567
3847.95168	1216.35253
3486.17098	1287.02377
3477.30759	1288.18221
3242.45554	1427.96629
3291.07053	1374.19876
3373.52911	1338.18221
3367.80270	1344.10580
3572.21635	1254.85059
3460.52748	1298.23780
3356.74900	1348.23780
3207.80198	1476.44257
3259.39868	1413.64148
3346.34917	1351.83808
3223.27609	1453.85889
3401.75042	1323.46085
3297.97194	1373.46085
3346.34917	1351.83808
3172.00784	1550.90715
3242.83014	1427.78361
3173.63850	1535.59458
	
NSGA-II_20:	73
3973.67809	1198.80616
3145.39960	1560.69433
3151.48685	1489.83835
3147.31986	1548.33365
3623.90072	1240.21690
3839.08828	1217.51098
3558.87256	1241.35340
3894.06013	1207.02470
3678.87256	1229.73063
3774.06013	1218.64748
3959.08828	1205.88820
3743.90072	1228.59412
3853.67809	1210.42894
3638.49052	1233.13486
3398.52554	1291.35340
3203.81981	1412.54394
3318.20658	1317.60299
3478.55361	1267.60299
3758.49052	1221.51208
3204.51875	1394.86565
3262.92794	1339.96367
3360.02701	1303.65850
3423.27496	1289.96367
3243.46981	1355.42293
3500.05782	1266.66413
3339.71080	1316.66413
3286.83667	1334.74061
3446.72837	1284.68503
3967.95168	1204.72975
3463.96380	1274.68503
3297.89037	1330.60862
3553.14615	1247.27700
3392.79913	1297.27700
3847.95168	1216.35253
3632.76411	1239.05845
3312.48017	1323.52658
3238.63251	1368.76144
3147.04225	1552.47579
3233.76418	1377.13866
3520.37403	1253.65850
3544.28276	1248.43544
3383.93574	1298.43544
3354.30060	1309.58209
3223.97688	1379.40639
3458.23739	1280.60862
3187.28759	1422.56370
3238.63251	1368.76144
3204.51875	1394.86565
3166.54426	1449.28953
3161.95354	1453.52461
3157.47969	1474.36710
3514.64762	1259.58209
3192.70710	1419.62380
3752.76411	1227.43567
3505.78423	1260.74054
3472.82720	1273.52658
3155.88907	1480.58471
3166.82187	1445.14739
3172.38018	1442.20749
3160.03328	1465.88529
3200.62699	1418.22403
3303.61678	1324.68503
3182.41926	1430.94092
3152.61137	1482.74432
3301.42648	1327.65857
3209.38708	1386.48843
3248.33814	1347.04571
3182.00285	1435.08306
3161.67593	1457.66675
3209.38708	1386.48843
3248.33814	1347.04571
3156.03547	1474.52578
3350.97871	1311.22148
	
NSGA-II_21:	73
3973.67809	1198.80616
3140.15550	1551.01046
3147.08103	1526.31322
3147.49166	1481.40339
3201.87740	1415.48166
3558.87256	1241.35340
3150.93735	1440.36170
3894.06013	1207.02470
3678.87256	1229.73063
3204.36453	1385.57975
3959.08828	1205.88820
3839.08828	1217.51098
3743.90072	1228.59412
3623.90072	1240.21690
3774.06013	1218.64748
3149.69553	1463.60725
3853.67809	1210.42894
3638.49052	1233.13486
3206.56839	1367.78361
3398.52554	1291.35340
3169.56149	1423.50267
3148.06487	1478.91983
3478.55361	1267.60299
3318.20658	1317.60299
3149.69553	1463.60725
3443.90968	1288.34089
3243.46981	1355.42293
3248.33814	1347.04571
3500.05782	1266.66413
3339.71080	1316.66413
3967.95168	1204.72975
3632.76411	1239.05845
3472.82720	1273.52658
3262.92794	1339.96367
3758.49052	1221.51208
3423.27496	1289.96367
3360.02701	1303.65850
3383.93574	1298.43544
3261.84703	1345.42293
3192.70710	1419.62380
3354.30060	1309.58209
3514.64762	1259.58209
3553.14615	1247.27700
3847.95168	1216.35253
3752.76411	1227.43567
3392.79913	1297.27700
3312.48017	1323.52658
3774.06013	1218.64748
3221.15820	1360.70157
3213.46981	1367.04571
3544.28276	1248.43544
3303.61678	1324.68503
3290.15857	1333.10122
3517.05214	1255.29789
3502.46233	1262.37993
3461.77350	1277.65857
3301.42648	1327.65857
3527.49985	1253.65850
3446.72837	1284.68503
3283.33825	1337.60299
3345.43721	1310.74054
3505.78423	1260.74054
3176.46291	1422.76477
3228.05961	1359.96367
3463.96380	1274.68503
3276.43684	1338.34089
3458.23739	1280.60862
3297.89037	1330.60862
3520.37403	1253.65850
3356.70512	1305.29789
3342.11531	1312.37993
3450.50559	1283.10122
3286.83667	1334.74061
	
NSGA-II_22:	77
3973.67809	1198.80616
3106.35176	1589.66624
3742.82907	1228.64748
3558.87256	1241.35340
3894.06013	1207.02470
3678.87256	1229.73063
3959.08828	1205.88820
3839.08828	1217.51098
3623.90072	1240.21690
3774.06013	1218.64748
3853.67809	1210.42894
3638.49052	1233.13486
3107.59359	1566.42069
3170.99414	1394.64264
3169.75231	1417.88819
3175.33734	1377.78361
3423.27496	1289.96367
3115.68807	1486.76830
3118.07564	1465.67428
3109.22425	1551.10811
3111.61182	1530.01409
3119.70630	1450.36170
3138.33044	1433.50267
3169.56149	1423.50267
3170.99414	1394.64264
3758.49052	1221.51208
3398.52554	1291.35340
3255.60562	1344.74061
3137.55946	1445.48166
3245.20578	1348.34089
3114.05741	1502.08088
3212.23875	1365.42293
3432.73275	1284.68503
3272.38573	1334.68503
3217.10708	1357.04571
3752.76411	1227.43567
3189.92714	1370.70157
3967.95168	1204.72975
3441.59614	1283.52658
3478.55361	1267.60299
3392.79913	1297.27700
3471.23128	1272.37993
3847.95168	1216.35253
3632.76411	1239.05845
3318.20658	1317.60299
3231.69689	1349.96367
3314.20615	1320.74054
3230.61598	1355.42293
3286.97553	1327.60299
3447.32255	1277.60299
3113.24248	1514.70151
3342.11531	1312.37993
3367.29449	1301.35340
3303.61678	1324.68503
3112.81558	1525.32643
3144.44397	1429.36054
3356.70512	1305.29789
3527.64151	1251.35340
3489.14297	1263.65850
3328.79595	1313.65850
3553.14615	1247.27700
3281.24912	1333.52658
3350.97871	1311.22148
3774.06013	1218.64748
3206.56839	1367.78361
3463.96380	1274.68503
3182.23875	1377.04571
3262.92794	1339.96367
3151.34539	1428.62263
3527.64151	1251.35340
3485.82108	1265.29789
3517.05214	1255.29789
3383.93574	1298.43544
3544.28276	1248.43544
3128.38917	1449.62380
3502.46233	1262.37993
3505.78423	1260.74054
	
NSGA-II_23:	69
3973.67809	1198.80616
3153.43492	1553.74996
3632.76411	1239.05845
3847.95168	1216.35253
3156.43895	1548.37677
3558.87256	1241.35340
3774.06013	1218.64748
3157.45315	1517.34336
3967.95168	1204.72975
3894.06013	1207.02470
3678.87256	1229.73063
3742.82907	1228.64748
3638.49052	1233.13486
3193.22564	1406.54731
3191.80040	1423.40634
3174.67355	1474.18497
3177.26654	1454.63740
3227.00043	1375.25550
3228.42567	1358.39647
3178.69178	1437.77837
3430.54244	1287.65857
3265.32709	1346.03579
3398.52554	1291.35340
3894.06013	1207.02470
3853.67809	1210.42894
3553.14615	1247.27700
3392.79913	1297.27700
3447.32255	1277.60299
3286.97553	1327.60299
3511.32573	1261.22148
3350.97871	1311.22148
3472.36287	1273.71408
3312.01585	1323.71408
3367.29449	1301.35340
3752.76411	1227.43567
3489.14297	1263.65850
3328.79595	1313.65850
3527.64151	1251.35340
3171.98700	1486.11231
3270.19542	1337.65857
3213.54564	1388.23780
3758.49052	1221.51208
3245.20578	1348.34089
3168.76818	1496.74499
3160.45718	1511.97017
3165.76414	1502.11818
3216.47119	1386.54731
3252.10720	1347.60299
3204.27934	1402.41532
3281.24912	1333.52658
3441.59614	1283.52658
3478.55361	1267.60299
3356.70512	1305.29789
3318.20658	1317.60299
3181.69581	1432.40518
3210.00575	1396.49173
3220.04845	1380.01925
3235.32709	1357.65857
3520.37403	1253.65850
3853.67809	1210.42894
3398.52554	1291.35340
3967.95168	1204.72975
3973.67809	1198.80616
3239.47937	1354.26448
3517.05214	1255.29789
3774.06013	1218.64748
3472.82720	1273.52658
3312.48017	1323.52658
3210.00575	1396.49173
	
NSGA-II_24:	70
3973.67809	1198.80616
3149.89866	1539.23494
3158.15361	1459.66995
3156.98302	1517.77317
3967.95168	1204.72975
3847.95168	1216.35253
3632.76411	1239.05845
3894.06013	1207.02470
3774.06013	1218.64748
3558.87256	1241.35340
3742.82907	1228.64748
3678.87256	1229.73063
3853.67809	1210.42894
3638.49052	1233.13486
3174.79491	1445.91954
3187.22132	1428.43890
3678.87256	1229.73063
3354.30060	1309.58209
3218.90769	1394.39298
3304.74837	1326.01918
3227.33894	1373.65507
3152.11469	1526.15039
3553.14615	1247.27700
3433.86433	1286.01918
3398.52554	1291.35340
3457.31773	1280.74054
3222.47061	1382.03230
3163.02194	1451.29273
3198.27122	1404.88613
3527.64151	1251.35340
3367.29449	1301.35340
3299.88004	1334.39640
3273.51731	1336.01918
3514.64762	1259.58209
3489.14297	1263.65850
3328.79595	1313.65850
3392.79913	1297.27700
3483.41656	1269.58209
3323.06954	1319.58209
3244.44960	1367.25024
3256.22258	1361.87705
3222.47061	1382.03230
3189.83998	1425.62403
3273.51731	1336.01918
3752.76411	1227.43567
3210.04420	1399.51294
3264.61003	1348.37986
3433.86433	1286.01918
3259.16418	1356.57303
3758.49052	1221.51208
3360.02701	1303.65850
3520.37403	1253.65850
3268.64898	1344.39640
3193.40289	1413.26335
3299.88004	1334.39640
3398.52554	1291.35340
3758.49052	1221.51208
3558.87256	1241.35340
3553.14615	1247.27700
3514.64762	1259.58209
3392.79913	1297.27700
3328.79595	1313.65850
3489.14297	1263.65850
3192.08965	1420.06167
3465.09539	1276.01918
3193.40289	1413.26335
3254.29585	1364.95026
3312.01585	1323.71408
3472.36287	1273.71408
3268.64898	1344.39640
	
NSGA-II_25:	76
3973.67809	1198.80616
3133.94513	1593.15009
3134.92897	1545.75670
3134.36568	1589.58718
3558.87256	1241.35340
3623.90072	1240.21690
3959.08828	1205.88820
3839.08828	1217.51098
3743.90072	1228.59412
3894.06013	1207.02470
3638.49052	1233.13486
3678.87256	1229.73063
3774.06013	1218.64748
3184.37178	1405.60355
3183.12995	1428.84911
3398.52554	1291.35340
3222.89597	1384.86565
3223.32284	1366.16083
3678.87256	1229.73063
3436.78386	1288.34089
3853.67809	1210.42894
3758.49052	1221.51208
3169.10896	1450.64029
3520.37403	1253.65850
3360.02701	1303.65850
3514.64762	1259.58209
3276.43684	1338.34089
3500.05782	1266.66413
3339.71080	1316.66413
3135.34951	1542.19379
3478.55361	1267.60299
3318.20658	1317.60299
3206.11586	1394.92123
3169.83792	1436.83461
3303.61678	1324.68503
3553.14615	1247.27700
3392.79913	1297.27700
3312.48017	1323.52658
3752.76411	1227.43567
3342.11531	1312.37993
3472.82720	1273.52658
3270.71043	1344.26448
3967.95168	1204.72975
3502.46233	1262.37993
3261.84703	1345.42293
3136.55963	1530.44413
3191.27319	1404.86565
3230.22426	1365.42293
3245.06693	1355.47851
3217.55793	1392.01870
3151.93868	1493.35719
3160.88747	1459.61226
3154.57511	1481.87135
3544.28276	1248.43544
3383.93574	1298.43544
3157.46289	1468.54836
3354.30060	1309.58209
3157.15448	1478.79113
3458.23739	1280.60862
3297.89037	1330.60862
3172.84195	1431.46142
3145.62466	1504.64900
3774.06013	1218.64748
3632.76411	1239.05845
3463.96380	1274.68503
3847.95168	1216.35253
3142.20008	1513.58510
3139.98420	1521.50803
3222.08101	1389.40639
3251.96834	1354.74061
3446.72837	1284.68503
3286.83667	1334.74061
3853.67809	1210.42894
3256.12062	1351.34652
3179.74337	1430.72351
3148.93465	1498.73038
	
NSGA-II_26:	78
3973.67809	1198.80616
3111.98950	1579.01441
3117.46949	1562.06798
3118.45332	1514.67460
3623.90072	1240.21690
3558.87256	1241.35340
3894.06013	1207.02470
3678.87256	1229.73063
3774.06013	1218.64748
3959.08828	1205.88820
3839.08828	1217.51098
3638.49052	1233.13486
3742.82907	1228.64748
3120.08398	1499.36202
3853.67809	1210.42894
3186.21372	1408.62263
3129.25428	1495.21989
3398.52554	1291.35340
3132.45901	1467.64827
3209.67701	1382.28196
3188.09005	1395.07018
3212.23875	1365.42293
3161.47604	1429.62380
3113.62016	1563.70183
3156.60771	1438.00102
3130.82835	1482.96084
3328.79595	1313.65850
3303.61678	1324.68503
3248.33814	1347.04571
3502.46233	1262.37993
3463.96380	1274.68503
3118.45332	1514.67460
3151.08315	1450.78924
3231.69689	1349.96367
3752.76411	1227.43567
3200.70893	1391.28080
3281.24912	1333.52658
3632.76411	1239.05845
3478.55361	1267.60299
3847.95168	1216.35253
3517.05214	1255.29789
3471.23128	1272.37993
3392.79913	1297.27700
3447.32255	1277.60299
3286.97553	1327.60299
3423.27496	1289.96367
3205.57726	1382.90357
3758.49052	1221.51208
3146.94219	1460.85485
3527.64151	1251.35340
3367.29449	1301.35340
3158.38917	1438.00102
3175.23185	1421.14199
3489.14297	1263.65850
3356.70512	1305.29789
3141.14188	1466.91037
3967.95168	1204.72975
3553.14615	1247.27700
3441.59614	1283.52658
3430.54244	1287.65857
3318.20658	1317.60299
3432.73275	1284.68503
3272.38573	1334.68503
3485.82108	1265.29789
3255.60562	1344.74061
3544.28276	1248.43544
3383.93574	1298.43544
3170.64634	1425.48166
3180.10018	1412.76477
3217.10708	1357.04571
3310.88426	1322.37993
3270.19542	1337.65857
3513.05170	1258.43544
3342.11531	1312.37993
3217.10708	1357.04571
3345.43721	1310.74054
3258.92751	1343.10122
3180.10018	1412.76477
	
NSGA-II_27:	80
4445.93631	1191.47527
3115.62671	1629.66586
3973.67809	1198.80616
4428.42855	1198.55731
3121.71396	1558.80988
3117.96751	1613.74226
3127.09954	1535.79226
3128.17778	1494.47007
3774.06013	1218.64748
3558.87256	1241.35340
3959.08828	1205.88820
3623.90072	1240.21690
3894.06013	1207.02470
3678.87256	1229.73063
3243.46981	1355.42293
3743.90072	1228.59412
3839.08828	1217.51098
3853.67809	1210.42894
3202.22519	1384.64264
3187.28759	1422.56370
3206.56839	1367.78361
3520.37403	1253.65850
3478.55361	1267.60299
3318.20658	1317.60299
3758.49052	1221.51208
3169.56149	1423.50267
3423.27496	1289.96367
3312.48017	1323.52658
3194.19337	1399.49736
3190.27071	1412.79348
3398.52554	1291.35340
3360.02701	1303.65850
3221.15820	1360.70157
3162.08292	1438.80325
3126.67900	1539.35517
3123.25902	1548.15294
3638.49052	1233.13486
3248.33814	1347.04571
3967.95168	1204.72975
3262.92794	1339.96367
3847.95168	1216.35253
3553.14615	1247.27700
3502.46233	1262.37993
3261.84703	1345.42293
3632.76411	1239.05845
3213.46981	1367.04571
3201.00113	1393.83912
3339.71080	1316.66413
3500.05782	1266.66413
3122.83848	1551.71585
3354.30060	1309.58209
3163.72557	1430.58471
3133.56336	1471.45244
3290.15857	1333.10122
4440.20990	1197.39886
3276.43684	1338.34089
3436.78386	1288.34089
3145.51784	1443.30160
3140.55281	1462.75631
3129.72284	1483.81312
3202.22519	1384.64264
3301.42648	1327.65857
3544.28276	1248.43544
3383.93574	1298.43544
3392.79913	1297.27700
3752.76411	1227.43567
3472.82720	1273.52658
3463.96380	1274.68503
3132.72640	1479.15749
3141.67732	1455.66228
3458.23739	1280.60862
3117.26936	1621.44731
3145.10143	1447.44374
3514.64762	1259.58209
3638.49052	1233.13486
3450.50559	1283.10122
3128.17778	1494.47007
3129.30230	1487.37604
3342.11531	1312.37993
3350.97871	1311.22148
	
NSGA-II_28:	77
3959.08828	1205.88820
3142.25057	1539.80086
3142.25057	1539.80086
3144.67158	1437.04228
3853.67809	1210.42894
3638.49052	1233.13486
3732.23970	1232.59197
3774.06013	1218.64748
3839.08828	1217.51098
3623.90072	1240.21690
3558.87256	1241.35340
3145.91341	1413.79673
3398.52554	1291.35340
3427.00634	1290.60862
3190.08592	1387.78361
3192.09178	1376.16083
3447.32255	1277.60299
3847.95168	1216.35253
3768.33372	1224.57107
3255.60562	1344.74061
3198.99320	1375.42293
3213.83587	1365.47851
3167.65749	1403.11440
3152.81482	1413.05882
3183.18451	1388.52151
3254.27184	1353.06225
3181.39529	1396.29276
3513.05170	1258.43544
3502.46233	1262.37993
3328.79595	1313.65850
3281.24912	1333.52658
3392.79913	1297.27700
3553.14615	1247.27700
3632.76411	1239.05845
3489.14297	1263.65850
3367.29449	1301.35340
3527.64151	1251.35340
3463.96380	1274.68503
3303.61678	1324.68503
3432.73275	1284.68503
3177.73865	1396.71469
3735.56160	1230.95258
3743.90072	1228.59412
3272.38573	1334.68503
3220.73729	1364.74061
3174.55891	1402.37650
3247.37043	1353.80015
3237.51740	1354.68503
3345.43721	1310.74054
3520.37403	1253.65850
3505.78423	1260.74054
3360.02701	1303.65850
3310.88426	1322.37993
3325.47406	1315.29789
3430.54244	1287.65857
3558.87256	1241.35340
3270.19542	1337.65857
3544.28276	1248.43544
3383.93574	1298.43544
3314.20615	1320.74054
3266.65931	1340.60862
3478.55361	1267.60299
3342.11531	1312.37993
3286.97553	1327.60299
3759.47033	1225.72952
3352.70468	1308.43544
3318.20658	1317.60299
3286.97553	1327.60299
3230.61598	1355.42293
3471.23128	1272.37993
3224.88957	1361.34652
3623.90072	1240.21690
3759.47033	1225.72952
3517.05214	1255.29789
3356.70512	1305.29789
3474.55317	1270.74054
3228.42567	1358.39647
	
NSGA-II_29:	85
4193.64705	1203.84488
3143.30955	1553.40114
3198.72076	1457.04228
3162.95569	1489.51578
3591.19427	1273.67511
3161.71386	1512.76134
3199.96259	1433.79673
3175.97064	1484.63575
3647.71894	1272.64171
3249.47947	1396.16083
3858.45949	1238.17358
3686.21748	1260.33661
3187.58756	1465.51048
3150.58066	1521.22954
3145.36075	1534.52565
3241.73234	1413.05882
4073.64705	1215.46765
3430.84725	1323.67511
3898.84153	1234.76935
3843.86968	1245.25562
3361.11766	1345.98021
4114.02910	1212.06342
3144.94021	1538.08857
3143.73009	1549.83823
3497.41710	1308.34089
3994.02910	1223.68620
3937.37596	1234.61067
3730.83417	1260.17793
3651.21622	1268.39647
3466.18604	1318.34089
3737.75800	1254.45199
3305.83902	1368.34089
3286.38089	1383.80015
3236.86401	1421.43605
4179.05725	1210.92692
4152.56352	1211.90474
3817.37596	1246.23344
3377.75892	1343.06225
3322.48028	1365.42293
3482.82730	1315.42293
4032.56352	1223.52752
3898.84153	1234.76935
3778.84153	1246.39212
3291.24922	1375.42293
3280.71053	1386.16083
3231.19365	1423.79673
3346.52786	1353.06225
3188.00811	1461.94757
3151.00121	1517.66662
4072.94557	1220.12329
3206.86401	1433.05882
3857.75800	1242.82921
3545.37341	1290.75715
3515.73827	1301.90380
3489.63944	1313.06225
3765.83543	1252.11807
3329.74775	1363.11783
3304.75811	1373.80015
3256.38089	1395.42293
3425.12084	1329.59871
3392.34872	1335.98021
3385.02639	1340.75715
3355.39125	1351.90380
3264.06928	1389.07880
3214.55239	1426.71469
3764.25173	1253.47416
3670.81223	1265.45657
3521.46468	1295.98021
3978.45949	1226.55080
3952.94557	1231.74606
4059.05725	1222.54969
3778.84153	1246.39212
4032.56352	1223.52752
3169.06922	1485.37365
4187.92064	1209.76847
3585.46786	1279.59871
3506.87488	1303.06225
3730.83417	1260.17793
3337.07008	1358.34089
3538.10594	1293.06225
3399.61620	1333.67511
3559.96322	1283.67511
3552.69574	1285.98021
3576.60447	1280.75715
3416.25745	1330.75715
	
NSGA-II_30:	83
4290.24399	1191.16684
3105.81945	1597.23757
3973.67809	1198.80616
4275.65418	1198.24888
3111.59534	1540.28958
3109.65997	1584.87689
3558.87256	1241.35340
3959.08828	1205.88820
3742.82907	1228.64748
3839.08828	1217.51098
3678.87256	1229.73063
3774.06013	1218.64748
3853.67809	1210.42894
3623.90072	1240.21690
3894.06013	1207.02470
3153.14072	1415.60355
3192.09178	1376.16083
3638.49052	1233.13486
3149.52657	1434.81980
3198.99320	1375.42293
3160.04214	1414.86565
3894.06013	1207.02470
3187.74858	1393.01986
3126.07620	1471.13354
3125.95889	1487.28506
3427.00634	1290.60862
3398.52554	1291.35340
3478.55361	1267.60299
3116.12379	1520.53708
3125.89030	1491.84422
3147.60631	1447.18048
3213.83587	1365.47851
3130.62482	1455.82096
3502.46233	1262.37993
3489.14297	1263.65850
3303.61678	1324.68503
3122.05797	1507.54014
3383.93574	1298.43544
3544.28276	1248.43544
3463.96380	1274.68503
3112.28326	1532.89776
3752.76411	1227.43567
3109.65997	1584.87689
3847.95168	1216.35253
3632.76411	1239.05845
3553.14615	1247.27700
3513.05170	1258.43544
3472.82720	1273.52658
3272.38573	1334.68503
3230.61598	1355.42293
3392.79913	1297.27700
3345.43721	1310.74054
3281.24912	1333.52658
3239.47937	1354.26448
4284.51758	1197.09043
3174.88481	1404.92123
3447.32255	1277.60299
3286.97553	1327.60299
3187.46338	1401.28080
3758.49052	1221.51208
3131.04124	1451.67883
3517.05214	1255.29789
3224.88957	1361.34652
3266.65931	1340.60862
3367.29449	1301.35340
3245.20578	1348.34089
3318.20658	1317.60299
3356.70512	1305.29789
3967.95168	1204.72975
3441.59614	1283.52658
3432.73275	1284.68503
3328.79595	1313.65850
3127.20071	1464.03951
3123.18249	1500.44611
3149.24896	1438.96193
3527.64151	1251.35340
3180.56196	1402.01870
3255.60562	1344.74061
3310.88426	1322.37993
3527.49985	1253.65850
3123.18249	1500.44611
3314.20615	1320.74054
3342.11531	1312.37993
	
Math-AUGMECON-II_1:	59
3051.34446	1520.48507
3056.90278	1517.54516
3117.62914	1441.27737
3120.78174	1437.04228
3125.59604	1427.78020
3143.74876	1408.33746
3160.98420	1398.33746
3166.43006	1390.14429
3189.92714	1370.70157
3196.82856	1369.96367
3217.10708	1357.04571
3231.69689	1349.96367
3245.20578	1348.34089
3248.33814	1347.04571
3262.92794	1339.96367
3272.38573	1334.68503
3281.24912	1333.52658
3286.97553	1327.60299
3303.61678	1324.68503
3310.88426	1322.37993
3318.20658	1317.60299
3325.47406	1315.29789
3328.79595	1313.65850
3345.43721	1310.74054
3352.70468	1308.43544
3356.70512	1305.29789
3360.02701	1303.65850
3367.29449	1301.35340
3973.67809	1198.80616
3967.95168	1204.72975
3894.06013	1207.02470
3853.67809	1210.42894
3847.95168	1216.35253
3774.06013	1218.64748
3758.49052	1221.51208
3752.76411	1227.43568
3742.82907	1228.64748
3678.87256	1229.73063
3638.49052	1233.13486
3632.76411	1239.05845
3558.87256	1241.35340
3553.14614	1247.27699
3527.64151	1251.35340
3517.05214	1255.29789
3513.05170	1258.43544
3505.78426	1260.74054
3489.14297	1263.65850
3485.82108	1265.29789
3478.55360	1267.60299
3471.23128	1272.37993
3463.96380	1274.68503
3447.32255	1277.60299
3441.59614	1283.52658
3432.73275	1284.68503
3423.27497	1289.96367
3398.52554	1291.35340
3392.79913	1297.27700
3383.93574	1298.43544
3367.29449	1301.35340
	
Math-AUGMECON-II_2:	57
3086.59375	1474.07847
3092.15206	1471.13856
3125.59605	1427.78018
3129.15896	1415.41950
3160.98420	1398.33746
3166.43006	1390.14429
3175.33734	1377.78361
3217.10708	1357.04571
3230.61598	1355.42293
3231.69689	1349.96367
3255.60560	1344.74061
3262.92794	1339.96367
3272.38573	1334.68503
3281.24912	1333.52658
3286.97553	1327.60299
3303.61678	1324.68503
3310.88426	1322.37993
3318.20658	1317.60299
3328.79595	1313.65850
3342.11531	1312.37993
3352.70468	1308.43544
3360.02701	1303.65850
3367.29449	1301.35340
3383.93574	1298.43544
3973.67809	1198.80616
3967.95168	1204.72975
3959.08828	1205.88820
3894.06013	1207.02470
3853.67809	1210.42894
3847.95168	1216.35253
3839.08828	1217.51098
3774.06013	1218.64748
3758.49052	1221.51208
3752.76411	1227.43568
3742.82907	1228.64748
3678.87256	1229.73063
3638.49052	1233.13486
3638.49052	1233.13486
3632.76411	1239.05845
3623.90072	1240.21690
3558.87256	1241.35340
3553.14615	1247.27699
3544.28276	1248.43544
3527.64151	1251.35340
3517.05214	1255.29789
3513.05170	1258.43544
3502.46233	1262.37993
3489.14297	1263.65850
3478.55361	1267.60299
3471.23128	1272.37993
3463.96380	1274.68503
3447.32255	1277.60299
3432.73275	1284.68503
3430.54244	1287.65857
3398.52554	1291.35340
3392.79913	1297.27700
3383.93574	1298.43544
	
Math-AUGMECON-II_3:	54
2991.14389	1636.18070
3001.33296	1604.00910
3010.22636	1589.63707
3042.96724	1542.10784
3051.06685	1524.62720
3056.90278	1517.54516
3058.70964	1509.97694
3074.63927	1502.22931
3079.02964	1491.66742
3083.03084	1486.43915
3086.31614	1478.22060
3093.90968	1461.82610
3108.49948	1454.74406
3114.27892	1445.26082
3120.78174	1437.04228
3125.59605	1427.78018
3129.15896	1415.41950
3143.74876	1408.33746
3160.39002	1405.41950
3160.98420	1398.33746
3166.43006	1390.14429
3175.33734	1377.78361
3206.56839	1367.78361
3217.10708	1357.04571
3231.69689	1349.96367
3255.60562	1344.74061
3262.92794	1339.96367
3270.19542	1337.65857
3973.67809	1198.80616
3967.95168	1204.72975
3959.08828	1205.88820
3853.67809	1210.42893
3847.95168	1216.35253
3839.08828	1217.51098
3758.49052	1221.51208
3752.76411	1227.43568
3743.90072	1228.59412
3638.49052	1233.13486
3632.76411	1239.05845
3623.90072	1240.21690
3558.87256	1241.35340
3553.14616	1247.27699
3544.28276	1248.43544
3527.64151	1251.35340
3513.05170	1258.43544
3489.14297	1263.65850
3485.82108	1265.29789
3474.55317	1270.74054
3471.23128	1272.37993
3447.32255	1277.60299
3432.73275	1284.68503
3398.52554	1291.35340
3383.93574	1298.43544
3367.29449	1301.35340
	
Math-AUGMECON-II_4:	83
3004.61460	1594.49377
3010.64278	1585.49494
3015.86682	1572.77804
3027.81627	1561.55387
3036.18682	1554.46852
3039.81464	1546.34293
3042.96724	1542.10784
3047.78155	1532.84575
3051.34446	1520.48507
3058.70964	1509.97694
3078.21653	1495.70124
3081.95519	1489.97694
3086.31614	1478.22060
3086.59375	1474.07847
3093.90968	1461.82610
3108.49948	1454.74406
3114.27892	1445.26082
3125.59605	1427.78018
3129.15896	1415.41950
3143.74874	1408.33751
3160.39002	1405.41950
3166.43006	1390.14429
3175.33734	1377.78361
3182.23876	1377.04571
3189.92714	1370.70157
3206.56839	1367.78361
3212.23876	1365.42293
3217.10708	1357.04571
3217.10708	1357.04571
3230.61598	1355.42293
3231.69689	1349.96367
3245.20578	1348.34089
3248.33814	1347.04571
3255.60562	1344.74061
3262.92794	1339.96367
3270.19542	1337.65857
3281.24912	1333.52658
3286.97553	1327.60299
3973.67809	1198.80616
3967.95168	1204.72975
3959.08828	1205.88820
3894.06013	1207.02470
3853.67809	1210.42894
3847.95168	1216.35253
3839.08828	1217.51098
3774.06013	1218.64748
3758.49052	1221.51208
3752.76411	1227.43567
3742.82907	1228.64748
3678.87256	1229.73063
3638.49052	1233.13486
3632.76411	1239.05845
3623.90072	1240.21690
3558.87256	1241.35340
3553.14615	1247.27700
3544.28276	1248.43544
3527.64151	1251.35340
3517.05214	1255.29789
3513.05170	1258.43544
3502.46233	1262.37993
3489.14297	1263.65850
3485.82108	1265.29789
3478.55360	1267.60299
3471.23128	1272.37993
3463.96380	1274.68503
3447.32255	1277.60299
3441.59614	1283.52658
3432.73275	1284.68503
3423.27496	1289.96367
3398.52554	1291.35340
3392.79913	1297.27700
3383.93574	1298.43544
3367.29449	1301.35340
3360.02701	1303.65850
3352.70468	1308.43544
3342.11531	1312.37993
3328.79595	1313.65850
3325.47406	1315.29789
3318.20659	1317.60299
3314.20615	1320.74054
3310.88426	1322.37993
3303.61678	1324.68503
3286.97553	1327.60299
	
Math-AUGMECON-II_5:	64
3010.22636	1589.63707
3042.96724	1542.10784
3045.84281	1537.34410
3051.06685	1524.62720
3056.90278	1517.54516
3058.70964	1509.97694
3075.06393	1499.93633
3079.02964	1491.66742
3085.53244	1483.44889
3086.59375	1474.07847
3093.90968	1461.82610
3108.49948	1454.74406
3117.20448	1443.57034
3125.14875	1435.55142
3129.15896	1415.41950
3143.74876	1408.33746
3160.98420	1398.33746
3175.33734	1377.78361
3189.92714	1370.70157
3212.23876	1365.42293
3217.10708	1357.04571
3245.20578	1348.34089
3262.92794	1339.96367
3272.38573	1334.68503
3286.97553	1327.60299
3303.61678	1324.68503
3310.88426	1322.37993
3318.20659	1317.60299
3325.47406	1315.29789
3342.11531	1312.37993
3973.67809	1198.80616
3967.95168	1204.72975
3959.08828	1205.88820
3894.06013	1207.02470
3853.67809	1210.42894
3847.95168	1216.35253
3839.08828	1217.51097
3774.06013	1218.64748
3758.49052	1221.51208
3752.76411	1227.43568
3743.90072	1228.59412
3678.87256	1229.73063
3638.49052	1233.13486
3632.76411	1239.05845
3623.90072	1240.21690
3558.87256	1241.35340
3553.14615	1247.27700
3544.28276	1248.43544
3520.37403	1253.65850
3513.05170	1258.43544
3502.46233	1262.37993
3489.14297	1263.65850
3478.55361	1267.60299
3471.23128	1272.37993
3463.96380	1274.68503
3447.32255	1277.60299
3441.59614	1283.52658
3423.27497	1289.96367
3398.52554	1291.35340
3392.79913	1297.27700
3383.93574	1298.43544
3360.02701	1303.65850
3352.70468	1308.43544
3342.11531	1312.37993
	
Math-AUGMECON-II_6:	55
3010.64278	1585.49494
3044.17578	1541.20800
3047.78155	1532.84575
3051.06685	1524.62720
3071.43610	1508.06192
3071.71371	1503.91979
3093.90968	1461.82610
3108.49947	1454.74409
3125.14875	1435.55142
3125.59605	1427.78018
3129.15896	1415.41950
3143.74876	1408.33746
3175.33734	1377.78361
3182.23876	1377.04571
3189.92713	1370.70158
3196.82856	1369.96367
3206.56839	1367.78361
3217.10708	1357.04571
3245.20578	1348.34089
3248.33814	1347.04571
3258.92751	1343.10122
3270.19542	1337.65857
3272.38573	1334.68503
3973.67809	1198.80616
3967.95168	1204.72975
3894.06013	1207.02470
3853.67809	1210.42894
3847.95168	1216.35253
3774.06013	1218.64748
3758.49052	1221.51208
3752.76411	1227.43568
3678.87256	1229.73063
3638.49052	1233.13486
3632.76411	1239.05845
3558.87256	1241.35340
3553.14615	1247.27700
3520.37403	1253.65850
3517.05214	1255.29789
3513.05171	1258.43544
3505.78423	1260.74054
3502.46233	1262.37993
3478.55361	1267.60299
3471.23128	1272.37993
3447.32255	1277.60299
3441.59614	1283.52658
3432.73275	1284.68503
3398.52554	1291.35340
3392.79913	1297.27700
3360.02701	1303.65850
3356.70512	1305.29789
3345.43721	1310.74054
3342.11531	1312.37993
3318.20659	1317.60299
3310.88426	1322.37993
3286.97553	1327.60299
	
Math-AUGMECON-II_7:	72
3012.58152	1580.99658
3015.86682	1572.77804
3021.70274	1565.69600
3027.81627	1561.55387
3045.84281	1537.34410
3056.90278	1517.54516
3073.29944	1502.89490
3078.21653	1495.70124
3083.03084	1486.43915
3086.31614	1478.22060
3092.15206	1471.13856
3093.90968	1461.82610
3108.49948	1454.74406
3114.27892	1445.26082
3120.78174	1437.04228
3125.14875	1435.55142
3125.59605	1427.78018
3129.15896	1415.41950
3143.74876	1408.33746
3160.98420	1398.33746
3166.43006	1390.14429
3175.33734	1377.78361
3206.56839	1367.78361
3212.23876	1365.42293
3217.10708	1357.04571
3230.61598	1355.42293
3248.33814	1347.04571
3255.60562	1344.74061
3262.92794	1339.96367
3270.19542	1337.65857
3272.38573	1334.68503
3286.97553	1327.60299
3973.67809	1198.80616
3967.95168	1204.72975
3959.08828	1205.88819
3894.06013	1207.02470
3853.67809	1210.42893
3847.95168	1216.35253
3839.08828	1217.51098
3774.06013	1218.64748
3758.49052	1221.51208
3752.76410	1227.43567
3743.90072	1228.59412
3678.87256	1229.73063
3638.49052	1233.13486
3632.76411	1239.05845
3623.90072	1240.21690
3558.87256	1241.35340
3553.14615	1247.27700
3544.28276	1248.43544
3520.37403	1253.65850
3513.05170	1258.43544
3505.78423	1260.74054
3502.46233	1262.37993
3489.14297	1263.65850
3478.55361	1267.60299
3471.23128	1272.37993
3463.96380	1274.68503
3447.32255	1277.60299
3441.59614	1283.52658
3423.27497	1289.96367
3398.52554	1291.35340
3392.79913	1297.27700
3383.93574	1298.43544
3360.02701	1303.65850
3356.70512	1305.29789
3352.70468	1308.43544
3342.11531	1312.37993
3328.79595	1313.65850
3318.20659	1317.60299
3310.88426	1322.37993
3303.61678	1324.68503
	
Math-AUGMECON-II_8:	51
2987.36010	1673.82002
2988.48461	1666.72599
2988.99076	1658.50745
2991.14389	1636.18070
3001.33296	1604.00910
3004.33700	1598.63591
3010.22636	1589.63707
3036.18682	1554.46852
3036.46443	1550.32639
3039.81464	1546.34293
3086.59375	1474.07847
3093.90968	1461.82610
3100.81108	1461.08821
3108.49948	1454.74406
3125.59605	1427.78018
3129.15896	1415.41950
3143.74876	1408.33746
3166.43006	1390.14429
3175.33734	1377.78361
3206.56839	1367.78361
3217.10708	1357.04571
3231.69689	1349.96367
3248.33814	1347.04571
3973.67809	1198.80616
3967.95168	1204.72975
3959.08828	1205.88820
3853.67809	1210.42894
3847.95168	1216.35253
3839.08828	1217.51098
3758.49052	1221.51208
3743.90072	1228.59412
3638.49052	1233.13486
3632.76411	1239.05845
3623.90072	1240.21690
3558.87256	1241.35340
3553.14615	1247.27700
3544.28276	1248.43544
3527.64151	1251.35340
3513.05170	1258.43544
3489.14297	1263.65850
3485.82108	1265.29789
3474.55317	1270.74054
3471.23128	1272.37993
3447.32255	1277.60299
3441.59614	1283.52658
3432.73275	1284.68503
3423.27497	1289.96367
3398.52554	1291.35340
3392.79913	1297.27700
3383.93574	1298.43544
3367.29449	1301.35340
	
Math-AUGMECON-II_9:	66
3039.81464	1546.34293
3042.96724	1542.10784
3051.34446	1520.48508
3056.95203	1519.28940
3093.90968	1461.82610
3108.49948	1454.74406
3125.14875	1435.55142
3125.59605	1427.78018
3129.15896	1415.41950
3160.39002	1405.41950
3160.98420	1398.33746
3166.43006	1390.14429
3175.33734	1377.78361
3212.23876	1365.42293
3217.10708	1357.04571
3230.61598	1355.42293
3231.69689	1349.96367
3255.60562	1344.74061
3262.92794	1339.96367
3272.38573	1334.68503
3281.24912	1333.52658
3286.97553	1327.60299
3303.61678	1324.68503
3314.20615	1320.74054
3318.20659	1317.60299
3328.79595	1313.65850
3342.11531	1312.37993
3352.70468	1308.43544
3973.67809	1198.80616
3967.95168	1204.72975
3959.08828	1205.88820
3894.06013	1207.02470
3853.67809	1210.42894
3847.95168	1216.35253
3839.08828	1217.51098
3774.06013	1218.64748
3774.06013	1218.64748
3758.49052	1221.51208
3752.76411	1227.43568
3742.82907	1228.64748
3678.87256	1229.73063
3638.49052	1233.13486
3632.76411	1239.05845
3623.90072	1240.21690
3558.87256	1241.35340
3553.14615	1247.27700
3544.28276	1248.43544
3527.64151	1251.35340
3517.05214	1255.29789
3513.05170	1258.43544
3502.46233	1262.37993
3489.14297	1263.65850
3478.55361	1267.60299
3474.55317	1270.74054
3463.96380	1274.68503
3447.32255	1277.60299
3441.59614	1283.52658
3432.73275	1284.68503
3423.27497	1289.96367
3398.52554	1291.35340
3398.52554	1291.35340
3392.79913	1297.27700
3383.93574	1298.43544
3367.29449	1301.35340
3356.70512	1305.29789
3352.70468	1308.43544
	
Math-AUGMECON-II_10:	57
3001.61057	1599.86696
3036.18682	1554.46852
3045.84281	1537.34410
3051.06685	1524.62720
3051.34446	1520.48507
3056.90278	1517.54516
3071.71371	1503.91979
3075.06393	1499.93633
3081.95519	1489.97694
3083.03084	1486.43915
3085.53245	1483.44888
3086.59375	1474.07847
3092.15206	1471.13856
3093.90968	1461.82610
3114.06623	1453.63805
3125.59605	1427.78018
3129.15896	1415.41950
3143.74876	1408.33746
3160.98420	1398.33746
3164.64085	1397.91553
3175.33734	1377.78361
3189.92714	1370.70157
3206.56839	1367.78361
3217.10708	1357.04571
3231.69689	1349.96367
3248.33814	1347.04571
3258.92751	1343.10122
3270.19542	1337.65857
3286.97553	1327.60299
3973.67809	1198.80616
3967.95168	1204.72975
3959.08828	1205.88820
3853.67809	1210.42894
3847.95168	1216.35253
3839.08828	1217.51098
3758.49052	1221.51208
3752.76411	1227.43568
3743.90071	1228.59412
3638.49052	1233.13486
3632.76411	1239.05845
3623.90072	1240.21690
3558.87256	1241.35340
3553.14615	1247.27700
3544.28276	1248.43544
3527.64151	1251.35340
3517.05214	1255.29789
3513.05170	1258.43544
3489.14297	1263.65850
3485.82108	1265.29789
3474.55317	1270.74054
3471.23128	1272.37993
3447.32255	1277.60299
3432.73290	1284.68498
3398.52554	1291.35340
3392.79913	1297.27700
3383.93574	1298.43544
3367.29449	1301.35340
	
Math-AUGMECON-II_11:	51
3015.86682	1572.77804
3027.81627	1561.55387
3036.46443	1550.32639
3045.84281	1537.34410
3082.37982	1487.68401
3093.90968	1461.82610
3117.20448	1443.57034
3125.14875	1435.55142
3125.59605	1427.78018
3129.15896	1415.41950
3160.98420	1398.33746
3166.43006	1390.14429
3175.33734	1377.78361
3206.56839	1367.78361
3217.10708	1357.04571
3231.69689	1349.96367
3258.92751	1343.10122
3272.38573	1334.68503
3286.97553	1327.60299
3310.88426	1322.37993
3318.20659	1317.60299
3973.67809	1198.80616
3967.95168	1204.72975
3894.06013	1207.02470
3853.67809	1210.42894
3847.95168	1216.35253
3774.06013	1218.64748
3758.49052	1221.51208
3752.76411	1227.43568
3742.82907	1228.64748
3678.87256	1229.73063
3638.49052	1233.13486
3632.76411	1239.05845
3558.87256	1241.35340
3553.14615	1247.27700
3527.64151	1251.35340
3520.37403	1253.65850
3513.05170	1258.43544
3489.14297	1263.65850
3478.55361	1267.60299
3471.23128	1272.37993
3447.32255	1277.60299
3432.73275	1284.68503
3398.52554	1291.35340
3392.79913	1297.27700
3367.29449	1301.35340
3360.02701	1303.65850
3360.02701	1303.65850
3352.70468	1308.43544
3328.79595	1313.65850
3318.20659	1317.60299
	
Math-AUGMECON-II_12:	50
2991.14389	1636.18070
2992.26840	1629.08667
2995.27243	1623.71348
2998.69654	1615.49494
3001.33296	1604.00910
3004.61460	1594.49377
3010.64278	1585.49494
3015.86682	1572.77804
3016.14443	1568.63591
3036.18682	1554.46852
3036.46443	1550.32639
3039.38998	1548.63591
3042.96724	1542.10784
3047.78155	1532.84575
3051.06685	1524.62720
3058.70964	1509.97694
3071.71371	1503.91979
3073.29944	1502.89490
3079.02964	1491.66742
3082.37985	1487.68397
3086.31614	1478.22060
3086.59375	1474.07847
3092.15206	1471.13856
3100.81109	1461.08820
3114.27892	1445.26082
3117.62914	1441.27737
3129.15896	1415.41950
3160.39002	1405.41950
3160.98420	1398.33746
3166.43006	1390.14429
3175.33734	1377.78361
3182.23876	1377.04571
3981.96236	1198.80616
3959.08828	1205.88820
3901.18595	1207.02470
3853.67809	1210.42894
3766.77479	1221.51208
3743.90091	1228.59410
3687.15755	1229.73055
3646.77479	1233.13486
3632.76411	1239.05845
3623.90072	1240.21690
3558.87256	1241.35340
3544.28276	1248.43544
3527.64151	1251.35340
3520.37403	1253.65850
3505.78423	1260.74054
3502.46233	1262.37993
3489.14297	1263.65850
3478.55361	1267.60299
	
Math-AUGMECON-II_13:	61
3016.14443	1568.63591
3051.06685	1524.62720
3058.70964	1509.97694
3078.21651	1495.70126
3079.02964	1491.66742
3085.53245	1483.44888
3093.90968	1461.82610
3114.27892	1445.26082
3117.20448	1443.57034
3129.15896	1415.41950
3143.74876	1408.33746
3150.65018	1407.59956
3160.98420	1398.33746
3175.33734	1377.78361
3189.92714	1370.70158
3217.10708	1357.04571
3231.69689	1349.96367
3245.20578	1348.34089
3258.92751	1343.10122
3262.92794	1339.96367
3272.38573	1334.68503
3286.97553	1327.60299
3310.88426	1322.37993
3314.20615	1320.74054
3325.47406	1315.29789
3342.11531	1312.37993
3973.67809	1198.80616
3967.95168	1204.72975
3959.08828	1205.88820
3894.06013	1207.02470
3853.67809	1210.42893
3847.95168	1216.35253
3839.08828	1217.51098
3774.06013	1218.64748
3758.49052	1221.51208
3752.76411	1227.43567
3742.82907	1228.64748
3678.87256	1229.73063
3638.49052	1233.13486
3632.76411	1239.05845
3623.90072	1240.21690
3558.87256	1241.35340
3553.14615	1247.27700
3544.28276	1248.43544
3527.64151	1251.35340
3517.05214	1255.29789
3505.78423	1260.74054
3502.46233	1262.37993
3485.82108	1265.29789
3478.55361	1267.60299
3471.23128	1272.37993
3463.96380	1274.68503
3447.32255	1277.60299
3432.73275	1284.68503
3398.52554	1291.35340
3392.79913	1297.27700
3383.93574	1298.43544
3367.29449	1301.35340
3356.70512	1305.29789
3352.70468	1308.43544
3345.43721	1310.74054
	
Math-AUGMECON-II_14:	64
3045.84281	1537.34410
3079.02964	1491.66742
3086.59375	1474.07847
3093.90968	1461.82610
3108.49948	1454.74406
3114.27892	1445.26082
3120.78174	1437.04228
3125.59605	1427.78018
3160.98420	1398.33746
3166.43006	1390.14429
3173.33148	1389.40639
3175.33734	1377.78361
3212.23876	1365.42293
3217.10708	1357.04571
3231.69689	1349.96367
3248.33813	1347.04571
3258.92751	1343.10122
3262.92794	1339.96367
3272.38573	1334.68503
3281.24912	1333.52658
3286.97553	1327.60299
3303.61678	1324.68503
3310.88426	1322.37993
3314.20615	1320.74054
3318.20659	1317.60299
3325.47406	1315.29789
3328.79595	1313.65850
3342.11531	1312.37993
3352.70468	1308.43544
3973.67809	1198.80616
3967.95168	1204.72975
3959.08828	1205.88820
3894.06013	1207.02470
3853.67809	1210.42894
3847.95168	1216.35253
3839.08828	1217.51098
3774.06013	1218.64748
3758.49052	1221.51208
3752.76411	1227.43568
3742.82907	1228.64748
3678.87256	1229.73063
3638.49052	1233.13486
3632.76411	1239.05845
3623.90072	1240.21690
3558.87256	1241.35340
3553.14615	1247.27699
3544.28276	1248.43544
3527.64151	1251.35340
3527.64151	1251.35340
3513.05170	1258.43544
3502.46233	1262.37993
3489.14297	1263.65850
3474.55317	1270.74054
3471.23128	1272.37993
3463.96380	1274.68503
3447.32255	1277.60299
3441.59614	1283.52658
3432.73275	1284.68503
3423.27497	1289.96367
3398.52554	1291.35340
3392.79913	1297.27700
3383.93574	1298.43544
3367.29449	1301.35340
3360.02701	1303.65850
	
Math-AUGMECON-II_15:	60
3021.70274	1565.69600
3042.96724	1542.10784
3051.06685	1524.62720
3071.71371	1503.91979
3083.03083	1486.43915
3093.90968	1461.82610
3114.27892	1445.26082
3129.15896	1415.41950
3136.06038	1414.68160
3166.43006	1390.14429
3173.33148	1389.40639
3175.33734	1377.78361
3189.92714	1370.70157
3217.10708	1357.04571
3231.69689	1349.96367
3245.20578	1348.34089
3262.92794	1339.96367
3270.19542	1337.65857
3281.24912	1333.52658
3286.97553	1327.60299
3303.61678	1324.68503
3310.88426	1322.37993
3318.20659	1317.60299
3325.47406	1315.29789
3328.79595	1313.65850
3345.43721	1310.74054
3352.70468	1308.43544
3973.67809	1198.80616
3967.95168	1204.72975
3894.06013	1207.02470
3853.67809	1210.42893
3847.95168	1216.35253
3774.06013	1218.64748
3758.49052	1221.51208
3752.76411	1227.43568
3742.82907	1228.64748
3678.87256	1229.73063
3638.49052	1233.13486
3632.76411	1239.05845
3558.87256	1241.35340
3553.14615	1247.27699
3527.64151	1251.35340
3520.37403	1253.65850
3517.05214	1255.29789
3513.05170	1258.43544
3505.78423	1260.74054
3489.14297	1263.65850
3478.55361	1267.60299
3471.23128	1272.37993
3463.96380	1274.68503
3447.32255	1277.60299
3441.59614	1283.52658
3432.73275	1284.68503
3423.27496	1289.96367
3398.52554	1291.35340
3392.79913	1297.27700
3383.93575	1298.43544
3367.29449	1301.35340
3356.70512	1305.29789
3352.70468	1308.43544
	
Math-AUGMECON-II_16:	72
3001.61057	1599.86696
3004.61460	1594.49377
3036.46443	1550.32639
3039.38998	1548.63591
3045.84281	1537.34410
3051.06685	1524.62720
3051.34446	1520.48507
3058.70964	1509.97694
3073.29944	1502.89490
3078.21653	1495.70124
3082.37985	1487.68397
3085.53245	1483.44888
3092.15206	1471.13856
3093.90968	1461.82610
3108.49948	1454.74406
3114.27892	1445.26082
3117.20448	1443.57034
3120.78174	1437.04228
3125.59605	1427.78018
3129.15896	1415.41950
3143.74876	1408.33746
3160.98420	1398.33746
3166.43006	1390.14429
3175.33734	1377.78361
3189.92714	1370.70157
3217.10708	1357.04571
3231.69689	1349.96367
3245.20578	1348.34089
3258.92751	1343.10122
3262.92794	1339.96367
3272.38573	1334.68503
3286.97553	1327.60299
3973.67809	1198.80616
3967.95168	1204.72975
3959.08828	1205.88820
3894.06013	1207.02470
3853.67809	1210.42894
3847.95168	1216.35253
3839.08828	1217.51098
3774.06013	1218.64748
3758.49052	1221.51208
3752.76411	1227.43568
3742.82907	1228.64748
3678.87256	1229.73063
3638.49052	1233.13486
3632.76411	1239.05845
3623.90072	1240.21690
3558.87256	1241.35340
3553.14615	1247.27699
3544.28276	1248.43544
3527.64151	1251.35340
3517.05214	1255.29789
3513.05170	1258.43544
3505.78423	1260.74054
3502.46233	1262.37993
3485.82108	1265.29789
3478.55361	1267.60299
3471.23128	1272.37993
3463.96380	1274.68503
3447.32255	1277.60299
3441.59614	1283.52658
3432.73275	1284.68503
3398.52554	1291.35340
3392.79913	1297.27700
3383.93574	1298.43544
3367.29449	1301.35340
3356.70512	1305.29789
3352.70468	1308.43544
3342.11531	1312.37993
3325.47406	1315.29789
3318.20659	1317.60299
3310.88426	1322.37993
	
Math-AUGMECON-II_17:	50
3001.61057	1599.86696
3027.81627	1561.55387
3039.81464	1546.34293
3051.06683	1524.62724
3086.59375	1474.07847
3093.90968	1461.82610
3100.81109	1461.08820
3108.49948	1454.74406
3125.59605	1427.78018
3129.15896	1415.41950
3143.74876	1408.33746
3150.65018	1407.59956
3166.43006	1390.14429
3175.33734	1377.78361
3206.56839	1367.78361
3212.23876	1365.42293
3217.10708	1357.04571
3231.69689	1349.96367
3248.33814	1347.04571
3258.92751	1343.10122
3270.19542	1337.65857
3272.38573	1334.68503
3286.97553	1327.60299
3310.88426	1322.37993
3973.67809	1198.80616
3967.95168	1204.72975
3959.08828	1205.88820
3853.67809	1210.42894
3847.95168	1216.35253
3839.08828	1217.51098
3758.49052	1221.51208
3752.76411	1227.43568
3743.90072	1228.59412
3638.49052	1233.13486
3632.76411	1239.05845
3623.90071	1240.21689
3565.99839	1241.35340
3553.14615	1247.27700
3544.28276	1248.43544
3527.64151	1251.35340
3513.05170	1258.43544
3489.14297	1263.65850
3485.82108	1265.29789
3474.55317	1270.74054
3471.23128	1272.37993
3447.32255	1277.60299
3441.59614	1283.52658
3432.73275	1284.68503
3423.27497	1289.96367
3398.52554	1291.35340
	
Math-AUGMECON-II_18:	67
3010.64278	1585.49493
3045.84281	1537.34410
3047.78155	1532.84575
3051.06685	1524.62720
3071.71371	1503.91979
3078.21653	1495.70124
3082.37985	1487.68397
3086.31614	1478.22060
3092.15206	1471.13856
3093.90968	1461.82610
3108.49948	1454.74406
3114.27892	1445.26082
3129.15896	1415.41950
3160.98420	1398.33746
3166.43006	1390.14429
3175.33734	1377.78361
3189.92713	1370.70158
3206.56839	1367.78361
3217.10708	1357.04571
3230.61598	1355.42293
3231.69689	1349.96367
3255.60562	1344.74061
3262.92794	1339.96367
3272.38573	1334.68503
3281.24912	1333.52658
3286.97553	1327.60299
3303.61678	1324.68503
3310.88426	1322.37993
3314.20615	1320.74054
3973.67809	1198.80615
3967.95168	1204.72975
3959.08828	1205.88820
3894.06013	1207.02470
3853.67809	1210.42893
3847.95168	1216.35253
3839.08828	1217.51098
3774.06013	1218.64748
3758.49052	1221.51208
3752.76411	1227.43567
3742.82907	1228.64748
3678.87256	1229.73063
3638.49052	1233.13486
3632.76411	1239.05845
3623.90072	1240.21690
3558.87256	1241.35340
3553.14615	1247.27699
3544.28276	1248.43544
3527.64151	1251.35340
3520.37403	1253.65850
3505.78423	1260.74054
3502.46233	1262.37993
3489.14297	1263.65850
3478.55361	1267.60299
3463.96380	1274.68503
3447.32255	1277.60299
3441.59614	1283.52658
3432.73274	1284.68503
3423.27497	1289.96367
3398.52554	1291.35340
3392.79913	1297.27700
3383.93574	1298.43544
3367.29449	1301.35340
3360.02701	1303.65850
3352.70468	1308.43544
3342.11531	1312.37993
3328.79595	1313.65850
3325.47406	1315.29789
	
Math-AUGMECON-II_19:	59
3001.61057	1599.86696
3004.61460	1594.49377
3036.18682	1554.46852
3036.46443	1550.32639
3039.81464	1546.34293
3045.84281	1537.34410
3047.78155	1532.84575
3051.06685	1524.62720
3056.90278	1517.54516
3058.70964	1509.97694
3071.71371	1503.91979
3075.06393	1499.93633
3081.95519	1489.97694
3083.03084	1486.43915
3085.53245	1483.44888
3086.59375	1474.07847
3092.15205	1471.13857
3093.90968	1461.82610
3114.06623	1453.63805
3125.59605	1427.78018
3129.15896	1415.41950
3143.74876	1408.33746
3160.98420	1398.33746
3164.64085	1397.91553
3175.33734	1377.78361
3189.92713	1370.70158
3206.56839	1367.78361
3217.10708	1357.04571
3231.69689	1349.96367
3973.67808	1198.80616
3967.95167	1204.72975
3959.08828	1205.88819
3853.67809	1210.42894
3847.95168	1216.35253
3839.08828	1217.51098
3758.49052	1221.51208
3752.76411	1227.43568
3743.90071	1228.59412
3638.49052	1233.13486
3632.76411	1239.05845
3623.90072	1240.21690
3558.87256	1241.35340
3553.14615	1247.27700
3544.28276	1248.43544
3527.64151	1251.35340
3517.05214	1255.29789
3513.05170	1258.43544
3489.14297	1263.65850
3485.82108	1265.29789
3474.55317	1270.74054
3471.23128	1272.37993
3447.32255	1277.60299
3432.73290	1284.68498
3398.52554	1291.35340
3392.79913	1297.27700
3383.93574	1298.43544
3367.29449	1301.35340
3356.70512	1305.29789
3345.43721	1310.74054
	
Math-AUGMECON-II_20:	61
3036.18682	1554.46852
3036.46443	1550.32639
3039.81464	1546.34293
3082.37985	1487.68397
3086.31614	1478.22060
3086.59375	1474.07847
3093.90968	1461.82610
3108.49948	1454.74406
3114.27892	1445.26082
3117.20448	1443.57034
3117.62914	1441.27737
3125.59605	1427.78018
3129.15896	1415.41950
3143.74876	1408.33746
3166.43006	1390.14429
3175.33734	1377.78361
3182.23876	1377.04571
3206.56839	1367.78361
3230.61598	1355.42293
3248.33814	1347.04571
3262.92794	1339.96367
3272.38573	1334.68503
3286.97553	1327.60299
3303.61678	1324.68503
3973.67809	1198.80616
3967.95168	1204.72975
3959.08828	1205.88820
3894.06013	1207.02470
3853.67809	1210.42893
3847.95168	1216.35253
3839.08828	1217.51098
3774.06013	1218.64748
3758.49052	1221.51208
3752.76411	1227.43568
3743.90071	1228.59412
3678.87256	1229.73063
3638.49052	1233.13486
3632.76411	1239.05845
3623.90072	1240.21690
3558.87256	1241.35340
3553.14615	1247.27699
3544.28276	1248.43544
3520.37403	1253.65850
3513.05173	1258.43544
3505.78423	1260.74054
3489.14297	1263.65850
3478.55361	1267.60299
3471.23128	1272.37993
3463.96380	1274.68503
3447.32255	1277.60299
3441.59614	1283.52658
3423.27497	1289.96367
3398.52554	1291.35340
3392.79913	1297.27700
3383.93574	1298.43544
3360.02701	1303.65850
3352.70468	1308.43544
3345.43721	1310.74054
3328.79595	1313.65850
3318.20659	1317.60299
3310.88426	1322.37993
	
Math-AUGMECON-II_21:	60
3036.46443	1550.32639
3051.06685	1524.62720
3086.31614	1478.22060
3093.90968	1461.82610
3120.78174	1437.04228
3129.15896	1415.41950
3175.33734	1377.78361
3206.56839	1367.78361
3212.23876	1365.42293
3217.10708	1357.04571
3230.61598	1355.42293
3248.33813	1347.04571
3255.60562	1344.74061
3262.92794	1339.96367
3270.19542	1337.65857
3272.38573	1334.68503
3286.97553	1327.60299
3303.61678	1324.68503
3310.88426	1322.37993
3318.20659	1317.60299
3325.47406	1315.29789
3342.11531	1312.37993
3345.43721	1310.74054
3352.70468	1308.43544
3356.70512	1305.29789
3360.02701	1303.65850
3383.93574	1298.43544
3973.67809	1198.80616
3967.95168	1204.72975
3959.08828	1205.88820
3894.06013	1207.02470
3853.67809	1210.42894
3847.95168	1216.35253
3839.08828	1217.51098
3774.06013	1218.64748
3774.06013	1218.64748
3758.49052	1221.51208
3752.76411	1227.43568
3743.90072	1228.59412
3678.87256	1229.73063
3638.49052	1233.13486
3632.76411	1239.05845
3623.90072	1240.21690
3558.87256	1241.35340
3553.14615	1247.27700
3544.28276	1248.43544
3520.37403	1253.65850
3517.05214	1255.29789
3513.05170	1258.43544
3505.78423	1260.74054
3502.46233	1262.37993
3489.14297	1263.65850
3478.55361	1267.60299
3471.23128	1272.37993
3463.96380	1274.68503
3447.32255	1277.60299
3441.59614	1283.52658
3423.27497	1289.96367
3398.52554	1291.35340
3392.79913	1297.27700
	
Math-AUGMECON-II_22:	69
3010.22636	1589.63707
3021.70274	1565.69600
3036.46443	1550.32639
3051.06685	1524.62720
3058.70964	1509.97694
3075.06393	1499.93633
3083.03084	1486.43915
3093.90968	1461.82610
3114.27892	1445.26082
3125.59605	1427.78018
3129.15896	1415.41950
3166.43006	1390.14429
3175.33734	1377.78361
3182.23876	1377.04571
3189.92714	1370.70157
3206.56839	1367.78361
3212.23876	1365.42293
3217.10708	1357.04571
3230.61598	1355.42293
3231.69689	1349.96367
3245.20578	1348.34089
3255.60560	1344.74061
3262.92794	1339.96367
3272.38573	1334.68503
3281.24912	1333.52658
3286.97553	1327.60299
3303.61678	1324.68503
3314.20615	1320.74054
3318.20658	1317.60299
3328.79595	1313.65850
3342.11531	1312.37993
3973.67809	1198.80616
3967.95168	1204.72975
3959.08828	1205.88819
3894.06013	1207.02470
3853.67809	1210.42894
3847.95168	1216.35253
3839.08828	1217.51098
3774.06013	1218.64748
3774.06013	1218.64748
3758.49052	1221.51208
3752.76411	1227.43567
3742.82907	1228.64748
3678.87256	1229.73063
3638.49052	1233.13486
3632.76411	1239.05845
3623.90072	1240.21690
3558.87256	1241.35340
3553.14615	1247.27700
3544.28276	1248.43544
3527.64151	1251.35340
3517.05214	1255.29789
3505.78423	1260.74054
3502.46233	1262.37993
3489.14297	1263.65850
3485.82108	1265.29789
3478.55360	1267.60299
3471.23128	1272.37993
3463.96380	1274.68503
3447.32255	1277.60299
3441.59614	1283.52658
3432.73275	1284.68503
3423.27497	1289.96367
3398.52554	1291.35340
3392.79913	1297.27700
3383.93574	1298.43544
3367.29449	1301.35340
3356.70512	1305.29789
3345.43721	1310.74054
	
Math-AUGMECON-II_23:	59
3036.46443	1550.32639
3039.81464	1546.34293
3058.70964	1509.97694
3075.06393	1499.93633
3078.21653	1495.70124
3085.53245	1483.44888
3086.59373	1474.07850
3114.06622	1453.63805
3120.78174	1437.04228
3125.59605	1427.78018
3129.15896	1415.41950
3160.39002	1405.41950
3160.98420	1398.33746
3166.43006	1390.14429
3175.33734	1377.78361
3189.92714	1370.70157
3217.10708	1357.04571
3231.69689	1349.96367
3245.20578	1348.34089
3248.33814	1347.04571
3255.60562	1344.74061
3270.19542	1337.65857
3281.24912	1333.52658
3286.97553	1327.60299
3310.88426	1322.37993
3318.20659	1317.60299
3328.79595	1313.65850
3345.43721	1310.74054
3973.67809	1198.80616
3973.67809	1198.80616
3967.95168	1204.72975
3894.06013	1207.02470
3853.67809	1210.42894
3847.95168	1216.35253
3774.06013	1218.64748
3774.06013	1218.64748
3758.49052	1221.51208
3752.76411	1227.43568
3742.82907	1228.64748
3678.87256	1229.73063
3638.49052	1233.13486
3632.76411	1239.05845
3558.87256	1241.35340
3553.14615	1247.27699
3527.64151	1251.35340
3520.37403	1253.65850
3517.05214	1255.29789
3505.78424	1260.74054
3489.14297	1263.65850
3478.55361	1267.60299
3471.23128	1272.37993
3447.32255	1277.60299
3441.59614	1283.52658
3430.54244	1287.65857
3398.52554	1291.35340
3398.52554	1291.35340
3392.79913	1297.27700
3367.29449	1301.35340
3356.70512	1305.29789
	
Math-AUGMECON-II_24:	55
3045.84281	1537.34410
3051.06685	1524.62720
3056.90278	1517.54516
3108.49948	1454.74406
3114.27892	1445.26082
3125.59605	1427.78018
3129.15896	1415.41950
3143.74876	1408.33747
3160.98420	1398.33746
3166.43006	1390.14429
3175.33734	1377.78361
3189.92714	1370.70157
3212.23876	1365.42293
3217.10708	1357.04571
3230.61598	1355.42293
3245.20578	1348.34089
3258.92751	1343.10122
3272.38573	1334.68503
3281.24912	1333.52658
3303.61675	1324.68504
3310.88426	1322.37993
3318.20659	1317.60299
3328.79595	1313.65850
3328.79595	1313.65850
3352.70468	1308.43544
3360.02701	1303.65850
3973.67809	1198.80616
3967.95167	1204.72975
3894.06013	1207.02470
3853.67809	1210.42894
3847.95168	1216.35253
3774.06013	1218.64748
3758.49052	1221.51208
3752.76411	1227.43568
3742.82907	1228.64748
3678.87256	1229.73063
3678.87256	1229.73063
3638.49052	1233.13486
3632.76411	1239.05845
3558.87256	1241.35340
3553.14615	1247.27699
3527.64151	1251.35340
3520.37403	1253.65850
3513.05170	1258.43544
3489.14297	1263.65850
3478.55361	1267.60299
3471.23128	1272.37993
3463.96380	1274.68503
3447.32255	1277.60299
3432.73275	1284.68503
3398.52554	1291.35340
3398.52554	1291.35340
3392.79913	1297.27700
3367.29449	1301.35340
3360.02701	1303.65850
	
Math-AUGMECON-II_25:	69
3010.17292	1591.55387
3010.64278	1585.49494
3042.96724	1542.10784
3051.06685	1524.62720
3051.34446	1520.48507
3058.70964	1509.97694
3071.71371	1503.91979
3078.21653	1495.70124
3079.02963	1491.66743
3086.31614	1478.22060
3093.90968	1461.82610
3108.49948	1454.74406
3114.27892	1445.26082
3125.14875	1435.55142
3125.59605	1427.78018
3160.39002	1405.41950
3160.98420	1398.33746
3166.43006	1390.14429
3173.33148	1389.40639
3175.33734	1377.78361
3212.23876	1365.42293
3230.61598	1355.42293
3231.69689	1349.96367
3255.60562	1344.74061
3258.92751	1343.10122
3270.19542	1337.65857
3272.38573	1334.68503
3286.97553	1327.60299
3303.61678	1324.68503
3310.88426	1322.37993
3318.20659	1317.60299
3973.67809	1198.80616
3967.95168	1204.72975
3959.08828	1205.88820
3894.06013	1207.02470
3853.67809	1210.42894
3847.95168	1216.35253
3839.08828	1217.51098
3774.06013	1218.64748
3774.06013	1218.64748
3758.49052	1221.51208
3752.76411	1227.43568
3743.90072	1228.59412
3678.87256	1229.73063
3678.87256	1229.73063
3638.49052	1233.13486
3632.76411	1239.05845
3623.90072	1240.21690
3558.87256	1241.35340
3553.14615	1247.27700
3544.28276	1248.43544
3520.37403	1253.65850
3513.05170	1258.43544
3502.46233	1262.37993
3489.14297	1263.65850
3478.55361	1267.60299
3471.23128	1272.37993
3463.96380	1274.68503
3447.32255	1277.60299
3441.59614	1283.52658
3432.73275	1284.68503
3398.52554	1291.35340
3392.79913	1297.27700
3383.93574	1298.43544
3360.02701	1303.65850
3352.70468	1308.43544
3342.11531	1312.37993
3328.79595	1313.65850
3318.20659	1317.60299
	
Math-AUGMECON-II_26:	69
3015.86682	1572.77804
3027.81627	1561.55387
3058.70964	1509.97694
3078.21653	1495.70124
3079.02964	1491.66742
3086.31614	1478.22060
3093.90968	1461.82610
3108.49948	1454.74406
3114.27892	1445.26082
3120.78174	1437.04228
3125.59605	1427.78018
3129.15896	1415.41950
3143.74876	1408.33746
3166.43006	1390.14429
3175.33734	1377.78361
3212.23876	1365.42293
3217.10708	1357.04571
3231.69689	1349.96367
3248.33814	1347.04571
3255.60562	1344.74061
3258.92751	1343.10122
3270.19542	1337.65857
3272.38572	1334.68503
3281.24912	1333.52658
3286.97553	1327.60299
3303.61678	1324.68503
3310.88426	1322.37993
3318.20658	1317.60299
3328.79595	1313.65850
3973.67809	1198.80616
3967.95168	1204.72975
3959.08828	1205.88820
3894.06013	1207.02470
3853.67809	1210.42894
3847.95168	1216.35253
3839.08828	1217.51098
3774.06013	1218.64748
3758.49052	1221.51208
3752.76411	1227.43568
3742.82907	1228.64746
3678.87256	1229.73063
3638.49052	1233.13486
3632.76411	1239.05845
3623.90072	1240.21690
3558.87256	1241.35340
3553.14615	1247.27699
3544.28276	1248.43544
3527.64151	1251.35340
3517.05214	1255.29789
3513.05170	1258.43544
3502.46233	1262.37993
3489.14297	1263.65850
3485.82108	1265.29789
3478.55360	1267.60299
3471.23128	1272.37993
3463.96380	1274.68503
3447.32255	1277.60299
3441.59614	1283.52658
3432.73275	1284.68503
3430.54244	1287.65857
3423.27496	1289.96367
3398.52554	1291.35340
3392.79913	1297.27700
3383.93574	1298.43544
3367.29449	1301.35340
3356.70512	1305.29789
3345.43721	1310.74054
3342.11531	1312.37993
3328.79595	1313.65850
	
Math-AUGMECON-II_27:	73
2992.26840	1629.08667
2995.69251	1620.86813
2999.11295	1611.35280
3036.18682	1554.46852
3036.46443	1550.32639
3039.81464	1546.34293
3045.84281	1537.34410
3047.78155	1532.84575
3079.02963	1491.66743
3083.03084	1486.43915
3085.53245	1483.44888
3086.59375	1474.07847
3092.15206	1471.13856
3093.90968	1461.82610
3108.49948	1454.74406
3114.27892	1445.26082
3117.62914	1441.27737
3120.78174	1437.04228
3125.59605	1427.78018
3129.15896	1415.41950
3143.74876	1408.33746
3160.98420	1398.33746
3166.43006	1390.14429
3175.33734	1377.78361
3206.56839	1367.78361
3212.23876	1365.42293
3217.10708	1357.04571
3230.61598	1355.42293
3248.33814	1347.04571
3255.60562	1344.74061
3262.92794	1339.96367
3270.19542	1337.65857
3286.97553	1327.60299
3310.88426	1322.37993
3318.20658	1317.60299
3325.47406	1315.29789
4290.24399	1191.16684
3973.67809	1198.80615
3967.95168	1204.72975
3959.08828	1205.88820
3894.06013	1207.02470
3853.67809	1210.42893
3847.95168	1216.35253
3839.08828	1217.51098
3774.06013	1218.64748
3758.49052	1221.51208
3752.76411	1227.43568
3743.90072	1228.59412
3678.87256	1229.73063
3638.49051	1233.13486
3632.76411	1239.05845
3623.90072	1240.21690
3558.87256	1241.35340
3553.14615	1247.27700
3544.28276	1248.43544
3520.37403	1253.65850
3513.05171	1258.43544
3502.46233	1262.37993
3489.14297	1263.65850
3478.55360	1267.60299
3471.23128	1272.37993
3463.96380	1274.68503
3447.32255	1277.60299
3432.73275	1284.68503
3423.27497	1289.96367
3398.52554	1291.35340
3392.79913	1297.27700
3383.93574	1298.43544
3360.02701	1303.65850
3352.70468	1308.43544
3345.43721	1310.74054
3342.11531	1312.37993
3328.79595	1313.65850
	
Math-AUGMECON-II_28:	61
3045.84281	1537.34410
3120.78174	1437.04228
3143.74876	1408.33746
3160.98420	1398.33746
3166.43006	1390.14429
3175.33734	1377.78361
3189.92714	1370.70157
3212.23876	1365.42293
3217.10708	1357.04571
3230.61598	1355.42293
3231.69689	1349.96367
3255.60562	1344.74061
3262.92794	1339.96367
3270.19542	1337.65857
3272.38573	1334.68503
3281.24912	1333.52658
3286.97553	1327.60299
3303.61677	1324.68503
3310.88426	1322.37993
3314.20615	1320.74054
3318.20659	1317.60299
3325.47406	1315.29789
3328.79595	1313.65850
3342.11531	1312.37993
3345.43721	1310.74054
3352.70468	1308.43544
3356.70512	1305.29789
3959.08828	1205.88820
3853.67809	1210.42894
3847.95168	1216.35253
3839.08828	1217.51098
3774.06013	1218.64748
3758.49052	1221.51208
3743.90072	1228.59412
3678.87256	1229.73063
3638.49051	1233.13486
3632.76411	1239.05845
3623.90072	1240.21690
3558.87256	1241.35340
3553.14615	1247.27700
3544.28276	1248.43544
3527.64151	1251.35340
3520.37403	1253.65850
3517.05214	1255.29789
3513.05170	1258.43544
3505.78423	1260.74054
3502.46233	1262.37993
3489.14297	1263.65850
3478.55361	1267.60299
3474.55317	1270.74054
3471.23128	1272.37991
3463.96380	1274.68503
3447.32255	1277.60299
3432.73275	1284.68503
3430.54244	1287.65857
3423.27497	1289.96367
3398.52554	1291.35340
3392.79913	1297.27700
3383.93574	1298.43544
3367.29449	1301.35340
3360.02701	1303.65850
	
Math-AUGMECON-II_29:	47
3036.46443	1550.32639
3039.38998	1548.63591
3045.84281	1537.34410
3047.78155	1532.84575
3051.34446	1520.48507
3056.90278	1517.54516
3058.70964	1509.97694
3082.37985	1487.68397
3085.53245	1483.44888
3093.90968	1461.82610
3108.49948	1454.74406
3125.59605	1427.78018
3129.15896	1415.41950
3143.74876	1408.33746
3166.43006	1390.14429
3175.33734	1377.78361
3189.92714	1370.70157
3206.56839	1367.78361
3212.23876	1365.42293
3217.10708	1357.04571
3231.69689	1349.96367
3255.60562	1344.74061
3262.92794	1339.96367
3272.38570	1334.68504
3281.24912	1333.52658
3286.97553	1327.60299
3310.88426	1322.37993
3318.20659	1317.60299
3325.47406	1315.29789
4133.24550	1197.28797
3973.67809	1198.80616
3902.34440	1207.02470
3894.06013	1207.02470
3853.67809	1210.42894
3839.08828	1217.51098
3774.06013	1218.64748
3758.49052	1221.51208
3678.87256	1229.73063
3638.49052	1233.13486
3558.87256	1241.35340
3552.56703	1248.43544
3544.28276	1248.43544
3527.64151	1251.35340
3520.37403	1253.65850
3513.05170	1258.43544
3505.78423	1260.74054
3489.14297	1263.65850
	
Math-AUGMECON-II_30:	75
3004.61460	1594.49377
3012.58152	1580.99658
3045.84280	1537.34412
3047.78155	1532.84575
3051.34446	1520.48507
3071.71371	1503.91979
3075.06393	1499.93633
3079.02964	1491.66742
3083.03084	1486.43915
3093.90968	1461.82610
3108.49948	1454.74406
3114.27892	1445.26082
3120.78174	1437.04228
3125.59605	1427.78018
3129.15896	1415.41950
3136.06038	1414.68160
3160.98420	1398.33746
3166.43006	1390.14429
3189.92714	1370.70157
3212.23876	1365.42293
3217.10708	1357.04571
3230.61598	1355.42293
3231.69689	1349.96367
3245.20578	1348.34089
3255.60560	1344.74061
3262.92794	1339.96367
3272.38573	1334.68503
3281.24912	1333.52658
3286.97553	1327.60299
3303.61678	1324.68503
3310.88426	1322.37993
3314.20615	1320.74054
3318.20659	1317.60299
3328.79595	1313.65850
4290.24399	1191.16684
4284.51758	1197.09043
4133.24550	1197.28797
3973.67808	1198.80616
3967.95168	1204.72975
3959.08828	1205.88819
3894.06013	1207.02470
3853.67809	1210.42894
3847.95168	1216.35253
3839.08828	1217.51098
3774.06013	1218.64748
3758.49052	1221.51208
3752.76411	1227.43568
3742.82907	1228.64748
3678.87256	1229.73063
3638.49052	1233.13486
3632.76411	1239.05845
3623.90072	1240.21690
3558.87256	1241.35340
3553.14615	1247.27699
3544.28276	1248.43544
3527.64151	1251.35340
3520.37403	1253.65850
3517.05214	1255.29789
3513.05170	1258.43544
3502.46234	1262.37993
3489.14297	1263.65850
3478.55361	1267.60299
3471.23128	1272.37993
3463.96380	1274.68503
3447.32255	1277.60299
3441.59614	1283.52658
3432.73275	1284.68503
3423.27497	1289.96367
3398.52554	1291.35340
3392.79913	1297.27700
3383.93574	1298.43544
3367.29449	1301.35340
3356.70512	1305.29789
3345.43721	1310.74054
3342.11531	1312.37993