Numfront:	
61	

AUGMECON-II:	21
2866.72795	1809.52306
2868.76725	1772.80245
2870.83330	1746.86834
2871.35368	1731.53086
2874.22906	1705.63729
2883.77186	1682.68867
2887.48596	1659.21037
2897.03147	1647.17934
2913.74550	1623.79010
2923.85372	1599.87711
2943.65185	1571.39097
2968.87252	1555.33546
2987.49657	1530.15992
3016.99552	1508.38268
3050.74213	1476.34266
3074.74089	1462.05714
3127.55534	1437.43784
3220.15613	1416.97928
3319.25945	1391.84695
3455.05005	1369.37009
3650.14466	1347.98818
	
NSGA-II_1:	66
3686.34777	1347.98818
3158.34897	1671.01803
3160.93332	1618.16235
3158.34897	1671.01803
3167.41089	1569.85283
3166.26949	1605.12130
3235.37451	1467.90781
3298.62006	1414.09054
3437.68693	1379.45414
3650.14466	1347.98818
3225.96062	1486.77818
3182.07340	1554.51534
3172.74706	1556.81178
3204.70431	1515.61643
3394.60088	1390.61212
3366.17740	1396.02268
3355.05715	1405.80627
3252.29995	1461.72986
3273.04700	1458.97972
3593.70757	1356.27245
3565.10594	1359.61095
3269.45668	1461.40387
3211.29810	1502.11567
3190.04180	1530.95392
3461.65290	1374.04358
3322.58603	1408.67998
3187.40958	1541.47429
3322.58603	1408.67998
3461.65290	1374.04358
3541.13998	1365.02151
3518.08998	1365.75930
3484.70289	1373.30579
3422.61449	1387.73841
3343.05708	1407.02773
3582.66079	1359.12628
3196.82347	1522.60392
3615.13192	1356.25257
3223.84469	1493.76567
3274.54366	1448.29841
3394.60088	1390.61212
3413.19336	1389.87433
3214.11821	1496.74605
3558.69483	1364.53684
3541.13998	1365.02151
3494.12402	1371.16987
3296.53072	1424.89417
3639.09788	1350.84201
3289.20617	1432.96092
3366.17740	1396.02268
3650.14466	1347.98818
3508.66885	1367.89522
3558.69483	1364.53684
3277.36376	1442.92879
3294.30330	1430.14148
3626.17870	1353.39874
3518.08998	1365.75930
3484.70289	1373.30579
3508.66885	1367.89522
3413.19336	1389.87433
3287.09024	1439.94841
3287.09024	1439.94841
3639.09788	1350.84201
3626.17870	1353.39874
3615.13192	1356.25257
3296.53072	1424.89417
3278.87058	1442.53349
	
NSGA-II_2:	59
3650.14466	1347.98818
3063.40441	1536.57303
3540.08877	1357.74731
3089.35325	1488.86440
3088.31094	1505.10111
3072.81830	1517.70265
3067.05463	1533.93936
3593.70757	1356.27245
3132.84931	1463.49009
3130.24465	1477.27590
3291.66567	1400.41073
3256.12150	1405.78182
3152.59880	1435.04714
3141.22090	1460.85642
3483.65168	1366.03159
3150.50946	1445.85077
3455.05005	1369.37009
3431.08408	1374.78065
3351.59700	1383.80271
3079.93935	1507.73478
3300.03725	1397.77706
3176.56476	1429.63658
3408.03409	1375.51844
3374.64700	1383.06492
3247.74992	1408.41549
3228.52772	1414.34561
3143.18490	1453.91752
3076.46853	1515.06898
3639.09788	1350.84201
3621.81650	1353.26682
3610.76972	1356.12065
3168.84369	1432.41347
3529.04198	1360.60115
3312.55859	1397.49755
3343.22541	1386.43638
3327.63104	1389.21328
3446.67846	1372.00376
3204.15855	1421.07279
3188.56417	1423.84968
3472.60490	1368.88542
3505.07602	1366.01171
3148.28203	1451.09807
3516.12280	1363.15788
3531.71718	1360.38098
3097.72483	1486.23073
3106.27869	1482.68646
3114.65027	1480.05279
3180.19258	1426.48335
3319.25945	1391.84695
3398.61296	1377.65436
3160.97039	1432.41347
3220.15613	1416.97928
3212.53013	1418.43912
3390.24137	1380.28803
3315.63163	1395.00017
3384.06813	1380.92900
3125.31862	1477.66694
3507.75122	1365.79155
3475.28009	1368.66526
	
NSGA-II_3:	67
3650.14466	1347.98818
2990.70919	1653.60724
2997.18676	1605.29772
3610.76972	1356.12065
3540.08877	1357.74731
3327.95661	1397.91125
3136.23490	1449.79852
3455.05005	1369.37009
3157.13881	1449.79394
3493.58595	1367.74731
3006.60066	1586.42734
3072.98935	1503.61578
3063.57546	1522.48616
3300.52244	1399.10660
3408.03409	1375.51844
3054.36530	1528.79133
3098.21002	1487.56027
3046.22667	1539.56820
3109.47222	1485.75094
3379.70593	1380.79708
3161.45557	1433.74301
3333.20312	1390.79708
3036.81278	1558.43858
3188.88974	1432.54766
3032.14370	1562.27475
3240.63906	1415.43349
3089.91479	1497.43784
3399.66250	1378.15211
3446.67846	1372.00376
3260.59563	1412.78852
3044.95141	1547.66170
3134.14556	1460.60215
3131.91814	1465.84945
3426.72189	1374.64873
3361.53127	1385.51844
3030.57975	1572.49176
3285.07608	1408.37068
3296.24416	1404.82833
3639.09788	1350.84201
3621.81650	1353.26682
3529.04198	1360.60115
3511.76061	1363.02595
3117.61085	1474.97407
3063.57546	1522.48616
3238.57326	1418.37068
3157.17730	1439.46473
3353.15969	1388.15211
3030.57975	1572.49176
3268.96722	1410.15485
3222.46441	1420.15485
3194.13625	1425.43349
3115.13546	1481.38233
3046.22667	1539.56820
3126.82101	1468.66890
3022.72980	1581.14512
3023.52610	1580.24940
3194.13625	1425.43349
3072.98935	1503.61578
3161.45557	1433.74301
3093.93174	1493.28199
3006.60066	1586.42734
3347.02526	1389.10660
3207.95839	1423.74301
3188.88974	1432.54766
3500.71383	1365.87979
3157.17730	1439.46473
3214.09282	1422.78852
	
NSGA-II_4:	75
3860.14466	1347.98818
3057.39578	1595.13604
3849.09788	1350.84201
3744.57678	1351.47848
3063.68392	1555.13681
3062.73195	1582.09499
3678.56085	1354.04369
3568.50496	1363.80283
3622.12377	1362.32796
3089.63276	1507.42819
3088.63506	1522.35408
3072.10012	1551.19233
3073.09782	1536.26644
3061.04600	1592.50237
3152.87832	1453.61093
3380.01319	1389.85823
3533.49221	1372.06722
3436.45028	1381.57396
3143.46442	1472.48131
3139.99360	1479.81551
3076.74805	1533.63277
3501.02109	1374.94093
3213.35254	1433.05842
3347.63104	1399.21328
3150.78897	1464.41456
3483.46624	1375.42560
3312.96118	1406.42677
3148.56155	1469.66186
3222.53013	1428.43912
3080.21887	1526.29857
3634.52089	1361.23762
3356.04723	1395.26879
3189.38658	1438.46898
3200.19258	1436.48335
3650.23270	1359.32233
3304.58959	1409.06044
3475.09465	1378.05927
3240.15613	1426.97928
3512.06787	1372.08710
3248.57233	1423.03479
3134.69488	1488.74197
3459.50028	1380.83617
3403.06319	1389.12044
3667.51407	1356.89752
3172.59880	1445.04714
3169.66610	1447.03277
3106.55820	1501.25025
3256.94391	1420.40112
3408.61296	1387.65436
3361.59700	1393.80271
3216.98036	1429.90520
3136.34337	1482.44918
3325.63163	1405.00017
3328.45345	1403.83258
3284.53770	1411.83733
3557.45818	1366.65666
3544.53899	1369.21339
3098.04896	1503.48370
3126.27869	1492.68646
3117.76944	1494.91991
3240.94632	1424.49463
3180.97039	1442.41347
3161.29451	1449.66644
3276.12150	1415.78182
3649.09788	1360.84201
3339.25945	1401.84695
3418.65756	1386.34355
3371.64161	1392.49190
3427.02915	1383.70988
3194.93635	1437.00291
3109.35325	1498.86440
3267.74992	1418.41549
3465.05005	1379.37009
3294.54498	1410.37126
3264.81721	1420.40112
	
NSGA-II_5:	63
3650.14466	1347.98818
3017.82860	1621.70719
3024.90930	1547.52752
3540.08877	1357.74731
3593.70757	1356.27245
3050.85814	1499.81889
3041.44424	1518.68927
3034.32319	1528.65714
3220.15613	1416.97928
3167.51889	1427.93377
3095.64479	1462.05256
3195.11267	1419.36998
3190.83439	1425.09170
3123.92752	1440.59107
3114.10369	1446.00163
3088.45832	1475.67564
3166.74093	1435.04714
3097.87221	1456.80526
3227.79335	1411.06046
3323.26884	1389.08135
3247.74992	1408.41549
3319.25945	1391.84695
3299.30288	1394.49192
3444.27674	1374.16406
3343.22541	1386.43638
3351.59700	1383.80271
3266.62220	1402.80144
3472.60490	1368.88542
3639.09788	1350.84201
3621.81650	1353.26682
3529.04198	1360.60115
3511.76061	1363.02595
3610.76972	1356.12065
3500.71383	1365.87979
3483.65168	1366.03159
3284.23043	1402.77619
3146.78436	1437.69211
3446.67846	1372.00376
3408.03409	1375.51844
3426.72189	1374.64873
3160.92650	1437.69211
3060.68196	1494.40833
3284.54498	1400.37126
3370.28480	1382.93300
3426.72189	1374.64873
3079.10984	1490.89081
3455.05005	1369.37009
3086.23089	1480.92294
3256.21683	1405.64990
3390.24137	1380.28803
3081.33727	1485.64351
3290.58817	1397.39087
3398.61296	1377.65436
3455.05005	1369.37009
3408.03409	1375.51844
3370.28480	1382.93300
3379.70593	1380.79708
3095.64479	1462.05256
3081.33727	1485.64351
3067.78358	1493.64095
3079.10984	1490.89081
3379.70593	1380.79708
3223.53615	1413.95942
	
NSGA-II_6:	70
3860.14466	1347.98818
3169.59068	1543.84432
3678.56085	1354.04369
3836.17870	1353.39874
3200.26088	1496.13570
3190.84698	1515.00607
3179.00457	1524.97394
3513.11908	1379.36130
3252.71364	1467.87962
3256.98903	1457.26905
3569.55617	1371.07703
3278.93694	1443.45796
3218.67707	1492.19121
3235.73273	1486.10730
3328.86313	1423.15026
3305.74281	1434.15531
3321.31910	1434.10291
3247.57580	1468.56210
3622.12377	1362.32796
3546.50618	1371.81482
3347.27933	1419.20577
3611.07698	1365.18179
3247.57514	1476.13943
3643.54811	1362.30808
3237.96015	1480.86000
3462.47531	1388.66288
3490.06909	1380.09909
3466.10313	1385.50965
3376.17740	1406.02268
3444.05911	1392.60736
3366.99981	1410.64198
3219.98136	1487.57191
3394.59359	1402.07819
3343.87949	1421.64703
3297.35313	1439.51348
3471.65290	1384.04358
3849.09788	1350.84201
3227.85466	1487.57191
3256.98903	1457.26905
3259.21646	1452.02175
3404.60088	1400.61212
3438.50934	1394.07344
3423.01707	1396.66763
3420.09315	1398.01793
3276.70952	1448.70526
3325.46330	1425.59152
3302.90290	1438.04740
3593.52214	1365.66647
3575.10594	1369.61095
3237.96015	1480.86000
3366.99981	1410.64198
3348.58362	1414.58647
3376.17740	1406.02268
3490.06909	1380.09909
3348.58362	1414.58647
3447.68693	1389.45414
3592.66079	1369.12628
3259.21646	1452.02175
3667.51407	1356.89752
3660.14466	1357.98818
3277.63265	1448.07726
3247.57514	1476.13943
3324.15901	1430.21082
3537.08505	1373.95074
3324.15901	1430.21082
3649.09788	1360.84201
3522.54021	1377.22538
3528.08998	1375.75930
3593.52214	1365.66647
3592.66079	1369.12628
	
NSGA-II_7:	64
3650.14466	1347.98818
3060.02669	1546.23713
3540.08877	1357.74731
3085.97553	1498.52851
3084.93322	1514.76521
3593.70757	1356.27245
3063.67692	1543.60346
3069.44059	1527.36675
3121.37508	1473.28494
3256.12150	1405.78182
3128.56155	1459.66186
3291.66567	1400.41073
3455.05005	1369.37009
3130.78897	1454.41456
3431.08408	1374.78065
3351.59700	1383.80271
3177.31533	1436.54812
3076.56163	1517.39888
3505.07602	1366.01171
3483.65168	1366.03159
3300.03725	1397.77706
3408.03409	1375.51844
3374.64700	1383.06492
3139.16056	1451.78089
3174.47542	1440.44021
3247.74992	1408.41549
3228.52772	1414.34561
3472.60490	1368.88542
3185.68692	1433.91445
3220.15613	1416.97928
3094.34712	1495.89484
3639.09788	1350.84201
3621.81650	1353.26682
3610.76972	1356.12065
3073.09081	1524.73308
3148.28203	1451.09807
3150.50946	1445.85077
3446.67846	1372.00376
3343.22541	1386.43638
3327.63104	1389.21328
3158.88104	1443.21710
3516.12280	1363.15788
3197.03582	1427.98433
3208.80724	1422.90940
3529.04198	1360.60115
3119.14766	1478.53224
3114.06760	1487.33105
3312.55859	1397.49755
3529.04198	1360.60115
3095.79936	1493.11794
3319.25945	1391.84695
3105.69601	1489.96472
3593.70757	1356.27245
3398.61296	1377.65436
3114.25403	1483.25281
3291.66567	1400.41073
3200.43565	1425.54306
3121.37508	1473.28494
3128.56155	1459.66186
3390.24137	1380.28803
3384.06813	1380.92900
3315.63163	1395.00017
3205.40740	1425.35066
3650.14466	1347.98818
	
NSGA-II_8:	64
3650.14466	1347.98818
3060.02669	1546.23713
3085.97553	1498.52851
3084.93322	1514.76521
3540.08877	1357.74731
3593.70757	1356.27245
3069.44059	1527.36675
3063.67692	1543.60346
3128.56155	1459.66186
3121.37508	1473.28494
3343.22541	1386.43638
3150.50946	1445.85077
3130.78897	1454.41456
3351.59700	1383.80271
3076.56163	1517.39888
3505.07602	1366.01171
3483.65168	1366.03159
3408.03409	1375.51844
3374.64700	1383.06492
3095.79936	1493.11794
3148.28203	1451.09807
3256.12150	1405.78182
3276.17340	1403.00493
3139.16056	1451.78089
3228.52772	1414.34561
3247.74992	1408.41549
3472.60490	1368.88542
3208.80724	1422.90940
3094.34712	1495.89484
3639.09788	1350.84201
3621.81650	1353.26682
3610.76972	1356.12065
3073.09081	1524.73308
3455.05005	1369.37009
3174.47542	1440.44021
3186.47483	1434.65331
3390.24137	1380.28803
3199.49793	1429.21538
3158.88104	1443.21710
3327.63104	1389.21328
3446.67846	1372.00376
3284.54498	1400.37126
3431.08408	1374.78065
3529.04198	1360.60115
3516.12280	1363.15788
3114.06760	1487.33105
3312.55859	1397.49755
3200.43565	1425.54306
3117.90426	1480.61914
3128.56155	1459.66186
3121.37508	1473.28494
3105.69601	1489.96472
3178.10324	1437.28698
3319.25945	1391.84695
3220.15613	1416.97928
3398.61296	1377.65436
3220.15613	1416.97928
3114.25403	1483.25281
3119.14766	1478.53224
3431.08408	1374.78065
3300.03725	1397.77706
3300.03725	1397.77706
3384.06813	1380.92900
3315.63163	1395.00017
	
NSGA-II_9:	57
3650.14466	1347.98818
3063.40441	1536.57303
3088.31094	1505.10111
3540.08877	1357.74731
3089.35325	1488.86440
3072.81830	1517.70265
3067.05463	1533.93936
3593.70757	1356.27245
3132.84931	1463.49009
3130.24465	1477.27590
3256.12150	1405.78182
3291.66567	1400.41073
3152.59880	1435.04714
3141.22090	1460.85642
3150.50946	1445.85077
3455.05005	1369.37009
3431.08408	1374.78065
3351.59700	1383.80271
3079.93935	1507.73478
3505.07602	1366.01171
3300.03725	1397.77706
3374.64700	1383.06492
3408.03409	1375.51844
3483.65168	1366.03159
3247.74992	1408.41549
3228.52772	1414.34561
3143.18490	1453.91752
3076.46853	1515.06898
3639.09788	1350.84201
3621.81650	1353.26682
3610.76972	1356.12065
3176.56476	1429.63658
3390.24137	1380.28803
3327.63104	1389.21328
3446.67846	1372.00376
3188.56417	1423.84968
3343.22541	1386.43638
3204.15855	1421.07279
3160.97039	1432.41347
3472.60490	1368.88542
3516.12280	1363.15788
3148.28203	1451.09807
3312.55859	1397.49755
3531.71718	1360.38098
3106.27869	1482.68646
3097.72483	1486.23073
3114.65027	1480.05279
3319.25945	1391.84695
3180.19258	1426.48335
3398.61296	1377.65436
3220.15613	1416.97928
3212.53013	1418.43912
3529.04198	1360.60115
3315.63163	1395.00017
3384.06813	1380.92900
3125.31862	1477.66694
3475.28009	1368.66526
	
NSGA-II_10:	74
3860.14466	1347.98818
3029.10517	1568.90735
3849.09788	1350.84201
3744.57678	1351.47848
3055.05401	1521.19872
3045.64012	1540.06910
3038.51907	1550.03697
3678.56085	1354.04369
3744.57678	1351.47848
3568.50496	1363.80283
3622.12377	1362.32796
3090.45356	1495.95515
3097.64003	1482.33208
3557.45818	1366.65666
3436.45028	1381.57396
3223.52886	1425.42549
3256.20954	1417.11597
3195.93508	1433.98928
3455.13808	1380.70424
3205.94237	1432.52320
3108.28365	1473.14029
3126.28840	1462.86077
3465.05005	1379.37009
3172.81476	1444.99433
3650.23270	1359.32233
3540.17680	1369.08147
3483.46624	1375.42560
3482.60490	1378.88542
3380.01319	1389.85823
3276.16611	1414.47100
3418.03409	1385.51844
3327.71907	1400.54743
3164.39857	1448.93882
3064.87784	1515.78816
3082.88259	1505.50865
3266.21683	1415.64990
3333.26884	1399.08135
3300.58817	1407.39087
3319.00436	1403.44639
3247.79335	1421.06046
3184.86948	1442.42912
3073.05877	1510.91921
3099.86746	1477.08478
3667.51407	1356.89752
3512.06787	1372.08710
3374.03231	1393.68725
3117.87221	1466.80526
3398.70099	1388.98852
3064.87784	1515.78816
3187.51889	1437.93377
3088.22614	1501.20246
3347.67564	1397.90246
3215.11267	1429.36998
3113.83342	1471.67422
3159.43196	1452.83091
3170.70540	1447.70776
3649.09788	1360.84201
3150.25437	1457.45021
3529.13002	1371.93530
3501.02109	1374.94093
3082.88259	1505.50865
3294.54498	1410.37126
3233.53615	1423.95942
3351.68504	1395.13687
3501.02109	1374.94093
3131.83817	1461.39470
3284.53770	1411.83733
3408.12212	1386.85260
3361.59700	1393.80271
3427.02915	1383.70988
3145.46599	1458.24147
3634.52089	1361.23762
3634.52089	1361.23762
3539.04198	1370.60115
	
NSGA-II_11:	68
3744.57678	1351.47848
3005.22526	1684.79502
3007.80961	1631.93933
3022.27838	1596.42643
3007.80961	1631.93933
3678.56085	1354.04369
3744.57678	1351.47848
3568.50496	1363.80283
3622.12377	1362.32796
3070.85814	1509.81889
3046.78173	1544.02675
3061.44424	1528.68927
3472.69293	1380.21957
3371.59700	1393.80271
3351.68504	1395.13687
3483.46624	1375.42560
3044.90930	1557.52752
3380.01319	1389.85823
3436.45028	1381.57396
3253.00104	1421.92942
3114.35420	1484.44458
3022.27838	1596.42643
3134.10369	1456.00163
3343.26884	1399.08135
3319.00436	1403.44639
3122.77039	1480.50009
3027.61456	1583.38538
3132.01435	1466.80526
3030.24678	1572.86500
3299.28388	1412.01017
3164.39843	1444.08137
3171.52130	1442.02728
3427.02915	1383.70988
3037.02845	1564.51500
3108.27575	1495.84454
3269.05526	1421.48900
3501.02109	1374.94093
3667.51407	1356.89752
3557.45818	1366.65666
3540.17680	1369.08147
3398.70099	1388.98852
3529.13002	1371.93530
3512.06787	1372.08710
3240.94632	1424.49463
3224.67289	1427.20807
3290.86768	1415.95466
3650.23270	1359.32233
3204.20198	1433.71776
3152.34371	1446.64658
3212.61817	1429.77327
3179.93749	1438.08279
3089.09816	1500.46384
3059.32831	1535.67676
3080.68196	1504.40833
3143.92752	1450.59107
3310.58817	1407.39087
3634.52089	1361.23762
3124.68979	1474.87201
3455.13808	1380.70424
3281.58675	1417.42074
3191.99221	1435.51758
3291.41058	1412.01017
3054.32319	1538.65714
3110.02728	1490.20949
3101.15287	1497.89863
3418.65756	1386.34355
3408.12212	1386.85260
3634.52089	1361.23762
	
NSGA-II_12:	69
3650.14466	1347.98818
3036.26929	1611.59115
3041.68043	1577.39931
3063.14558	1547.87107
3064.11760	1518.32497
3540.08877	1357.74731
3593.70757	1356.27245
3073.53150	1499.45460
3082.87997	1484.23943
3315.63163	1395.00017
3472.60490	1368.88542
3285.85123	1403.05570
3610.76972	1356.12065
3500.71383	1365.87979
3051.09432	1558.52893
3066.34502	1513.07767
3090.06644	1470.61635
3043.90785	1572.15201
3455.05005	1369.37009
3102.11769	1459.95849
3138.82022	1447.50261
3158.54070	1438.93882
3390.24137	1380.28803
3323.26884	1389.08135
3242.66986	1414.34561
3343.22541	1386.43638
3121.83817	1451.39470
3290.58817	1397.39087
3351.59700	1383.80271
3529.04198	1360.60115
3511.76061	1363.02595
3639.09788	1350.84201
3621.81650	1353.26682
3483.65168	1366.03159
3408.03409	1375.51844
3370.28480	1382.93300
3262.99438	1405.95466
3444.27674	1374.16406
3148.64405	1442.09204
3262.99438	1405.95466
3161.94054	1436.49755
3099.89027	1465.20579
3446.67846	1372.00376
3053.32175	1553.28163
3323.26884	1389.08135
3195.95832	1424.96447
3228.63899	1416.65495
3168.36453	1433.52826
3426.72189	1374.64873
3092.29386	1465.36905
3119.61075	1456.64200
3214.34170	1419.62425
3195.95832	1424.96447
3290.58817	1397.39087
3253.17056	1411.36522
3080.65254	1489.48673
3075.75892	1494.20730
3058.70646	1552.51682
3398.61296	1377.65436
3379.70593	1380.79708
3112.01435	1456.80526
3121.83817	1451.39470
3073.53150	1499.45460
3214.34170	1419.62425
3181.66102	1427.93377
3181.66102	1427.93377
3041.68043	1577.39931
3082.87997	1484.23943
3248.59556	1414.00998
	
NSGA-II_13:	70
3650.14466	1347.98818
3049.30554	1635.08408
3058.41677	1602.96426
3540.08877	1357.74731
3593.70757	1356.27245
3143.06120	1522.64353
3152.47510	1503.77315
3102.21555	1581.30249
3125.71242	1539.72557
3136.75920	1536.87174
3184.00093	1487.71764
3187.87465	1478.52958
3167.95320	1500.85892
3344.54404	1399.04212
3082.39587	1589.02869
3511.76061	1363.02595
3115.69423	1552.27252
3170.18062	1495.61162
3194.71588	1464.90651
3110.06550	1572.64913
3311.84229	1410.17441
3298.11581	1414.73220
3225.99483	1446.52586
3228.46913	1443.60369
3284.59473	1420.50820
3377.12940	1390.86452
3327.16735	1401.59885
3639.09788	1350.84201
3472.60490	1368.88542
3621.81650	1353.26682
3359.84802	1393.28933
3187.87465	1478.52958
3455.32352	1371.31023
3610.76972	1356.12065
3483.65168	1366.03159
3316.12056	1404.45268
3111.62945	1562.43212
3110.06550	1572.64913
3244.24647	1438.57148
3212.72063	1454.62699
3214.94805	1449.37969
3196.94330	1459.65921
3246.47389	1433.32418
3181.22740	1492.75779
3152.47510	1503.77315
3111.62945	1562.43212
3293.83753	1420.45392
3090.94042	1582.30197
3140.15622	1528.94870
3411.59606	1382.47358
3270.43985	1427.91362
3431.35756	1376.72079
3398.67688	1385.03031
3257.52067	1430.47034
3279.15456	1425.01466
3387.63010	1387.88414
3529.04198	1360.60115
3500.71383	1365.87979
3348.80124	1396.14316
3420.31078	1379.57462
3529.04198	1360.60115
3507.75122	1365.79155
3451.31413	1374.07582
3140.15622	1528.94870
3143.06120	1522.64353
3239.51592	1440.74986
3207.99008	1456.80537
3194.71588	1464.90651
3444.27674	1374.16406
3086.08640	1586.58471
	
NSGA-II_14:	63
3650.14466	1347.98818
3064.84990	1577.18767
3113.42965	1490.58013
3593.70757	1356.27245
3540.08877	1357.74731
3104.01576	1509.45051
3483.65168	1366.03159
3446.67846	1372.00376
3390.24137	1380.28803
3351.59700	1383.80271
3323.18935	1396.85657
3284.54498	1400.37126
3518.08998	1365.75930
3408.03409	1375.51844
3212.53013	1418.43912
3248.59556	1414.00998
3087.48082	1538.28875
3089.35325	1524.78799
3070.18608	1564.14662
3176.67521	1436.76287
3072.81830	1553.62624
3174.58587	1447.56650
3079.59997	1545.27624
3268.96722	1410.15485
3204.15855	1421.07279
3194.52538	1428.71864
3157.83843	1468.71211
3070.18608	1564.14662
3276.17340	1403.00493
3621.81650	1353.26682
3610.76972	1356.12065
3455.05005	1369.37009
3096.89471	1519.41838
3639.09788	1350.84201
3167.26131	1455.63325
3343.22541	1386.43638
3186.15379	1431.35231
3472.60490	1368.88542
3122.90824	1485.16957
3165.14538	1462.62073
3101.89983	1516.43800
3139.83368	1478.99163
3140.91299	1474.89005
3172.35844	1452.81380
3531.71718	1360.38098
3475.28009	1368.66526
3149.28458	1472.25638
3340.98207	1392.08699
3256.96715	1411.37631
3398.61296	1377.65436
3331.56094	1394.22290
3266.54023	1410.65077
3540.08877	1357.74731
3130.35510	1484.40219
3340.98207	1392.08699
3520.67040	1363.23482
3131.27983	1482.53590
3160.14026	1465.60112
3099.17707	1519.37743
3162.42263	1465.56017
3650.14466	1347.98818
3639.09788	1350.84201
3529.04198	1360.60115
	
NSGA-II_15:	69
3860.14466	1347.98818
3042.44913	1650.64525
3045.03348	1597.78956
3849.09788	1350.84201
3744.57678	1351.47848
3678.56085	1354.04369
3108.27575	1495.84454
3744.57678	1351.47848
3568.50496	1363.80283
3098.86185	1514.71492
3622.12377	1362.32796
3171.52130	1442.02728
3059.69599	1582.45208
3050.36966	1584.74852
3082.32691	1543.55317
3084.19934	1530.05240
3483.46624	1375.42560
3371.59700	1393.80271
3067.66439	1558.89065
3380.01319	1389.85823
3501.02109	1374.94093
3065.03217	1569.41103
3309.43813	1413.64515
3398.70099	1388.98852
3529.13002	1371.93530
3512.06787	1372.08710
3436.45028	1381.57396
3319.00436	1403.44639
3343.26884	1399.08135
3159.99147	1467.88515
3162.10740	1460.89766
3125.20119	1489.66660
3169.43196	1452.83091
3145.67210	1483.15690
3351.68504	1395.13687
3472.69293	1380.21957
3067.33334	1568.95132
3167.20453	1458.07821
3418.65756	1386.34355
3140.95642	1487.53502
3408.12212	1386.85260
3224.67289	1427.20807
3147.44489	1476.23514
3310.58817	1407.39087
3557.45818	1366.65666
3540.17680	1369.08147
3667.51407	1356.89752
3096.74592	1521.70241
3232.57474	1427.12830
3297.38341	1416.21036
3253.00104	1421.92942
3204.20198	1433.71776
3179.93749	1438.08279
3212.61817	1429.77327
3650.23270	1359.32233
3074.44606	1550.54065
3281.10997	1418.92379
3098.86185	1514.71492
3455.13808	1380.70424
3072.66951	1555.91027
3154.98635	1470.86553
3091.74080	1524.68279
3240.94632	1424.49463
3191.99221	1435.51758
3279.59070	1420.97995
3634.52089	1361.23762
3269.05526	1421.48900
3145.35555	1487.03877
3427.02915	1383.70988
	
NSGA-II_16:	65
3650.14466	1347.98818
3164.88411	1571.50889
3204.40301	1486.13570
3366.17740	1396.02268
3183.14671	1514.97394
3197.90020	1501.99356
3173.73281	1533.84432
3176.64389	1530.83181
3167.23000	1549.70219
3166.53300	1556.64451
3249.21646	1442.02175
3266.70952	1438.70526
3394.60088	1390.61212
3295.74281	1424.15531
3518.08998	1365.75930
3615.13192	1356.25257
3338.58362	1404.58647
3242.71364	1457.87962
3246.98903	1447.26905
3290.67548	1433.29470
3318.86313	1413.15026
3541.13998	1365.02151
3461.65290	1374.04358
3194.98912	1505.00607
3461.65290	1374.04358
3437.68693	1379.45414
3484.70289	1373.30579
3224.12349	1477.57191
3268.93694	1433.45796
3593.70757	1356.27245
3410.09315	1388.01793
3394.60088	1390.61212
3227.96015	1470.86000
3237.57514	1466.13943
3338.58362	1404.58647
3315.46330	1415.59152
3626.17870	1353.39874
3565.10594	1359.61095
3558.69483	1364.53684
3639.09788	1350.84201
3225.73273	1476.10730
3434.05911	1382.60736
3582.66079	1359.12628
3541.13998	1365.02151
3650.14466	1347.98818
3639.09788	1350.84201
3593.70757	1356.27245
3508.66885	1367.89522
3494.12402	1371.16987
3239.80256	1460.89213
3484.70289	1373.30579
3268.93694	1433.45796
3422.61449	1387.73841
3410.09315	1388.01793
3422.61449	1387.73841
3582.66079	1359.12628
3565.10594	1359.61095
3558.69483	1364.53684
3437.68693	1379.45414
3291.26869	1432.16006
3508.66885	1367.89522
3494.12402	1371.16987
3292.90290	1428.04740
3315.46330	1415.59152
3292.90290	1428.04740
	
NSGA-II_17:	68
3650.14466	1347.98818
2992.90982	1654.70755
2999.38739	1606.39803
3610.76972	1356.12065
3540.08877	1357.74731
3008.80129	1587.52766
3074.00302	1520.83551
3075.18998	1504.71610
3232.48111	1419.89036
3135.40027	1449.95720
3455.05005	1369.37009
3024.93043	1582.24544
3034.34433	1563.37506
3379.70593	1380.79708
3156.70596	1448.14627
3487.79465	1368.43652
3309.23715	1396.20765
3056.56593	1529.89164
3107.95217	1471.26001
3181.92662	1432.09076
3200.76867	1426.80743
3205.04694	1421.08571
3110.17960	1466.01271
3128.89457	1460.92623
3100.76570	1484.88309
3375.69654	1383.56267
3237.72762	1412.77619
3091.55555	1491.18826
3032.14959	1572.94195
3333.20312	1390.79708
3300.52244	1399.10660
3039.01341	1559.53889
3323.05929	1394.51716
3446.67846	1372.00376
3399.66250	1378.15211
3159.36623	1444.54664
3426.72189	1374.64873
3408.03409	1375.51844
3639.09788	1350.84201
3621.81650	1353.26682
3529.04198	1360.60115
3511.76061	1363.02595
3284.23043	1402.77619
3048.42730	1540.66851
3257.68419	1410.13122
3361.53127	1385.51844
3177.64835	1437.81248
3065.77609	1523.58648
3347.02526	1389.10660
3047.15204	1548.76202
3233.47042	1415.67514
3083.41692	1501.96513
3048.42730	1540.66851
3493.58595	1367.74731
3329.19372	1393.56267
3089.32812	1496.43556
3100.41065	1488.66059
3168.08094	1441.64768
3294.47926	1402.08699
3133.17284	1455.20450
3205.04694	1421.08571
3131.12199	1455.67893
3266.05578	1407.49755
3251.54976	1411.08571
3500.71383	1365.87979
3043.79090	1548.82427
3276.55648	1404.51716
3041.56348	1554.07157
	
NSGA-II_18:	68
3678.56085	1354.04369
2972.03551	1628.65665
3047.83810	1526.97472
2981.44940	1609.78628
3568.50496	1363.80283
3622.12377	1362.32796
3016.81627	1580.22312
3047.45407	1542.79521
3092.65154	1482.86077
3251.95234	1420.01493
3091.65384	1497.78666
3187.51889	1437.93377
3501.02109	1374.94093
3029.21405	1552.15026
3006.99244	1585.63368
3529.13002	1371.93530
3398.70099	1388.98852
3639.18592	1362.17616
3455.13808	1380.70424
3223.52886	1425.42549
3131.83817	1461.39470
3205.94237	1432.52320
3001.92031	1603.27658
3005.42850	1595.85070
3284.63302	1411.70541
3021.07542	1562.92714
3117.87221	1466.80526
3091.29879	1501.56416
3380.01319	1389.85823
3101.06773	1478.91629
3483.46624	1375.42560
3150.25437	1457.45021
3333.26884	1399.08135
3038.42420	1545.84510
3019.80015	1571.02064
3557.45818	1366.65666
3667.51407	1356.89752
3650.23270	1359.32233
3540.17680	1369.08147
3073.05877	1510.91921
3351.68504	1395.13687
3408.12212	1386.85260
3427.02915	1383.70988
3436.45028	1381.57396
3300.58817	1407.39087
3159.43196	1452.83091
3082.88259	1505.50865
3057.66193	1521.56416
3266.21683	1415.64990
3233.53615	1423.95942
3319.00436	1403.44639
3361.59700	1393.80271
3465.05005	1379.37009
3113.59393	1472.52698
3347.67564	1397.90246
3182.93504	1449.14069
3178.14667	1449.93195
3195.93508	1433.98928
3312.96118	1406.42677
3215.11267	1429.36998
2997.57855	1604.50406
3380.01319	1389.85823
3183.24061	1443.65549
3106.61751	1477.45021
3256.20954	1417.11597
3622.12377	1362.32796
3512.06787	1372.08710
3068.78049	1516.64093
	
NSGA-II_19:	67
3650.14466	1347.98818
3066.51587	1586.59827
3070.16610	1583.96460
3072.99344	1538.28875
3540.08877	1357.74731
3098.94227	1490.58013
3097.89997	1506.81684
3593.70757	1356.27245
3082.40733	1519.41838
3076.64366	1535.65509
3446.67846	1372.00376
3245.00126	1415.56541
3247.74992	1408.41549
3162.18783	1436.76287
3455.05005	1369.37009
3351.59700	1383.80271
3483.65168	1366.03159
3374.64700	1383.06492
3303.13746	1399.63347
3180.19258	1426.48335
3170.55942	1434.12920
3212.53013	1418.43912
3276.17340	1403.00493
3256.12150	1405.78182
3160.09849	1447.56650
3089.52838	1509.45051
3116.94703	1480.30061
3284.54498	1400.37126
3431.08408	1374.78065
3472.60490	1368.88542
3233.00119	1416.78687
3639.09788	1350.84201
3621.81650	1353.26682
3408.03409	1375.51844
3152.77393	1455.63325
3431.08408	1374.78065
3149.30311	1462.96745
3319.25945	1391.84695
3343.22541	1386.43638
3327.63104	1389.21328
3204.15855	1421.07279
3188.56417	1423.84968
3505.07602	1366.01171
3086.05756	1516.78471
3142.24406	1471.48900
3529.04198	1360.60115
3516.12280	1363.15788
3115.86772	1484.40219
3505.07602	1366.01171
3650.14466	1347.98818
3639.09788	1350.84201
3621.81650	1353.26682
3610.76972	1356.12065
3157.87106	1452.81380
3610.76972	1356.12065
3107.31386	1487.94646
3125.31862	1477.66694
3133.87247	1474.12267
3144.90045	1466.43688
3312.55859	1397.49755
3398.61296	1377.65436
3160.09849	1447.56650
3408.03409	1375.51844
3309.62628	1399.49279
3390.24137	1380.28803
3384.06813	1380.92900
3086.05756	1516.78471
	
NSGA-II_20:	69
3860.14466	1347.98818
2979.76915	1629.27207
3849.09788	1350.84201
3744.57678	1351.47848
3055.57174	1527.59013
3678.56085	1354.04369
3000.57993	1612.09893
3744.57678	1351.47848
3622.12377	1362.32796
3117.81959	1488.69876
3046.15785	1546.46051
3568.50496	1363.80283
3014.72609	1586.24910
3118.81729	1473.77287
3109.40340	1492.64325
3472.69293	1380.21957
3351.68504	1395.13687
3310.58817	1407.39087
3144.03796	1457.71736
3036.94769	1552.76568
3179.93749	1438.08279
3306.30989	1413.11260
3107.54168	1499.94612
3013.16214	1596.46611
3076.51413	1517.25634
3501.02109	1374.94093
3019.39517	1582.41293
3191.99221	1435.51758
3436.45028	1381.57396
3529.13002	1371.93530
3512.06787	1372.08710
3253.00104	1421.92942
3343.26884	1399.08135
3319.00436	1403.44639
3090.61624	1506.12406
3028.80906	1563.54255
3027.53379	1571.63605
3005.31219	1605.11947
3297.38341	1416.21036
3483.46624	1375.42560
3371.59700	1393.80271
3380.01319	1389.85823
3139.75968	1463.43908
3072.49718	1521.41219
3162.27798	1448.36231
3127.23349	1469.82839
3171.52130	1442.02728
3080.79241	1511.53462
3667.51407	1356.89752
3557.45818	1366.65666
3540.17680	1369.08147
3269.05526	1421.48900
3287.96228	1418.34628
3427.02915	1383.70988
3408.12212	1386.85260
3398.70099	1388.98852
3152.45415	1453.77287
3204.20198	1433.71776
3212.61817	1429.77327
3240.94632	1424.49463
3224.67289	1427.20807
3650.23270	1359.32233
3000.57993	1612.09893
3005.31219	1605.11947
3118.81729	1473.77287
3097.71785	1505.35668
3455.13808	1380.70424
3634.52089	1361.23762
3099.03243	1502.17957
	
NSGA-II_21:	58
3650.14466	1347.98818
3204.97084	1577.61216
3207.57926	1545.49235
3204.97084	1577.61216
3218.14370	1509.54351
3215.53527	1541.66332
3415.31652	1390.59224
3239.40000	1480.70526
3458.25643	1388.81079
3237.86418	1500.97972
3510.79202	1368.61314
3286.71427	1463.57768
3387.72274	1399.15603
3344.88194	1418.72487
3533.84201	1367.87535
3593.70757	1356.27245
3274.87185	1470.67686
3364.60242	1410.16108
3486.82606	1374.02370
3339.81460	1427.86426
3614.24507	1354.18051
3296.12816	1441.83861
3286.71493	1453.13167
3318.07606	1428.02752
3582.66079	1359.12628
3286.71493	1453.13167
3277.09928	1465.42956
3259.12048	1472.14147
3387.72274	1399.15603
3368.00226	1407.71982
3237.86418	1500.97972
3218.14370	1509.54351
3557.80798	1362.46479
3639.09788	1350.84201
3315.84864	1433.27483
3298.35558	1436.59131
3626.17870	1353.39874
3259.12048	1472.14147
3567.22911	1360.32887
3543.26314	1365.73943
3471.75361	1382.30797
3459.23227	1382.58749
3318.07606	1428.02752
3298.35558	1436.59131
3296.12816	1441.83861
3459.23227	1382.58749
3483.19824	1377.17693
3471.75361	1382.30797
3315.84864	1433.27483
3342.04203	1422.61696
3567.22911	1360.32887
3543.26314	1365.73943
3340.40781	1426.72962
3215.53527	1541.66332
3342.04203	1422.61696
3483.19824	1377.17693
3486.82606	1374.02370
3368.00226	1407.71982
	
NSGA-II_22:	71
3650.14466	1347.98818
3017.56261	1634.10157
3024.04017	1585.79205
3071.80482	1528.15604
3540.08877	1357.74731
3090.42887	1502.98049
3593.70757	1356.27245
3048.01927	1571.85647
3063.66619	1538.93291
3115.64954	1486.92498
3315.76133	1397.37100
3061.12488	1553.10335
3049.58322	1561.63946
3127.51357	1470.29179
3146.22854	1465.20530
3239.97352	1419.66126
3271.68596	1412.74419
3152.73424	1454.23628
3106.66210	1500.71463
3222.38092	1425.36478
3244.25179	1413.93954
3125.28615	1475.53909
3348.44200	1389.06148
3196.93687	1441.51313
3372.40797	1383.65092
3368.39857	1386.41651
3428.84506	1375.36665
3276.93247	1405.63002
3296.88904	1402.98505
3392.36454	1381.00595
3111.37126	1492.64670
3610.76972	1356.12065
3400.73612	1378.37228
3529.04198	1360.60115
3639.09788	1350.84201
3419.42393	1377.50256
3483.65168	1366.03159
3108.88952	1495.46733
3174.60512	1442.81103
3500.71383	1365.87979
3090.42887	1502.98049
3276.93247	1405.63002
3271.68596	1412.74419
3058.89745	1558.35065
3339.72729	1391.96044
3457.17321	1370.08800
3205.05837	1439.74882
3511.76061	1363.02595
3621.81650	1353.26682
3207.28579	1434.50152
3333.36956	1397.34575
3472.60490	1368.88542
3333.36956	1397.34575
3614.24507	1354.18051
3504.18917	1363.93965
3244.25179	1413.93954
3115.64954	1486.92498
3170.32684	1448.53276
3172.37769	1448.05834
3168.09942	1453.78006
3439.38050	1374.85759
3305.26063	1400.35138
3447.75208	1372.22392
3168.09942	1453.78006
3207.28579	1434.50152
3174.60512	1442.81103
3218.10264	1431.08650
3148.45596	1459.95800
3219.03112	1429.99505
3149.38445	1458.86655
3472.60490	1368.88542
	
NSGA-II_23:	73
3744.57678	1351.47848
3032.21266	1598.14216
3678.56085	1354.04369
3744.57678	1351.47848
3568.50496	1363.80283
3622.12377	1362.32796
3080.79241	1511.53462
3071.37851	1530.40500
3054.84357	1559.24324
3056.71600	1545.74248
3351.68504	1395.13687
3037.54883	1585.10111
3380.01319	1389.85823
3040.18106	1574.58073
3512.06787	1372.08710
3436.45028	1381.57396
3108.27575	1495.84454
3319.00436	1403.44639
3141.94862	1468.52099
3046.96273	1566.23073
3427.02915	1383.70988
3483.46624	1375.42560
3472.69293	1380.21957
3144.03796	1457.71736
3139.91897	1471.27339
3224.67289	1427.20807
3309.43813	1413.64515
3107.19643	1499.94612
3119.96155	1491.92522
3162.27798	1448.36231
3171.52130	1442.02728
3310.58817	1407.39087
3501.02109	1374.94093
3557.45818	1366.65666
3540.17680	1369.08147
3667.51407	1356.89752
3134.62407	1476.58774
3529.13002	1371.93530
3132.50814	1483.57522
3069.26258	1537.39248
3080.79241	1511.53462
3398.70099	1388.98852
3343.26884	1399.08135
3292.58341	1417.67039
3204.20198	1433.71776
3253.00104	1421.92942
3179.93749	1438.08279
3212.61817	1429.77327
3650.23270	1359.32233
3071.37851	1530.40500
3127.50302	1486.55561
3064.25746	1540.37287
3371.59700	1393.80271
3297.38341	1416.21036
3153.86179	1452.30680
3090.61624	1506.12406
3455.13808	1380.70424
3374.03231	1393.68725
3343.26884	1399.08135
3240.94632	1424.49463
3191.99221	1435.51758
3099.03243	1502.17957
3301.34485	1413.72590
3279.59070	1420.97995
3634.52089	1361.23762
3418.65756	1386.34355
3269.05526	1421.48900
3281.10997	1418.92379
3408.12212	1386.85260
3153.51654	1452.30680
3090.27099	1506.12406
3144.03796	1457.71736
3232.57474	1427.12830
	
NSGA-II_24:	67
3686.34777	1347.98818
3039.34893	1695.58019
3040.20069	1597.88853
3047.59620	1564.05298
3042.42812	1592.64123
3650.14466	1347.98818
3540.08877	1357.74731
3113.98489	1481.24142
3097.58827	1501.16967
3576.29187	1357.74731
3067.31668	1555.48919
3272.67527	1408.52898
3087.22222	1517.19384
3075.36667	1534.65309
3372.40797	1383.65092
3305.35595	1400.21946
3263.48082	1414.19381
3151.25681	1454.52805
3339.72729	1391.96044
3116.21232	1475.99412
3049.82362	1558.80568
3187.95934	1442.07217
3170.97730	1445.96426
3361.79304	1391.93519
3297.71874	1406.13828
3333.68411	1394.94082
3325.31252	1397.57449
3610.76972	1356.12065
3500.71383	1365.87979
3245.08149	1417.09277
3245.08149	1417.09277
3225.36101	1425.65655
3400.73612	1378.37228
3071.57530	1550.11740
3419.42393	1377.50256
3639.09788	1350.84201
3529.04198	1360.60115
3483.65168	1366.03159
3457.17321	1370.08800
3073.13924	1539.90039
3472.60490	1368.88542
3230.80015	1422.50333
3207.67983	1433.50838
3197.78317	1436.66160
3161.15347	1451.37482
3392.36454	1381.00595
3149.02939	1459.77535
3141.43299	1459.93861
3593.70757	1356.27245
3139.20556	1465.18591
3135.93280	1467.43034
3621.81650	1353.26682
3511.76061	1363.02595
3455.32352	1371.31023
3217.50366	1428.09782
3133.70538	1472.67764
3439.38050	1374.85759
3614.24507	1354.18051
3504.18917	1363.93965
3089.44964	1511.94654
3095.36084	1506.41697
3302.30968	1405.93479
3428.84506	1375.36665
3069.54411	1550.24189
3364.77075	1389.56973
3392.36454	1381.00595
3133.70538	1472.67764
	
NSGA-II_25:	66
3650.14466	1347.98818
3010.58853	1594.35584
3036.13157	1570.20324
3076.97722	1511.54428
3058.35317	1536.71982
3540.08877	1357.74731
3050.21454	1547.49670
3593.70757	1356.27245
3119.56324	1472.67764
3103.16661	1492.60588
3244.25179	1413.93954
3239.97352	1419.66126
3050.21454	1547.49670
3097.91961	1501.21049
3276.93247	1405.63002
3455.32352	1371.31023
3169.34308	1450.07692
3140.50563	1462.34385
3333.36956	1397.34575
3174.60512	1442.81103
3058.35317	1536.71982
3191.43734	1438.55884
3076.97722	1511.54428
3368.39857	1386.41651
3296.88904	1402.98505
3376.77016	1383.78284
3315.76133	1397.37100
3269.29526	1411.54884
3500.71383	1365.87979
3639.09788	1350.84201
3472.60490	1368.88542
3529.04198	1360.60115
3483.65168	1366.03159
3395.45796	1382.91313
3172.37769	1448.05834
3621.81650	1353.26682
3511.76061	1363.02595
3216.65801	1422.50333
3269.29526	1411.54884
3340.80479	1394.98030
3147.01133	1451.37482
3207.28579	1434.50152
3424.83566	1378.13224
3212.37973	1428.22505
3348.44200	1389.06148
3216.65801	1422.50333
3121.79067	1467.43034
3451.31413	1374.07582
3507.75122	1365.79155
3621.81650	1353.26682
3433.20725	1375.49857
3610.76972	1356.12065
3305.26063	1400.35138
3404.87909	1380.77721
3147.01133	1451.37482
3121.79067	1467.43034
3207.28579	1434.50152
3102.19789	1495.48877
3142.73306	1457.09655
3144.78391	1456.62212
3348.44200	1389.06148
3422.64284	1379.61975
3415.41453	1380.26816
3444.27674	1374.16406
3511.76061	1363.02595
3610.76972	1356.12065
	
NSGA-II_26:	78
3650.14466	1347.98818
3061.39498	1762.66818
3065.35306	1666.81031
3064.00340	1730.54836
3593.70757	1356.27245
3540.08877	1357.74731
3067.96148	1634.69049
3064.00340	1730.54836
3061.39498	1762.66818
3198.57108	1437.40047
3073.37263	1600.49865
3072.99163	1627.37117
3122.99999	1505.65607
3300.10944	1407.33363
3085.14555	1583.22032
3192.06538	1448.36950
3272.67527	1408.52898
3231.25176	1429.09095
3400.73612	1378.37228
3086.63224	1564.98932
3226.00524	1436.20512
3372.40797	1383.65092
3121.73969	1523.52529
3339.72729	1391.96044
3173.35041	1453.45599
3259.57991	1423.81231
3129.50569	1494.68704
3144.36031	1494.65570
3166.84471	1464.42501
3361.79304	1391.93519
3305.35595	1400.21946
3325.31252	1397.57449
3392.36454	1381.00595
3500.71383	1365.87979
3152.49894	1483.87883
3247.45460	1424.58449
3154.72636	1478.63153
3367.16146	1390.76508
3419.42393	1377.50256
3639.09788	1350.84201
3610.76972	1356.12065
3529.04198	1360.60115
3106.96172	1536.26754
3511.76061	1363.02595
3457.17321	1370.08800
3268.39700	1414.25070
3621.81650	1353.26682
3593.70757	1356.27245
3483.65168	1366.03159
3114.07305	1529.86770
3472.60490	1368.88542
3070.76420	1632.61847
3305.35595	1400.21946
3229.02433	1434.33825
3504.18917	1363.93965
3650.14466	1347.98818
3621.81650	1353.26682
3483.65168	1366.03159
3529.04198	1360.60115
3540.08877	1357.74731
3082.91813	1588.46762
3075.60005	1595.25135
3093.13794	1554.02029
3100.45602	1547.23657
3439.38050	1374.85759
3428.84506	1375.36665
3146.58773	1489.40840
3447.75208	1372.22392
3119.51227	1528.77259
3333.68411	1394.94082
3111.84563	1535.11500
3247.45460	1424.58449
3171.12299	1458.70329
3127.27827	1499.93434
3194.29280	1443.12220
3090.91051	1559.26760
3102.68344	1541.98927
3472.60490	1368.88542
	
NSGA-II_27:	60
3650.14466	1347.98818
3034.08401	1588.37356
3040.56157	1540.06404
3066.51041	1492.35542
3125.46599	1448.24147
3593.70757	1356.27245
3540.08877	1357.74731
3195.11267	1419.36998
3057.09652	1511.22580
3049.97547	1521.19367
3113.82534	1464.78183
3171.99235	1430.37503
3147.79774	1446.94357
3108.93105	1477.07972
3169.77864	1439.63713
3220.15613	1416.97928
3049.97547	1521.19367
3483.65168	1366.03159
3090.47638	1486.94486
3104.41144	1483.65220
3227.79335	1411.06046
3299.30288	1394.49192
3323.26884	1389.08135
3319.25945	1391.84695
3247.74992	1408.41549
3343.22541	1386.43638
3057.09652	1511.22580
3351.59700	1383.80271
3266.62220	1402.80144
3444.27674	1374.16406
3639.09788	1350.84201
3621.81650	1353.26682
3610.76972	1356.12065
3511.76061	1363.02595
3408.03409	1375.51844
3370.28480	1382.93300
3284.23043	1402.77619
3426.72189	1374.64873
3472.60490	1368.88542
3149.43196	1442.83091
3158.14667	1439.93195
3428.78286	1374.64873
3507.75122	1365.79155
3529.04198	1360.60115
3256.21683	1405.64990
3500.71383	1365.87979
3390.24137	1380.28803
3593.70757	1356.27245
3290.58817	1397.39087
3398.61296	1377.65436
3379.70593	1380.79708
3457.11102	1369.37009
3540.08877	1357.74731
3446.67846	1372.00376
3099.19109	1484.04590
3284.54498	1400.37126
3223.53615	1413.95942
3475.28009	1368.66526
3531.71718	1360.38098
3455.05005	1369.37009
	
NSGA-II_28:	66
3650.14466	1347.98818
3004.75440	1608.05240
3540.08877	1357.74731
3593.70757	1356.27245
3127.55534	1437.43784
3011.23159	1589.64641
3064.30978	1491.25510
3639.09788	1350.84201
3022.20942	1560.55902
3227.79335	1411.06046
3319.25945	1391.84695
3323.26884	1389.08135
3284.23043	1402.77619
3266.62220	1402.80144
3610.76972	1356.12065
3105.20119	1479.66660
3063.05508	1501.90005
3511.76061	1363.02595
3455.05005	1369.37009
3020.64548	1570.77603
3012.79553	1579.42939
3054.89589	1510.12548
3113.82534	1464.78183
3026.87850	1556.72285
3151.52130	1432.02728
3081.23522	1485.07716
3044.43103	1527.07560
3036.29240	1537.85247
3035.01713	1545.94597
3195.11267	1419.36998
3047.77484	1520.09335
3123.23857	1453.48877
3126.30063	1448.08279
3111.02039	1466.27609
3299.30288	1394.49192
3160.23601	1429.12832
3180.19258	1426.48335
3390.24137	1380.28803
3444.27674	1374.16406
3343.22541	1386.43638
3247.74992	1408.41549
3118.14144	1456.30822
3351.59700	1383.80271
3500.71383	1365.87979
3472.60490	1368.88542
3529.04198	1360.60115
3483.65168	1366.03159
3408.03409	1375.51844
3370.28480	1382.93300
3096.99046	1482.94558
3621.81650	1353.26682
3223.53615	1413.95942
3446.67846	1372.00376
3222.54683	1418.17463
3290.58817	1397.39087
3426.72189	1374.64873
3107.67658	1473.25834
3426.72189	1374.64873
3507.75122	1365.79155
3212.53013	1418.43912
3184.20198	1423.71776
3593.70757	1356.27245
3256.12150	1405.78182
3125.46599	1448.24147
3398.61296	1377.65436
3379.70593	1380.79708
	
NSGA-II_29:	59
3686.34777	1347.98818
3063.40441	1536.57303
3089.35325	1488.86440
3079.93935	1507.73478
3072.81830	1517.70265
3063.40441	1536.57303
3540.08877	1357.74731
3650.14466	1347.98818
3593.70757	1356.27245
3132.84931	1463.49009
3130.24465	1477.27590
3152.59880	1435.04714
3351.59700	1383.80271
3483.65168	1366.03159
3150.50946	1445.85077
3455.05005	1369.37009
3431.08408	1374.78065
3141.22090	1460.85642
3408.03409	1375.51844
3374.64700	1383.06492
3276.17340	1403.00493
3256.12150	1405.78182
3143.18490	1453.91752
3228.52772	1414.34561
3247.74992	1408.41549
3639.09788	1350.84201
3621.81650	1353.26682
3610.76972	1356.12065
3176.56476	1429.63658
3390.24137	1380.28803
3505.07602	1366.01171
3312.55859	1397.49755
3343.22541	1386.43638
3446.67846	1372.00376
3327.63104	1389.21328
3160.97039	1432.41347
3188.56417	1423.84968
3204.15855	1421.07279
3284.54498	1400.37126
3300.03725	1397.77706
3472.60490	1368.88542
3148.28203	1451.09807
3516.12280	1363.15788
3531.71718	1360.38098
3106.27869	1482.68646
3097.72483	1486.23073
3114.65027	1480.05279
3180.19258	1426.48335
3319.25945	1391.84695
3398.61296	1377.65436
3220.15613	1416.97928
3212.53013	1418.43912
3529.04198	1360.60115
3315.63163	1395.00017
3300.03725	1397.77706
3384.06813	1380.92900
3125.31862	1477.66694
3507.75122	1365.79155
3475.28009	1368.66526
	
NSGA-II_30:	68
3650.14466	1347.98818
3025.46400	1655.16528
3025.75675	1654.25222
3033.05997	1622.76125
3540.08877	1357.74731
3065.83333	1520.04070
3593.70757	1356.27245
3036.70698	1596.90339
3037.60367	1576.48137
3064.93664	1540.46272
3223.53615	1413.95942
3483.65168	1366.03159
3610.76972	1356.12065
3370.28480	1382.93300
3455.05005	1369.37009
3047.01756	1557.61099
3039.83109	1571.23406
3091.78217	1472.33208
3084.59570	1485.95515
3075.24722	1501.17033
3068.06075	1514.79340
3214.34170	1419.62425
3121.83817	1451.39470
3140.53595	1449.21833
3290.58817	1397.39087
3077.47465	1495.92303
3312.65391	1397.36563
3284.54498	1400.37126
3248.57961	1411.56871
3323.26884	1389.08135
3256.21683	1405.64990
3379.70593	1380.79708
3444.27674	1374.16406
3343.22541	1386.43638
3276.17340	1403.00493
3390.24137	1380.28803
3181.66102	1427.93377
3177.93761	1432.80272
3158.54070	1438.93882
3472.60490	1368.88542
3639.09788	1350.84201
3621.81650	1353.26682
3529.04198	1360.60115
3511.76061	1363.02595
3408.03409	1375.51844
3500.71383	1365.87979
3144.69502	1448.49574
3149.43196	1442.83091
3446.67846	1372.00376
3094.00959	1467.08478
3351.59700	1383.80271
3049.24498	1552.36369
3058.42535	1552.32877
3112.01435	1456.80526
3103.83342	1461.67422
3253.17056	1411.36522
3323.26884	1389.08135
3426.72189	1374.64873
3195.94237	1422.52320
3064.93664	1540.46272
3163.65627	1438.21328
3060.65277	1547.08147
3082.36827	1491.20246
3315.63163	1395.00017
3398.61296	1377.65436
3256.21683	1405.64990
3195.94237	1422.52320
3351.59700	1383.80271
	
Math-AUGMECON-II_1:	41
2887.48596	1659.21037
2920.85683	1617.39026
2923.85372	1599.87711
2947.93013	1565.66925
2968.87252	1555.33546
2973.15080	1549.61374
2980.13420	1540.97855
2987.49657	1530.15992
3006.89741	1517.57371
3011.17568	1511.85199
3032.11807	1501.51820
3036.39635	1495.79648
3044.23931	1492.20052
3048.51759	1486.47880
3070.46261	1467.77887
3075.96279	1460.28714
3080.24107	1454.56542
3099.96155	1446.00163
3123.92752	1440.59107
3127.55534	1437.43784
3151.52130	1432.02728
3160.23601	1429.12832
3184.20198	1423.71776
3223.53615	1413.95942
3247.74992	1408.41549
3256.12150	1405.78182
3650.14466	1347.98818
3639.09788	1350.84201
3639.09788	1350.84201
3621.81650	1353.26682
3614.24507	1354.18051
3593.70757	1356.27245
3540.08877	1357.74731
3511.76061	1363.02596
3504.18917	1363.93965
3483.65168	1366.03159
3455.05005	1369.37009
3426.72189	1374.64873
3408.03409	1375.51844
3390.24137	1380.28803
3351.59700	1383.80271
	
Math-AUGMECON-II_2:	49
2987.49657	1530.15992
3006.89741	1517.57371
3011.17568	1511.85199
3028.25772	1506.57335
3030.89617	1503.28820
3048.51759	1486.47880
3050.74213	1476.34266
3074.74089	1462.05714
3075.96279	1460.28714
3095.68328	1451.72335
3099.96155	1446.00163
3123.27706	1443.15957
3151.52130	1432.02728
3160.23601	1429.12832
3180.19258	1426.48335
3184.20198	1423.71776
3195.11267	1419.36998
3212.53013	1418.43912
3220.15613	1416.97928
3223.53615	1413.95942
3247.74992	1408.41549
3256.12150	1405.78182
3650.14466	1347.98818
3639.09788	1350.84201
3621.81650	1353.26682
3610.76972	1356.12065
3593.70757	1356.27245
3540.08877	1357.74731
3531.71718	1360.38098
3529.04198	1360.60115
3511.76061	1363.02596
3504.18917	1363.93965
3483.65168	1366.03159
3475.28009	1368.66526
3472.60490	1368.88542
3455.05005	1369.37009
3446.67846	1372.00376
3426.72189	1374.64873
3408.03409	1375.51844
3398.61296	1377.65436
3390.24137	1380.28803
3379.70593	1380.79708
3370.28480	1382.93300
3351.59700	1383.80271
3343.22541	1386.43638
3323.26885	1389.08135
3319.25945	1391.84695
3299.30288	1394.49192
3290.58817	1397.39087
	
Math-AUGMECON-II_3:	50
2897.03147	1647.17934
2923.85372	1599.87711
2936.28948	1582.20960
2943.65185	1571.39097
2964.85557	1559.49131
2967.65060	1557.10547
2975.85592	1546.70027
2987.49657	1530.15992
2991.77485	1524.43819
3006.89741	1517.57371
3030.89617	1503.28820
3036.39635	1495.79648
3044.23931	1492.20052
3048.51759	1486.47880
3050.74213	1476.34266
3055.02040	1470.62093
3070.46259	1467.77888
3074.74089	1462.05714
3075.96279	1460.28714
3099.96155	1446.00163
3127.55534	1437.43784
3151.52130	1432.02728
3650.14466	1347.98818
3639.09788	1350.84201
3621.81650	1353.26682
3610.76972	1356.12065
3540.08877	1357.74731
3529.04198	1360.60115
3511.76061	1363.02596
3500.71383	1365.87979
3483.65168	1366.03159
3455.05005	1369.37009
3446.67846	1372.00376
3426.72189	1374.64873
3408.03409	1375.51844
3398.61296	1377.65436
3379.70593	1380.79708
3351.59700	1383.80271
3343.22541	1386.43638
3323.26884	1389.08136
3299.30288	1394.49192
3290.58817	1397.39087
3284.54498	1400.37126
3266.62220	1402.80144
3256.21683	1405.64990
3227.79335	1411.06046
3220.15613	1416.97928
3212.53013	1418.43912
3195.11267	1419.36998
3184.20198	1423.71776
	
Math-AUGMECON-II_4:	50
2934.23796	1590.26135
2941.42731	1581.52711
2973.15080	1549.61374
2987.49657	1530.15992
2991.77485	1524.43819
3006.89741	1517.57371
3028.25772	1506.57335
3030.89617	1503.28820
3035.27092	1499.06388
3036.39635	1495.79648
3044.23931	1492.20052
3048.51759	1486.47880
3050.74213	1476.34266
3055.02040	1470.62093
3070.46261	1467.77887
3074.74089	1462.05714
3095.68328	1451.72335
3099.96155	1446.00163
3123.27706	1443.15957
3123.92752	1440.59107
3127.55534	1437.43784
3147.79840	1436.49755
3151.52130	1432.02728
3160.23601	1429.12832
3167.51889	1427.93377
3180.19258	1426.48335
3184.20198	1423.71776
3195.11265	1419.36998
3650.14466	1347.98818
3639.09788	1350.84201
3621.81650	1353.26682
3540.08877	1357.74731
3531.71718	1360.38098
3511.76061	1363.02596
3500.71383	1365.87979
3475.28009	1368.66526
3472.60490	1368.88542
3455.05005	1369.37009
3426.72189	1374.64873
3408.03409	1375.51844
3398.61296	1377.65436
3379.70593	1380.79708
3370.28480	1382.93300
3351.59700	1383.80271
3343.22541	1386.43638
3323.26884	1389.08136
3299.30288	1394.49192
3290.58817	1397.39087
3284.23043	1402.77619
3266.62220	1402.80144
	
Math-AUGMECON-II_5:	54
2920.85683	1617.39026
2975.85592	1546.70027
2991.77485	1524.43819
3006.89741	1517.57371
3035.27092	1499.06388
3044.23931	1492.20052
3045.60651	1489.49131
3050.74213	1476.34266
3055.02040	1470.62093
3075.96279	1460.28714
3080.24107	1454.56542
3099.96155	1446.00163
3123.92752	1440.59107
3127.55534	1437.43784
3151.52130	1432.02728
3167.51889	1427.93377
3184.20198	1423.71776
3195.11267	1419.36998
3220.15613	1416.97928
3223.53615	1413.95942
3227.79335	1411.06046
3247.74992	1408.41549
3256.21683	1405.64990
3266.62220	1402.80144
3284.23043	1402.77619
3650.14466	1347.98818
3639.09788	1350.84201
3621.81650	1353.26682
3610.76972	1356.12065
3593.70757	1356.27245
3540.08877	1357.74731
3529.04198	1360.60115
3511.76061	1363.02596
3500.71383	1365.87979
3483.65168	1366.03159
3472.60490	1368.88542
3455.05005	1369.37009
3446.67846	1372.00376
3444.27674	1374.16406
3426.72189	1374.64873
3408.03409	1375.51844
3408.03409	1375.51844
3398.61296	1377.65436
3390.24137	1380.28803
3379.70593	1380.79708
3379.70593	1380.79708
3370.28480	1382.93300
3351.59700	1383.80271
3343.22541	1386.43638
3323.26884	1389.08136
3319.25945	1391.84695
3299.30288	1394.49192
3290.58817	1397.39087
3284.54498	1400.37126
	
Math-AUGMECON-II_6:	37
2980.13420	1540.97855
2991.77485	1524.43819
3011.17568	1511.85199
3036.39635	1495.79648
3045.60651	1489.49131
3048.51759	1486.47880
3050.74213	1476.34266
3055.02040	1470.62093
3070.46261	1467.77887
3080.24107	1454.56542
3095.68328	1451.72335
3099.96155	1446.00163
3123.27706	1443.15957
3127.55534	1437.43784
3151.52130	1432.02728
3160.23601	1429.12832
3184.20198	1423.71776
3195.11267	1419.36998
3212.53013	1418.43912
3223.53615	1413.95942
3247.74992	1408.41549
3650.14466	1347.98818
3639.09788	1350.84201
3621.81650	1353.26681
3610.76972	1356.12065
3540.08877	1357.74731
3531.71718	1360.38098
3511.76061	1363.02596
3483.65168	1366.03159
3455.05005	1369.37009
3446.67846	1372.00376
3426.72189	1374.64873
3408.03409	1375.51844
3398.61296	1377.65436
3390.24137	1380.28803
3370.28480	1382.93300
3351.59700	1383.80271
	
Math-AUGMECON-II_7:	51
2980.13420	1540.97855
2991.77485	1524.43819
3011.17568	1511.85199
3036.39635	1495.79648
3044.23931	1492.20052
3045.60651	1489.49131
3048.51759	1486.47880
3050.74213	1476.34266
3055.02040	1470.62093
3080.24107	1454.56542
3095.68328	1451.72335
3099.96155	1446.00163
3123.27702	1443.15960
3127.55534	1437.43784
3147.79840	1436.49755
3151.52128	1432.02729
3167.51889	1427.93377
3184.20198	1423.71776
3195.11267	1419.36998
3220.15613	1416.97928
3223.53615	1413.95942
3247.74992	1408.41549
3650.14466	1347.98818
3650.14466	1347.98818
3639.09788	1350.84201
3621.81650	1353.26682
3610.76972	1356.12065
3593.70757	1356.27245
3593.70757	1356.27245
3540.08877	1357.74731
3529.04198	1360.60115
3511.76063	1363.02595
3504.18917	1363.93965
3483.65168	1366.03159
3472.60490	1368.88542
3455.05005	1369.37009
3446.67846	1372.00376
3426.72189	1374.64873
3408.03409	1375.51844
3398.61296	1377.65436
3390.24137	1380.28803
3379.70593	1380.79708
3370.28480	1382.93300
3351.59700	1383.80271
3343.22541	1386.43638
3323.26884	1389.08136
3319.25945	1391.84695
3299.30288	1394.49192
3290.58817	1397.39087
3256.12150	1405.78182
3247.74992	1408.41549
	
Math-AUGMECON-II_8:	51
2980.13420	1540.97855
2991.77485	1524.43819
3011.17568	1511.85199
3036.39635	1495.79648
3044.23931	1492.20052
3045.60651	1489.49131
3048.51759	1486.47880
3050.74213	1476.34266
3055.02040	1470.62093
3080.24107	1454.56542
3095.68328	1451.72335
3099.96155	1446.00163
3123.27706	1443.15957
3127.55534	1437.43784
3147.79840	1436.49755
3151.52130	1432.02728
3160.23601	1429.12832
3184.20198	1423.71776
3195.11267	1419.36998
3220.15613	1416.97928
3220.15613	1416.97928
3223.53615	1413.95942
3650.14466	1347.98818
3639.09788	1350.84201
3621.81650	1353.26682
3610.76972	1356.12065
3593.70757	1356.27245
3540.08877	1357.74731
3529.04198	1360.60115
3511.76063	1363.02595
3504.18917	1363.93965
3483.65168	1366.03159
3472.60490	1368.88542
3455.05005	1369.37009
3446.67846	1372.00376
3426.72189	1374.64873
3408.03409	1375.51844
3398.61296	1377.65436
3390.24137	1380.28803
3379.70593	1380.79708
3370.28480	1382.93300
3351.59700	1383.80271
3343.22541	1386.43638
3323.26884	1389.08136
3319.25945	1391.84695
3299.30288	1394.49192
3284.54498	1400.37126
3266.62220	1402.80144
3256.12150	1405.78182
3247.74991	1408.41549
3227.79335	1411.06046
	
Math-AUGMECON-II_9:	49
2987.49657	1530.15992
3006.89741	1517.57371
3011.17568	1511.85199
3028.25772	1506.57335
3030.89617	1503.28820
3048.51759	1486.47880
3050.74213	1476.34266
3074.74089	1462.05714
3075.96279	1460.28714
3095.68328	1451.72335
3099.96155	1446.00163
3123.27702	1443.15960
3151.52130	1432.02728
3160.23601	1429.12832
3180.19258	1426.48335
3184.20196	1423.71777
3195.11267	1419.36998
3212.53013	1418.43912
3220.15613	1416.97928
3223.53615	1413.95942
3247.74991	1408.41549
3256.12150	1405.78182
3650.14466	1347.98818
3639.09788	1350.84201
3621.81650	1353.26682
3610.76972	1356.12065
3593.70757	1356.27245
3540.08877	1357.74731
3531.71718	1360.38098
3529.04198	1360.60115
3511.76061	1363.02596
3504.18917	1363.93965
3483.65168	1366.03159
3475.28009	1368.66526
3472.60490	1368.88542
3455.05005	1369.37009
3446.67846	1372.00376
3426.72189	1374.64873
3408.03409	1375.51844
3398.61296	1377.65436
3390.24137	1380.28803
3379.70593	1380.79708
3372.34578	1382.93300
3351.59700	1383.80271
3343.22541	1386.43638
3323.26885	1389.08135
3319.25945	1391.84695
3299.30288	1394.49192
3290.58817	1397.39087
	
Math-AUGMECON-II_10:	47
2947.93013	1565.66925
2973.15080	1549.61374
2987.49657	1530.15992
3006.89741	1517.57371
3011.17568	1511.85199
3016.99552	1508.38268
3030.89617	1503.28820
3035.27092	1499.06388
3036.39635	1495.79648
3050.74213	1476.34266
3055.02040	1470.62093
3074.74089	1462.05714
3075.96279	1460.28714
3080.24107	1454.56542
3095.68328	1451.72335
3099.96155	1446.00163
3123.27706	1443.15957
3123.92752	1440.59107
3127.55534	1437.43784
3151.52130	1432.02728
3160.23601	1429.12832
3184.20198	1423.71776
3195.11267	1419.36998
3220.15613	1416.97928
3223.53615	1413.95942
3227.79335	1411.06046
3247.74992	1408.41549
3650.14466	1347.98818
3639.09788	1350.84201
3621.81650	1353.26682
3540.08877	1357.74731
3531.71718	1360.38098
3529.04198	1360.60115
3511.76064	1363.02595
3500.71383	1365.87979
3475.28009	1368.66526
3455.05005	1369.37009
3426.72189	1374.64873
3408.03409	1375.51844
3398.61296	1377.65436
3379.70593	1380.79708
3370.28480	1382.93300
3351.59700	1383.80271
3343.22541	1386.43638
3323.26884	1389.08136
3299.30290	1394.49191
3290.58817	1397.39087
	
Math-AUGMECON-II_11:	48
2883.77186	1682.68867
2907.28410	1630.72423
2934.23796	1590.26135
2936.28948	1582.20960
2943.65185	1571.39097
2963.37234	1562.82718
2967.65061	1557.10546
2980.13420	1540.97855
2987.49657	1530.15992
2991.77485	1524.43819
3016.99552	1508.38268
3030.89617	1503.28820
3035.27092	1499.06388
3036.39635	1495.79648
3045.60651	1489.49131
3050.74213	1476.34266
3055.02040	1470.62093
3074.74089	1462.05714
3080.24107	1454.56542
3099.96155	1446.00163
3123.27706	1443.15957
3123.92752	1440.59107
3127.55534	1437.43784
3151.52130	1432.02728
3160.23601	1429.12832
3180.19258	1426.48335
3184.20197	1423.71777
3650.14466	1347.98818
3621.81650	1353.26682
3540.08877	1357.74731
3529.04198	1360.60115
3511.76061	1363.02596
3500.71383	1365.87979
3475.28009	1368.66526
3472.60489	1368.88542
3455.05005	1369.37009
3426.72189	1374.64873
3408.03409	1375.51844
3398.61296	1377.65436
3379.70593	1380.79708
3370.28480	1382.93300
3351.59700	1383.80271
3343.22541	1386.43638
3299.30288	1394.49192
3290.58817	1397.39087
3266.62220	1402.80144
3247.74992	1408.41549
3227.79335	1411.06046
	
Math-AUGMECON-II_12:	52
2923.85372	1599.87711
2943.65185	1571.39097
2967.65061	1557.10546
2973.15080	1549.61374
2975.85592	1546.70027
3006.89741	1517.57371
3011.17568	1511.85199
3035.27092	1499.06388
3044.23931	1492.20052
3048.51759	1486.47880
3050.74213	1476.34266
3070.46261	1467.77887
3074.74089	1462.05714
3080.24107	1454.56542
3099.96155	1446.00163
3123.92752	1440.59107
3127.55534	1437.43784
3147.79840	1436.49755
3151.52130	1432.02728
3167.51889	1427.93377
3184.20198	1423.71776
3195.11267	1419.36998
3650.14466	1347.98818
3639.09788	1350.84201
3621.81650	1353.26682
3610.76972	1356.12065
3593.70757	1356.27245
3540.08877	1357.74731
3529.04198	1360.60115
3511.76061	1363.02596
3500.71383	1365.87979
3483.65168	1366.03159
3472.60490	1368.88542
3455.05005	1369.37009
3446.67846	1372.00376
3444.27674	1374.16406
3426.72189	1374.64873
3408.03409	1375.51844
3398.61296	1377.65436
3390.24137	1380.28803
3379.70593	1380.79708
3370.28480	1382.93300
3351.59700	1383.80271
3343.22541	1386.43638
3323.26884	1389.08136
3299.30288	1394.49192
3290.58817	1397.39087
3284.54498	1400.37126
3256.21683	1405.64990
3247.74992	1408.41549
3227.79335	1411.06046
3212.53013	1418.43912
	
Math-AUGMECON-II_13:	51
2907.28410	1630.72423
2923.85372	1599.87711
2936.28948	1582.20960
2943.65185	1571.39097
2964.85557	1559.49131
2973.15080	1549.61374
2987.49657	1530.15992
2991.77485	1524.43819
3006.89741	1517.57371
3030.89617	1503.28820
3035.27092	1499.06388
3041.32823	1495.21303
3044.23931	1492.20052
3048.51759	1486.47880
3050.74213	1476.34266
3074.74089	1462.05714
3080.24107	1454.56542
3099.96155	1446.00163
3123.27706	1443.15957
3123.92752	1440.59107
3127.55534	1437.43784
3650.14466	1347.98818
3639.09788	1350.84201
3621.81650	1353.26682
3610.76972	1356.12065
3593.70757	1356.27245
3540.08877	1357.74731
3529.04198	1360.60115
3529.04198	1360.60115
3511.76061	1363.02596
3504.18917	1363.93965
3500.71383	1365.87979
3483.65168	1366.03159
3472.60490	1368.88542
3455.05005	1369.37009
3446.67846	1372.00376
3444.27674	1374.16406
3426.72189	1374.64873
3408.03409	1375.51844
3398.61296	1377.65436
3379.70593	1380.79708
3370.28480	1382.93300
3351.59700	1383.80271
3343.22541	1386.43638
3323.26884	1389.08136
3299.30290	1394.49191
3290.58817	1397.39087
3284.54498	1400.37126
3266.62220	1402.80144
3256.21683	1405.64990
3227.79335	1411.06046
	
Math-AUGMECON-II_14:	50
2943.65185	1571.39097
2963.37234	1562.82718
2973.15080	1549.61374
2980.13420	1540.97855
2987.49657	1530.15992
2991.77485	1524.43819
3006.89741	1517.57371
3011.17568	1511.85199
3016.99552	1508.38268
3045.60651	1489.49131
3050.74213	1476.34266
3055.02040	1470.62093
3070.46261	1467.77887
3074.74089	1462.05714
3080.24107	1454.56542
3095.68328	1451.72335
3099.96155	1446.00163
3147.79840	1436.49755
3160.23601	1429.12832
3167.51889	1427.93377
3195.11267	1419.36998
3212.53013	1418.43912
3223.53615	1413.95942
3650.14466	1347.98818
3650.14466	1347.98818
3639.09788	1350.84201
3639.09788	1350.84201
3621.81650	1353.26682
3610.76972	1356.12065
3593.70757	1356.27245
3540.08877	1357.74731
3540.08877	1357.74731
3531.71718	1360.38098
3529.04198	1360.60115
3511.76061	1363.02596
3483.65168	1366.03159
3475.28009	1368.66526
3472.60490	1368.88542
3455.05005	1369.37009
3446.67846	1372.00376
3408.03409	1375.51844
3398.61296	1377.65436
3390.24137	1380.28803
3351.59700	1383.80271
3343.22541	1386.43638
3323.26884	1389.08136
3319.25945	1391.84695
3284.54498	1400.37126
3266.62220	1402.80144
3256.21683	1405.64990
	
Math-AUGMECON-II_15:	46
2897.03147	1647.17934
2934.23796	1590.26135
2936.28948	1582.20960
2947.93013	1565.66925
2967.65061	1557.10546
2968.87252	1555.33546
2973.15080	1549.61374
2980.13420	1540.97855
2991.77485	1524.43819
3006.89741	1517.57371
3011.17568	1511.85199
3036.39635	1495.79648
3045.60651	1489.49131
3048.51759	1486.47880
3050.74213	1476.34266
3055.02040	1470.62093
3070.46261	1467.77887
3075.96279	1460.28714
3080.24107	1454.56542
3095.68328	1451.72335
3123.92752	1440.59107
3127.55534	1437.43784
3151.52130	1432.02728
3160.23601	1429.12832
3180.19258	1426.48335
3184.20198	1423.71776
3650.14466	1347.98818
3621.81650	1353.26682
3540.08877	1357.74731
3529.04198	1360.60115
3511.76063	1363.02595
3500.71383	1365.87979
3475.28009	1368.66526
3472.60490	1368.88542
3455.05005	1369.37009
3426.72189	1374.64873
3408.03409	1375.51844
3398.61296	1377.65436
3379.70593	1380.79708
3370.28480	1382.93300
3351.59700	1383.80271
3343.22541	1386.43638
3299.30288	1394.49192
3290.58817	1397.39087
3266.62220	1402.80144
3247.74992	1408.41549
	
Math-AUGMECON-II_16:	36
2943.65185	1571.39097
2968.87252	1555.33546
2973.15080	1549.61374
2987.49657	1530.15992
3011.17568	1511.85199
3030.89617	1503.28820
3032.11807	1501.51820
3050.74213	1476.34266
3055.02040	1470.62093
3074.74089	1462.05714
3075.96279	1460.28714
3080.24107	1454.56542
3099.96155	1446.00163
3123.92752	1440.59107
3127.55534	1437.43784
3151.52130	1432.02728
3167.51889	1427.93377
3184.20198	1423.71776
3223.53615	1413.95942
3227.79335	1411.06046
3266.62220	1402.80144
3299.30288	1394.49192
3323.26884	1389.08136
3650.14466	1347.98818
3639.09788	1350.84201
3621.81650	1353.26682
3614.24509	1354.18051
3593.70757	1356.27245
3540.08877	1357.74731
3511.76061	1363.02596
3504.18917	1363.93965
3483.65168	1366.03159
3455.05005	1369.37009
3426.72189	1374.64873
3408.03409	1375.51844
3390.24137	1380.28803
	
Math-AUGMECON-II_17:	55
2897.03147	1647.17934
2923.85372	1599.87711
2936.28948	1582.20960
2943.65185	1571.39097
2963.37234	1562.82718
2964.85557	1559.49131
2973.15080	1549.61374
2975.85592	1546.70027
2985.27203	1540.29606
2991.77485	1524.43819
3006.89741	1517.57371
3030.89617	1503.28820
3032.11807	1501.51820
3036.39635	1495.79648
3045.60651	1489.49131
3048.51759	1486.47880
3050.74213	1476.34266
3055.02040	1470.62093
3074.74089	1462.05714
3075.96279	1460.28714
3080.24107	1454.56542
3099.96155	1446.00163
3123.27706	1443.15957
3123.92752	1440.59107
3127.55534	1437.43784
3151.52130	1432.02728
3180.19258	1426.48335
3195.11267	1419.36998
3650.14466	1347.98818
3639.09788	1350.84201
3621.81650	1353.26682
3610.76972	1356.12065
3540.08877	1357.74731
3529.04198	1360.60115
3511.76061	1363.02596
3500.71383	1365.87979
3483.65168	1366.03159
3455.05005	1369.37009
3446.67846	1372.00376
3426.72189	1374.64873
3408.03409	1375.51844
3398.61296	1377.65436
3379.70593	1380.79708
3372.34578	1382.93300
3351.59700	1383.80271
3343.22541	1386.43638
3323.26884	1389.08136
3319.25945	1391.84695
3299.30288	1394.49192
3290.58817	1397.39087
3266.62220	1402.80144
3256.21683	1405.64990
3247.74992	1408.41549
3227.79335	1411.06046
3195.11267	1419.36998
	
Math-AUGMECON-II_18:	51
2911.56237	1625.00250
2923.85372	1599.87711
2934.23796	1590.26135
2936.28948	1582.20960
2943.65185	1571.39097
2947.93013	1565.66925
2963.37234	1562.82718
2973.15080	1549.61374
2980.13420	1540.97855
2991.77485	1524.43819
3006.89741	1517.57371
3011.17568	1511.85199
3016.99552	1508.38268
3030.89617	1503.28820
3032.11807	1501.51820
3036.39635	1495.79648
3050.74213	1476.34266
3055.02040	1470.62093
3074.74089	1462.05714
3075.96279	1460.28714
3080.24107	1454.56542
3095.68328	1451.72335
3099.96155	1446.00163
3123.27706	1443.15957
3127.55534	1437.43784
3151.52130	1432.02728
3160.23601	1429.12832
3650.14466	1347.98818
3639.09788	1350.84201
3621.81650	1353.26682
3540.08877	1357.74731
3529.04198	1360.60115
3511.76063	1363.02595
3500.71383	1365.87979
3475.28009	1368.66526
3455.05005	1369.37009
3426.72189	1374.64873
3408.03409	1375.51844
3398.61296	1377.65436
3379.70593	1380.79708
3351.59700	1383.80271
3343.22541	1386.43638
3323.26884	1389.08136
3299.30288	1394.49192
3284.54498	1400.37126
3256.21683	1405.64990
3256.12150	1405.78182
3247.74992	1408.41549
3227.79335	1411.06046
3220.15613	1416.97928
3212.53013	1418.43912
	
Math-AUGMECON-II_19:	51
2936.28948	1582.20960
2987.49657	1530.15992
3006.89741	1517.57371
3011.17568	1511.85199
3016.99552	1508.38268
3028.25772	1506.57335
3045.60651	1489.49131
3048.51759	1486.47880
3050.74213	1476.34266
3055.02040	1470.62093
3074.74089	1462.05714
3080.24107	1454.56542
3095.68328	1451.72335
3099.96155	1446.00163
3147.79840	1436.49755
3151.52130	1432.02728
3180.19258	1426.48335
3184.20196	1423.71777
3195.11267	1419.36998
3212.53013	1418.43912
3223.53615	1413.95942
3247.74992	1408.41549
3256.12150	1405.78182
3266.62220	1402.80144
3650.14466	1347.98818
3650.14466	1347.98818
3639.09788	1350.84201
3621.81650	1353.26682
3610.76972	1356.12065
3593.70757	1356.27245
3540.08877	1357.74731
3529.04198	1360.60115
3511.76061	1363.02596
3504.18917	1363.93965
3483.65168	1366.03159
3472.60490	1368.88542
3455.05005	1369.37009
3446.67846	1372.00376
3426.72189	1374.64873
3408.03409	1375.51844
3408.03409	1375.51844
3398.61296	1377.65436
3390.24137	1380.28803
3379.70593	1380.79708
3370.28480	1382.93300
3351.59700	1383.80271
3343.22541	1386.43638
3323.26884	1389.08136
3319.25945	1391.84695
3299.30290	1394.49191
3284.54498	1400.37126
	
Math-AUGMECON-II_20:	50
2911.56237	1625.00250
2923.85372	1599.87711
2934.23796	1590.26135
2936.28948	1582.20960
2943.65185	1571.39097
2963.37234	1562.82718
2973.15080	1549.61374
2980.13420	1540.97855
2991.77485	1524.43819
3006.89741	1517.57371
3011.17568	1511.85199
3016.99552	1508.38268
3030.89617	1503.28820
3032.11807	1501.51820
3035.27092	1499.06388
3044.23931	1492.20052
3048.51759	1486.47880
3055.02040	1470.62093
3070.46261	1467.77887
3074.74089	1462.05714
3080.24107	1454.56542
3095.68328	1451.72335
3099.96155	1446.00163
3123.92752	1440.59107
3127.55534	1437.43784
3151.52130	1432.02728
3160.23601	1429.12832
3650.14466	1347.98818
3621.81650	1353.26682
3540.08877	1357.74731
3529.04199	1360.60115
3511.76061	1363.02596
3500.71383	1365.87979
3475.28009	1368.66526
3472.60493	1368.88541
3455.05005	1369.37009
3426.72189	1374.64873
3408.03409	1375.51844
3398.61296	1377.65436
3379.70593	1380.79708
3370.28480	1382.93300
3351.59700	1383.80271
3343.22541	1386.43638
3299.30288	1394.49192
3290.58817	1397.39087
3284.54498	1400.37126
3266.62220	1402.80144
3247.74992	1408.41549
3227.79335	1411.06046
3223.53615	1413.95942
	
Math-AUGMECON-II_21:	30
2943.65185	1571.39097
2980.13420	1540.97855
3016.99552	1508.38268
3035.27092	1499.06388
3050.74213	1476.34266
3055.02040	1470.62093
3074.74089	1462.05714
3095.68328	1451.72335
3123.92752	1440.59107
3147.79840	1436.49755
3151.52130	1432.02728
3167.51889	1427.93377
3180.19258	1426.48335
3195.11267	1419.36998
3650.14466	1347.98818
3639.09788	1350.84201
3621.81650	1353.26682
3614.24507	1354.18051
3593.70757	1356.27245
3540.08877	1357.74731
3531.71718	1360.38098
3504.18917	1363.93965
3483.65168	1366.03159
3475.28009	1368.66526
3455.05005	1369.37009
3408.03409	1375.51844
3379.70593	1380.79708
3351.59700	1383.80271
3343.22541	1386.43638
3323.26884	1389.08136
	
Math-AUGMECON-II_22:	53
2907.28409	1630.72423
2936.28948	1582.20960
2943.65185	1571.39097
2964.85554	1559.49134
2967.65061	1557.10546
2973.15080	1549.61374
2987.49657	1530.15992
2991.77485	1524.43819
3032.11807	1501.51820
3035.27092	1499.06388
3041.32823	1495.21303
3044.23931	1492.20052
3048.51759	1486.47880
3055.02040	1470.62093
3070.46261	1467.77887
3074.74089	1462.05714
3080.24107	1454.56542
3095.68328	1451.72335
3099.96155	1446.00163
3123.92752	1440.59107
3127.55534	1437.43784
3151.52130	1432.02728
3160.23601	1429.12832
3184.20198	1423.71776
3195.11267	1419.36998
3650.14466	1347.98818
3639.09788	1350.84201
3621.81650	1353.26682
3614.24507	1354.18051
3610.76972	1356.12065
3593.70757	1356.27245
3540.08877	1357.74731
3529.04198	1360.60115
3511.76061	1363.02596
3504.18917	1363.93965
3500.71383	1365.87979
3483.65168	1366.03159
3472.60490	1368.88542
3472.60490	1368.88542
3455.05005	1369.37009
3446.67846	1372.00376
3426.72189	1374.64873
3408.03409	1375.51844
3400.67393	1377.65436
3390.24137	1380.28803
3370.28480	1382.93300
3351.59703	1383.80271
3343.22541	1386.43638
3323.26884	1389.08136
3299.30290	1394.49191
3290.58817	1397.39087
3266.62220	1402.80144
3227.79335	1411.06046
	
Math-AUGMECON-II_23:	49
2934.23796	1590.26135
2936.28948	1582.20960
2943.65185	1571.39097
2947.93013	1565.66925
2967.65061	1557.10546
2980.13420	1540.97855
2985.27203	1540.29606
2987.49657	1530.15992
3016.99552	1508.38268
3030.89617	1503.28820
3032.11807	1501.51820
3035.27092	1499.06388
3036.39635	1495.79648
3045.60651	1489.49131
3048.51759	1486.47880
3050.74213	1476.34266
3055.02040	1470.62093
3070.46261	1467.77887
3080.24107	1454.56542
3095.68328	1451.72335
3099.96155	1446.00163
3123.92752	1440.59107
3127.55534	1437.43784
3151.52130	1432.02728
3160.23601	1429.12832
3180.19258	1426.48335
3184.20198	1423.71776
3686.34777	1347.98818
3650.14466	1347.98818
3621.81650	1353.26682
3540.08877	1357.74731
3529.04198	1360.60115
3511.76061	1363.02596
3500.71383	1365.87979
3475.28009	1368.66526
3472.60490	1368.88542
3455.05005	1369.37009
3426.72189	1374.64873
3408.03409	1375.51844
3398.61301	1377.65436
3379.70593	1380.79708
3372.34578	1382.93300
3370.28480	1382.93300
3351.59700	1383.80271
3343.22541	1386.43638
3299.30288	1394.49192
3290.58817	1397.39087
3266.62220	1402.80144
3247.74992	1408.41549
	
Math-AUGMECON-II_24:	49
2883.77186	1682.68867
2934.23796	1590.26135
2963.37234	1562.82718
2967.65061	1557.10546
2968.87252	1555.33546
2973.15080	1549.61374
2987.49657	1530.15992
3011.17568	1511.85199
3030.89617	1503.28820
3035.27092	1499.06388
3050.74213	1476.34266
3055.02040	1470.62093
3074.74089	1462.05714
3080.24107	1454.56542
3095.68328	1451.72335
3099.96155	1446.00163
3123.27706	1443.15957
3123.92752	1440.59107
3147.79840	1436.49755
3151.52130	1432.02728
3167.51889	1427.93377
3184.20198	1423.71776
3195.11267	1419.36998
3220.15613	1416.97928
3650.14466	1347.98818
3639.09788	1350.84201
3621.81650	1353.26682
3614.24507	1354.18051
3610.76972	1356.12065
3593.70757	1356.27245
3540.08877	1357.74731
3529.04198	1360.60115
3511.76061	1363.02596
3504.18917	1363.93965
3500.71383	1365.87979
3483.65168	1366.03159
3472.60490	1368.88542
3455.05005	1369.37009
3426.72189	1374.64873
3408.03409	1375.51844
3398.61296	1377.65436
3390.24137	1380.28803
3370.28480	1382.93300
3351.59700	1383.80271
3323.26884	1389.08136
3299.30288	1394.49192
3290.58817	1397.39087
3266.62220	1402.80144
3256.21683	1405.64990
	
Math-AUGMECON-II_25:	45
2934.23796	1590.26135
2947.93013	1565.66925
2975.85592	1546.70027
2987.49657	1530.15992
3016.99552	1508.38268
3035.27092	1499.06388
3041.32823	1495.21303
3044.23931	1492.20052
3055.02040	1470.62093
3074.74089	1462.05714
3080.24107	1454.56542
3099.96155	1446.00163
3123.92752	1440.59107
3127.55534	1437.43784
3151.52130	1432.02728
3167.51889	1427.93377
3195.11267	1419.36998
3227.79335	1411.06046
3266.62220	1402.80144
3650.14466	1347.98818
3639.09788	1350.84201
3621.81650	1353.26682
3610.76972	1356.12065
3593.70757	1356.27245
3540.08877	1357.74731
3529.04198	1360.60115
3511.76061	1363.02596
3504.18917	1363.93965
3500.71383	1365.87979
3483.65168	1366.03159
3472.60489	1368.88542
3455.05005	1369.37009
3446.67846	1372.00376
3444.27674	1374.16406
3426.72189	1374.64873
3408.03409	1375.51844
3398.61296	1377.65436
3390.24137	1380.28803
3370.28480	1382.93300
3351.59700	1383.80271
3343.22541	1386.43638
3323.26884	1389.08136
3299.30288	1394.49192
3290.58817	1397.39087
3266.62220	1402.80144
	
Math-AUGMECON-II_26:	59
2870.83330	1746.86834
2872.02557	1729.19871
2887.48596	1659.21037
2907.28410	1630.72423
2911.56237	1625.00250
2923.85372	1599.87711
2934.23796	1590.26135
2936.28948	1582.20960
2963.37234	1562.82718
2967.65061	1557.10546
2973.15080	1549.61374
2975.85592	1546.70027
2980.13420	1540.97855
2987.49657	1530.15992
2991.77485	1524.43819
3006.89741	1517.57371
3030.89617	1503.28820
3035.27092	1499.06388
3044.23931	1492.20052
3048.51759	1486.47880
3050.74213	1476.34266
3074.74089	1462.05714
3080.24107	1454.56542
3095.68328	1451.72335
3099.96155	1446.00163
3123.92752	1440.59107
3147.79840	1436.49755
3151.52130	1432.02728
3167.51889	1427.93377
3184.20198	1423.71776
3650.14466	1347.98818
3650.14466	1347.98818
3639.09788	1350.84201
3621.81650	1353.26682
3610.76972	1356.12065
3593.70757	1356.27245
3593.70757	1356.27245
3540.08877	1357.74731
3540.08877	1357.74731
3529.04198	1360.60115
3511.76061	1363.02595
3504.18917	1363.93965
3500.71383	1365.87979
3483.65168	1366.03159
3472.60490	1368.88542
3472.60490	1368.88542
3455.05005	1369.37009
3446.67846	1372.00376
3426.72189	1374.64873
3408.03409	1375.51844
3398.61296	1377.65436
3392.30235	1380.28803
3372.34578	1382.93300
3351.59700	1383.80271
3323.26884	1389.08136
3299.30288	1394.49192
3266.62220	1402.80144
3256.21683	1405.64990
3227.79335	1411.06046
	
Math-AUGMECON-II_27:	52
2936.28948	1582.20960
2987.49657	1530.15992
3006.89741	1517.57371
3016.99552	1508.38268
3044.23931	1492.20052
3048.51759	1486.47880
3050.74213	1476.34266
3074.74089	1462.05714
3099.96155	1446.00163
3123.92752	1440.59107
3127.55534	1437.43784
3160.23601	1429.12832
3195.11267	1419.36998
3220.15613	1416.97928
3223.53615	1413.95942
3227.79335	1411.06046
3247.74992	1408.41549
3256.21683	1405.64990
3266.62220	1402.80144
3284.23043	1402.77619
3284.54498	1400.37126
3290.58817	1397.39087
3299.30288	1394.49192
3319.25945	1391.84695
3650.14466	1347.98818
3639.09788	1350.84201
3621.81650	1353.26682
3610.76972	1356.12065
3593.70757	1356.27245
3540.08877	1357.74731
3540.08877	1357.74731
3531.71718	1360.38098
3529.04198	1360.60115
3511.76061	1363.02596
3504.18917	1363.93965
3500.71383	1365.87979
3483.65168	1366.03159
3475.28009	1368.66526
3472.60490	1368.88542
3455.05005	1369.37009
3446.67846	1372.00376
3444.27674	1374.16406
3426.72189	1374.64873
3408.03409	1375.51844
3398.61296	1377.65436
3390.24137	1380.28803
3379.70593	1380.79708
3370.28480	1382.93300
3351.59700	1383.80271
3343.22542	1386.43638
3323.26884	1389.08136
3319.25945	1391.84695
	
Math-AUGMECON-II_28:	61
2923.85372	1599.87711
2936.28948	1582.20960
2943.65185	1571.39097
2947.93013	1565.66925
2964.85557	1559.49131
2968.87252	1555.33546
2980.13420	1540.97855
2987.49657	1530.15992
2991.77485	1524.43819
3006.89741	1517.57371
3016.99552	1508.38268
3032.11807	1501.51820
3045.60651	1489.49131
3050.74213	1476.34266
3055.02040	1470.62093
3074.74089	1462.05714
3080.24107	1454.56542
3095.68328	1451.72335
3099.96155	1446.00163
3127.55534	1437.43784
3151.52130	1432.02728
3160.23601	1429.12832
3180.19258	1426.48335
3184.20197	1423.71776
3195.11267	1419.36998
3212.53013	1418.43912
3220.15613	1416.97928
3223.53615	1413.95942
3227.79335	1411.06046
3650.14466	1347.98818
3639.09788	1350.84201
3621.81650	1353.26682
3610.76972	1356.12065
3593.70757	1356.27245
3593.70757	1356.27245
3540.08877	1357.74731
3529.04198	1360.60115
3511.76061	1363.02596
3504.18917	1363.93965
3500.71383	1365.87979
3483.65168	1366.03159
3472.60490	1368.88542
3455.05005	1369.37009
3446.67846	1372.00376
3444.27674	1374.16406
3426.72189	1374.64873
3408.03409	1375.51844
3398.61296	1377.65436
3390.24137	1380.28803
3379.70593	1380.79708
3370.28480	1382.93300
3351.59700	1383.80271
3343.22541	1386.43638
3323.26884	1389.08136
3319.25945	1391.84695
3299.30288	1394.49192
3290.58817	1397.39087
3266.62220	1402.80144
3256.12150	1405.78182
3247.74991	1408.41549
3227.79334	1411.06046
	
Math-AUGMECON-II_29:	49
2987.49657	1530.15992
3006.89741	1517.57371
3028.25772	1506.57335
3048.51759	1486.47880
3050.74213	1476.34266
3074.74089	1462.05714
3075.96279	1460.28714
3095.68328	1451.72335
3099.96155	1446.00163
3123.27706	1443.15957
3151.52130	1432.02728
3160.23601	1429.12832
3180.19258	1426.48335
3184.20198	1423.71776
3195.11267	1419.36998
3212.53013	1418.43912
3220.15613	1416.97928
3223.53615	1413.95942
3247.74992	1408.41549
3256.12150	1405.78182
3266.62220	1402.80144
3284.54498	1400.37126
3290.58817	1397.39087
3650.14466	1347.98818
3639.09788	1350.84201
3621.81650	1353.26682
3610.76972	1356.12065
3593.70757	1356.27245
3540.08877	1357.74731
3531.71718	1360.38098
3529.04198	1360.60115
3511.76061	1363.02596
3504.18917	1363.93965
3483.65168	1366.03159
3475.28009	1368.66526
3472.60490	1368.88542
3455.05005	1369.37009
3446.67846	1372.00376
3426.72189	1374.64873
3408.03409	1375.51844
3398.61296	1377.65436
3390.24137	1380.28803
3379.70593	1380.79708
3372.34578	1382.93300
3351.59700	1383.80271
3343.22541	1386.43638
3323.26885	1389.08135
3319.25945	1391.84695
3299.30288	1394.49192
	
Math-AUGMECON-II_30:	56
2897.03147	1647.17934
2920.85683	1617.39026
2934.23796	1590.26135
2943.65185	1571.39097
2947.93013	1565.66925
2967.65060	1557.10548
2973.15076	1549.61379
2975.85592	1546.70027
2985.27203	1540.29606
3006.89741	1517.57371
3011.17568	1511.85199
3035.27092	1499.06388
3036.39635	1495.79648
3045.60651	1489.49131
3050.74213	1476.34266
3055.02040	1470.62093
3074.74089	1462.05714
3075.96279	1460.28714
3080.24107	1454.56542
3099.96155	1446.00163
3123.92752	1440.59107
3127.55534	1437.43784
3151.52130	1432.02728
3167.51889	1427.93377
3195.11267	1419.36998
3223.53615	1413.95942
3650.14466	1347.98818
3639.09788	1350.84201
3621.81650	1353.26682
3610.76972	1356.12065
3593.70757	1356.27245
3540.08877	1357.74731
3529.04198	1360.60115
3511.76061	1363.02596
3500.71383	1365.87979
3483.65168	1366.03159
3472.60490	1368.88542
3455.05005	1369.37009
3446.67846	1372.00376
3444.27674	1374.16406
3426.72189	1374.64873
3408.03409	1375.51844
3398.61296	1377.65436
3390.24137	1380.28803
3379.70593	1380.79708
3370.28480	1382.93300
3351.59700	1383.80271
3343.22541	1386.43638
3323.26884	1389.08136
3299.30291	1394.49191
3290.58816	1397.39087
3284.54498	1400.37126
3266.62220	1402.80144
3256.21683	1405.64990
3247.74992	1408.41549
3223.53615	1413.95942