Numfront:	
61	
	
AUGMECON-II:	14
9041.47148	2597.82569
9045.79259	2569.34179
9048.24647	2539.42447
9052.00367	2505.09984
9055.72348	2469.53246
9060.04459	2441.04856
9069.68463	2416.69129
9073.92965	2399.60236
9087.85737	2362.53118
9113.21252	2334.25843
9129.97468	2308.49614
9166.07271	2286.09784
9222.17701	2256.86111
9292.62623	2229.32620
	
NSGA-II_1:	76
9994.26666	2195.09910
9229.57265	2596.29129
9629.04840	2198.95075
9992.66867	2197.32786
9273.75903	2456.77486
9281.59109	2421.24253
9234.73848	2550.81201
9243.33562	2515.90161
9255.88984	2495.37998
9264.48698	2460.46958
9233.29246	2560.72391
9231.01867	2586.37939
9544.33687	2226.88884
9580.84537	2225.69349
9311.30624	2365.81049
9307.26240	2385.00937
9255.88984	2495.37998
9305.66441	2387.23813
9252.60767	2512.20689
9472.89146	2264.20816
9615.93232	2211.37716
9303.98024	2401.83629
9314.26155	2352.32773
9356.79351	2316.63803
9458.12728	2264.97640
9377.00101	2312.94331
9293.11018	2407.75977
9597.90546	2214.07071
9396.98581	2302.13206
9510.62198	2236.85333
9428.16643	2274.93592
9347.04015	2322.90283
9500.86862	2243.11813
9437.91978	2268.67112
9356.79351	2316.63803
9529.23147	2235.38737
9406.25787	2298.43734
9233.29246	2560.72391
9234.73848	2550.81201
9334.88495	2340.13945
9416.01122	2292.17254
9627.45040	2201.17951
9281.59109	2421.24253
9291.97553	2416.66285
9510.62198	2236.85333
9391.76519	2312.17508
9395.38782	2304.36082
9596.30747	2216.29947
9584.10263	2216.43139
9337.42689	2334.32785
9428.16643	2274.93592
9294.70818	2405.53101
9499.27062	2245.34689
9347.04015	2322.90283
9418.89437	2278.63064
9491.59656	2246.81285
9243.33562	2515.90161
9325.13160	2346.40425
9478.48049	2259.23926
9252.60767	2512.20689
9487.75254	2255.54454
9458.12728	2264.97640
9377.00101	2312.94331
9530.82947	2233.15861
9542.73887	2229.11760
9418.55316	2286.36094
9582.50463	2218.66015
9478.48049	2259.23926
9337.76810	2326.59755
9489.99857	2249.04161
9418.55316	2286.36094
9315.85954	2350.09897
9414.41323	2294.40130
9407.03508	2296.55858
9264.48698	2460.46958
9333.28696	2342.36821
	
NSGA-II_2:	78
10577.52414	2140.19521
9330.55685	2437.55666
10534.61582	2154.77240
10249.55593	2156.70491
9348.24684	2394.99149
9339.22762	2424.63481
9854.60430	2268.48871
9774.02845	2269.73641
9505.66095	2362.64695
10162.38752	2160.19521
9449.27290	2364.85957
9996.01881	2220.07298
10105.68918	2184.25595
9433.39040	2379.68403
9716.14140	2291.22396
10140.30369	2169.43916
9389.93865	2384.85957
9352.21280	2389.58093
10159.16608	2168.78654
10207.66461	2159.74103
9676.96836	2294.45777
9875.42879	2263.15547
9880.74168	2256.06230
10016.97476	2210.66333
9523.20035	2352.36744
9433.52185	2375.60762
9531.48462	2332.36744
9977.93323	2227.26453
9390.07010	2380.78316
9574.93636	2327.19189
9531.61607	2328.29103
10207.66461	2159.74103
9673.95326	2303.11549
9513.15843	2357.78189
9996.15026	2215.99657
9880.87313	2251.98589
9901.56617	2250.72906
9875.29734	2267.23188
10016.84330	2214.73974
10065.32742	2184.91657
9923.78145	2237.40871
9964.14322	2236.74808
9773.89700	2273.81282
9523.20035	2342.36744
10127.64954	2176.25073
9648.27311	2306.81845
10555.30886	2153.51557
9593.93819	2319.62518
9920.69147	2241.92363
10062.23744	2189.43149
10574.30270	2148.78654
9920.56002	2246.00003
10062.10598	2193.50790
9648.14166	2310.89486
9745.33321	2282.09709
9575.06782	2323.11549
9445.30694	2370.27013
10108.77917	2179.74103
9523.33180	2338.29103
9967.23320	2232.23316
10022.28764	2203.57016
9637.93947	2313.51892
9330.68831	2433.48025
9339.09616	2428.71122
9505.79240	2358.57055
9772.19333	2279.38366
10022.41910	2199.49376
10043.11214	2198.23693
9854.60430	2268.48871
9619.08131	2315.94532
9676.83690	2298.53418
10577.39268	2144.27162
10065.32742	2184.91657
10574.43416	2144.71013
10043.24359	2194.16052
9901.69762	2246.65265
9739.29048	2285.79193
9720.42010	2289.28223
	
NSGA-II_3:	56
10652.66504	2194.28985
9329.48231	2463.20240
10520.57241	2197.78016
9330.67498	2455.76495
9337.63288	2426.80740
10106.49700	2224.30822
9855.76438	2244.30822
10238.58964	2220.81792
9977.03922	2240.81792
9417.89172	2334.87019
9435.56943	2312.30765
9382.91056	2378.03450
9391.35296	2357.71949
9526.76210	2294.87019
9517.49498	2301.04120
9584.32565	2277.06564
9436.76210	2304.87019
9665.05854	2273.23664
9855.63292	2248.38463
9773.97028	2251.49826
9742.82735	2266.61822
10291.97832	2213.18874
10353.64097	2211.85657
10500.44095	2203.63802
10438.77831	2204.97020
10086.36555	2230.16609
10024.70290	2231.49826
9355.65377	2398.52312
9354.59314	2411.92736
10373.77242	2205.99870
9583.13298	2284.50309
9773.83883	2255.57467
9666.11975	2269.87560
9716.40672	2269.30282
9372.48258	2387.71949
9400.00169	2349.03487
9356.84644	2391.08567
10353.64097	2211.85657
10403.22746	2205.99870
9372.61404	2383.64309
10505.86506	2202.50840
9583.26444	2280.42668
9435.70088	2308.23124
9416.83050	2338.23124
10269.83979	2217.78016
9416.69905	2342.30765
9338.82555	2419.36994
9392.54563	2350.28204
10004.57145	2237.35613
9729.02451	2268.97890
10291.97832	2213.18874
9354.46169	2416.00376
9355.78523	2394.44672
9338.69409	2423.44635
9329.61377	2459.12599
9391.48441	2353.64309
	
NSGA-II_4:	47
11427.10076	2226.08236
9568.37085	2447.43293
9908.34229	2311.03898
10969.22184	2234.45959
11170.07072	2234.10749
9903.20689	2330.83196
9730.87934	2387.36002
9644.01241	2446.91820
9649.14781	2427.12522
9717.80543	2405.76321
9736.01475	2367.56704
10237.78940	2260.86785
10005.40239	2286.31762
9997.99742	2293.44014
10095.05752	2268.71878
10106.72304	2263.77301
10596.11756	2243.22853
9825.66988	2349.96820
10237.78940	2260.86785
10327.42201	2256.19942
9823.54753	2365.07022
9833.07484	2342.84568
10712.19181	2242.48471
10921.30999	2236.24104
10838.15548	2237.36475
10465.05120	2246.13369
9893.94653	2341.53213
9823.54753	2365.07022
9693.84474	2410.46301
9670.20894	2417.80055
11296.03439	2228.98752
11379.18890	2227.86382
10548.20571	2245.00999
11226.17580	2231.20232
10768.29689	2239.57955
10339.08752	2251.25365
9825.66988	2349.96820
10395.19261	2248.34849
9665.43095	2422.71157
9649.14781	2427.12522
10106.72304	2263.77301
10428.85507	2247.91515
10838.15548	2237.36475
10801.95935	2239.14620
11259.83827	2230.76898
9694.11156	2406.71005
9694.11156	2406.71005
	
NSGA-II_5:	80
10981.08138	2101.42829
9059.54585	2465.85051
10544.70511	2109.25838
10828.91326	2108.74761
9108.89142	2362.74232
10392.53700	2116.57770
10544.57366	2113.33479
9107.08921	2393.65364
10068.63451	2141.39201
9109.02287	2358.66592
9120.17806	2340.82895
10945.09071	2106.73575
9146.37209	2328.30970
9194.03697	2285.75137
9163.36972	2301.22078
10330.72888	2124.88722
10392.40554	2120.65411
9156.68775	2316.10759
9059.67730	2461.77410
9065.36352	2445.17518
9331.61386	2236.81730
10155.80292	2137.90171
10052.10348	2149.24735
9968.55089	2149.61056
9260.85706	2257.73048
9966.68544	2157.07474
9682.74297	2186.57904
10207.95258	2137.54538
9126.02050	2331.57700
9865.75660	2161.77172
9796.64072	2164.39407
9906.74277	2157.92008
10945.22216	2102.65935
9157.65872	2306.39632
10330.59742	2128.96363
9340.11215	2223.47522
9199.87942	2276.49942
9600.21245	2192.07081
9641.19862	2188.21916
9906.74277	2157.92008
9730.96340	2178.20870
9689.97723	2182.06035
9480.47791	2213.44246
9506.96361	2206.86766
9441.55756	2216.15589
9065.49497	2441.09877
9076.78161	2419.18540
9078.22729	2412.03075
9066.94065	2433.94413
9775.99181	2171.78218
9366.35183	2220.76179
10068.50306	2145.46842
10243.94325	2132.23792
9226.11909	2273.78599
10208.08404	2133.46897
10295.25245	2129.97867
9199.74796	2280.57583
9081.02664	2402.09648
9076.65016	2423.26180
9156.81921	2312.03118
9411.62892	2220.30760
9247.58106	2266.90337
9339.98070	2227.55163
9542.13119	2200.47316
9587.40828	2200.01898
9507.09506	2202.79125
9734.83260	2172.70359
9069.60855	2428.08626
9325.90286	2241.99284
10981.08138	2101.42829
9321.58281	2253.50404
9302.76294	2253.83143
9968.41943	2153.68697
9260.72561	2261.80689
9321.71426	2249.42763
9086.73763	2396.92093
9067.07211	2429.86772
9080.89518	2406.17288
9078.35874	2407.95434
9600.08099	2196.14721
	
NSGA-II_6:	74
11342.15432	2227.46529
9543.68707	2593.94660
10319.71206	2248.74334
11062.73283	2248.44561
9581.53275	2582.88349
9597.88375	2459.30664
10106.84741	2260.69833
10319.58061	2252.81975
11322.88472	2228.35266
10087.21612	2265.33911
10069.38890	2280.03165
11247.80243	2230.95560
11173.78005	2240.06839
9622.28755	2436.87033
11098.69777	2242.67132
9928.28930	2309.48501
9843.91726	2346.44625
9613.81753	2447.66952
9635.04339	2407.75195
9650.66133	2405.97049
9655.95118	2400.60640
11193.04965	2239.18102
9984.60387	2295.81628
9968.09613	2303.39862
9548.12917	2588.93900
9754.32776	2375.72284
9603.17360	2453.94255
10033.86238	2282.95695
10014.23109	2287.59773
9967.96468	2307.47503
9894.97964	2329.73365
9901.78188	2317.61010
9895.11110	2325.65724
9770.04423	2359.75816
11079.42817	2243.55869
9708.15328	2395.43086
9716.14765	2388.15475
9808.80761	2351.29794
9581.40130	2586.95990
9608.65914	2448.95719
11228.40138	2235.91937
11079.29671	2247.63510
9629.42658	2425.23321
9851.01704	2344.23737
9873.57920	2333.58693
9633.06275	2418.10139
9789.53801	2352.18531
9775.20263	2358.47048
9784.37962	2353.47298
9624.13673	2430.59730
9734.69646	2380.36363
9853.94791	2338.22771
9731.89705	2382.29688
9768.19505	2366.03120
9766.42094	2372.24193
9603.04215	2458.01896
9624.26818	2426.52089
9633.19421	2414.02498
9702.99489	2396.71854
9984.73532	2291.73987
11211.83750	2236.72988
9884.75348	2332.98842
9908.78946	2310.04939
9731.76559	2386.37329
9543.81853	2589.87019
9698.48056	2399.53340
9675.22078	2399.71903
11228.53284	2231.84296
9734.82792	2376.28722
10087.34758	2261.26270
9903.63106	2311.33706
9903.49961	2315.41347
10014.36254	2283.52132
9622.41900	2432.79392
	
NSGA-II_7:	74
10351.06708	2168.21871
9192.37943	2530.00034
10172.16658	2184.72841
9201.95453	2480.55074
9213.32290	2449.60873
10082.53795	2186.35119
10351.06708	2168.21871
10261.43845	2169.84149
10261.30700	2173.91790
10179.64436	2177.03153
9991.55863	2192.94007
9361.14458	2305.18806
9373.31911	2289.81486
9222.89799	2400.15913
9237.66409	2382.23676
10063.66758	2189.84149
9213.40823	2431.32446
9375.69998	2278.09914
9774.85882	2202.20707
9268.59034	2367.03803
9222.76654	2404.23554
9222.68121	2422.51981
9201.82308	2484.62715
9201.73774	2502.91142
9192.46476	2511.71607
9856.52146	2199.09344
9470.37921	2265.09350
9548.63223	2248.89040
9295.82044	2346.90611
9296.29671	2330.23152
9327.35441	2310.95639
9361.01313	2309.26446
9268.72179	2362.96163
9419.02027	2277
9991.55863	2192.94007
9946.28154	2193.39426
9820.13591	2201.75289
9612.76008	2232.14672
9658.03717	2231.69254
9901.93001	2194.56285
9610.37921	2243.86245
9946.28154	2193.39426
9472.76008	2253.37778
9438.02210	2269.43329
9518.03717	2252.92359
9419.15173	2272.92359
9612.62862	2236.22313
9472.62862	2257.45418
9774.72737	2206.28348
9740.12085	2218.26259
9321.27029	2323.95848
9192.59622	2507.63966
9213.53968	2427.24805
9714.85882	2223.43813
9677.79872	2226.92843
9301.35995	2325.44797
9677.66727	2231.00484
9327.22296	2315.03280
9321.40175	2319.88207
9281.39916	2352.23030
9242.72733	2377.45321
9503.31736	2253.37778
9887.21020	2195.01703
9281.53062	2348.15389
9579.32097	2244.81399
9548.76368	2244.81399
9856.65292	2195.01703
9373.45057	2285.73846
9694.55418	2224.95668
9721.25047	2221.75289
10179.51290	2181.10794
9237.79554	2378.16035
9594.04077	2244.35980
9375.56853	2282.17554
	
NSGA-II_8:	80
11139.21733	2167.16893
9377.70148	2532.78229
10393.33737	2174.11916
11139.21733	2167.16893
10758.55564	2170.26752
10140.49466	2195.83489
9416.90313	2447.76543
9435.95364	2428.28471
9409.46269	2459.24614
9399.90550	2474.85435
9379.43093	2526.47712
9396.42857	2499.38820
9398.17605	2481.15951
10391.60792	2180.42433
9388.98812	2510.86891
9474.07580	2378.42318
9484.66038	2363.24239
10223.89466	2194.11916
10136.27763	2200.52576
9541.63502	2322.88793
10287.00296	2192.85762
10049.10922	2204.01607
9965.58567	2217.51128
9690.42483	2248.87425
9712.74296	2239.22700
9525.54203	2336.84268
9462.87973	2386.24465
9650.73217	2262.37144
10348.17578	2182.33771
9457.03728	2395.49661
9447.37173	2402.29493
9579.55485	2289.87553
9485.36244	2356.50980
9516.09079	2350.23676
9650.60072	2266.44785
9967.31512	2211.20611
9883.43492	2222.24149
9447.24028	2406.37134
9576.67423	2305.74016
9542.20564	2320.23174
9390.71757	2504.56375
9457.16874	2391.42020
9654.47241	2254.15289
9679.73444	2248.97735
9473.50519	2381.07936
9442.09152	2425.62853
10325.73170	2188.61074
9841.54360	2225.27761
9759.74950	2232.46765
9714.47241	2232.92184
10012.59221	2210.75192
9796.26651	2225.73180
10288.60095	2190.62886
9578.85279	2296.60812
10094.38631	2203.56188
9922.15353	2219.42465
9614.02344	2275.38395
9519.83103	2342.01822
9411.19214	2452.94097
10094.38631	2203.56188
9841.54360	2225.27761
9620.00382	2268.64447
9920.55553	2221.65341
9610.28320	2283.60249
9619.87237	2272.72088
10012.59221	2210.75192
9794.53706	2232.03696
9568.20903	2311.30066
10047.37977	2210.32123
9445.88210	2413.33358
9445.75064	2417.40998
10348.04432	2186.41412
9399.77404	2478.93076
9409.59414	2455.16973
9965.71713	2213.43487
9379.29948	2530.55353
9394.83057	2501.61696
9525.41057	2340.91908
9445.18003	2420.06617
9564.99946	2316.96445
	
NSGA-II_9:	74
10389.36175	2160.27114
9251.16105	2473.54847
10389.36175	2160.27114
10246.99726	2162.79050
9262.12463	2430.28224
9253.60578	2463.20322
10068.09676	2179.30019
9957.55455	2182.79050
9504.44038	2249.58882
9594.30893	2243.66523
10156.86581	2176.86691
10068.09676	2179.30019
9504.30893	2253.66523
9381.48622	2306.93888
9346.87970	2318.91798
10235.12776	2169.58882
9264.56937	2419.93700
9273.41127	2408.36887
9287.97888	2385.14991
9644.71181	2238.29037
9381.61767	2302.86247
9452.57332	2296.80966
9830.34223	2194.76436
9594.44038	2239.58882
9469.70241	2265.64433
9887.48882	2187.51186
9339.71449	2342.00548
9341.03725	2328.16993
9463.85996	2274.89628
9462.53720	2288.73183
9296.82078	2373.58178
9697.16173	2206.18459
9740.34223	2204.76436
10191.94727	2171.00904
9426.89476	2302.40828
9842.21173	2187.96604
9426.89476	2302.40828
9787.16173	2196.18459
9929.38014	2184.47574
9662.42376	2222.24010
9685.16078	2217.05931
10191.94727	2171.00904
10156.99726	2172.79050
9752.21173	2197.96604
9644.84326	2234.21396
9329.88207	2346.00690
9697.03028	2210.26099
9752.08028	2202.04245
9329.75061	2350.08331
9323.33873	2357.78148
9304.97652	2358.06099
9251.29250	2469.47206
9299.13407	2367.31294
9462.40575	2292.80824
9264.43791	2424.01341
9275.85601	2398.02362
9273.54272	2404.29246
9253.47433	2467.27963
9346.74824	2322.99439
9299.26552	2363.23654
9281.56700	2392.84808
9650.55426	2229.03842
9304.84506	2362.13740
9662.29231	2226.31651
9839.38014	2194.47574
9685.29223	2212.98291
9463.99142	2270.81987
9287.84743	2389.22632
9323.47018	2353.70507
9752.21173	2197.96604
9842.08028	2192.04245
10156.86581	2176.86691
9253.60578	2463.20322
9296.95224	2369.50537
	
NSGA-II_10:	64
10973.01320	2173.94237
9631.45594	2483.24736
10607.79493	2177.79401
10840.92056	2177.43267
10475.70229	2181.28432
10450.85471	2192.61847
10340.31249	2196.10877
9685.03662	2427.45414
9696.32326	2405.54076
9970.70295	2293.12988
9966.39560	2314.71683
9893.97886	2317.18551
9795.75993	2351.39337
9893.84740	2321.26192
9862.83592	2332.30547
10255.52695	2201.28432
10312.13808	2197.79401
9849.03309	2334.66615
9756.52702	2365.04761
9641.61002	2476.45394
9642.74258	2461.33398
10206.83237	2216.40428
10224.83822	2205.36073
10127.90958	2226.00568
9677.63306	2439.40550
10224.96967	2201.28432
10029.69065	2260.21354
10073.01094	2259.11441
10171.22987	2224.90654
9775.55244	2355.08809
9989.72836	2283.17036
10455.57084	2187.14218
9845.77583	2343.92825
10079.70655	2252.74842
10082.96381	2243.48632
10096.76664	2241.12564
9740.81446	2371.14360
9990.45774	2273.86778
9715.34867	2395.58124
9716.07806	2386.27867
9671.92207	2444.58105
9641.61002	2476.45394
9648.45357	2456.15844
10126.75075	2235.49218
9999.72980	2270.17306
10009.48316	2263.90826
9765.79908	2361.35289
10171.36132	2220.83013
10073.14240	2255.03800
9702.03426	2400.36522
9667.47899	2446.19892
9735.10347	2376.31915
9721.78905	2381.10312
9828.09795	2348.36098
9696.32326	2405.54076
9652.89666	2454.54057
9658.60765	2449.36502
9862.83592	2332.30547
10106.54325	2239.18690
10126.41556	2238.31078
10127.77812	2230.08209
10193.82674	2216.40428
10180.02391	2218.76496
9893.97886	2317.18551
	
NSGA-II_11:	83
10417.60670	2132.62260
9142.78005	2480.67003
9143.74816	2415.32609
9159.88928	2409.04080
9162.12193	2356.92487
10090.06814	2153.70424
10265.37688	2144.55014
10014.16646	2157.65981
10189.47520	2148.50571
10128.29255	2150.34049
9782.65305	2185.87147
9222.50810	2324.30916
9192.54725	2334.26869
9440.63885	2243.03118
9827.53876	2181.02356
9677.39753	2205.71082
9714.05902	2194.08804
9596.02535	2209.23523
9565.65573	2214.08804
9975.94205	2161.02356
9945.57243	2165.87638
9318.65799	2286.19351
9342.41992	2277.23904
9399.91963	2261.95014
9418.94504	2251.99062
9634.24976	2205.87147
9312.45907	2287.19856
9298.04201	2297.29999
10349.01267	2140.83917
9744.42864	2189.23523
10379.38229	2135.98635
9192.08278	2346.96535
9476.45498	2241.83583
10303.60129	2141.18639
9238.13517	2323.81124
10349.01267	2140.83917
9908.91094	2177.49915
9865.76317	2177.65981
9262.40897	2322.72198
9707.86010	2195.09309
9925.44098	2171.73424
9559.45681	2215.09309
9982.14097	2160.01851
10385.58121	2134.98130
9602.22427	2208.23017
9750.62756	2188.23017
10302.21737	2143.31806
10012.78255	2159.79148
10416.22279	2134.75428
10126.90864	2152.47216
9446.83777	2242.02613
9152.39909	2412.83502
9178.26304	2350.63958
9412.74612	2252.99567
9273.80888	2310.02532
9864.37926	2179.79148
9781.26914	2188.00315
9264.82892	2319.31786
9378.04875	2273.37538
9919.24206	2172.73929
9539.32535	2220.95095
9528.99424	2225.71082
9687.72864	2200.95095
9292.83429	2300.06580
9522.79531	2226.71587
9833.73768	2180.01851
10096.26706	2152.69919
9288.23268	2308.84970
9545.52428	2219.94590
9693.92757	2199.94590
9939.37351	2166.88143
10271.57580	2143.54509
9632.86585	2208.00315
9364.24592	2275.73606
9388.00784	2266.78159
9393.72070	2262.95519
9477.20739	2237.17331
9486.22677	2232.57373
9268.09602	2313.85172
9500.02961	2230.21305
9492.42569	2231.56868
9506.22853	2229.20800
9483.40632	2236.16826
	
NSGA-II_12:	78
10513.08648	2157.72049
9210.73915	2499.71193
9269.22169	2382.63398
9216.37187	2432.42882
10289.45416	2172.17836
10398.60780	2168.52412
10286.02270	2174.60476
10195.10227	2175.66866
9214.59042	2460.06814
9257.90923	2390.56204
10415.30314	2163.63720
9225.59873	2409.41631
9770.14261	2228.34637
9861.06303	2227.28248
10509.65502	2160.14689
9368.54485	2309.03193
9382.44841	2288.44583
9308.68623	2341.69946
9212.52061	2472.07261
9216.24042	2436.50523
9276.37573	2360.55373
9210.87061	2495.63552
10174.84403	2187.05840
10115.08721	2192.17836
9559.07503	2248.65787
9483.07142	2257.22165
9448.33345	2273.27717
9386.01133	2281.94301
9426.03162	2279.19388
10049.33363	2203.27061
9225.73018	2405.33990
10011.52799	2203.95293
9864.49449	2224.85607
10056.06610	2199.52020
9994.83266	2208.83985
9637.30622	2247.97064
9912.64255	2223.95293
9279.93864	2354.05092
9688.34851	2235.53641
9643.07142	2235.99060
9770.14261	2228.34637
9724.86552	2228.80056
9991.26975	2215.34267
10092.78538	2198.09507
9604.35212	2248.20368
9528.34851	2256.76747
9364.98194	2315.53475
9331.85010	2325.77627
9931.51293	2220.46263
9308.81768	2337.62305
9258.04068	2386.48563
9479.50851	2263.72447
10402.03926	2166.09771
10008.09654	2206.37934
10178.40694	2180.55558
10191.67082	2178.09507
9721.30261	2235.30337
9555.51212	2255.16068
9335.28156	2323.34986
9353.49725	2319.58233
9429.46307	2276.76747
9444.90199	2275.70357
9928.08147	2222.88904
9214.45896	2464.14455
9212.65206	2467.99620
9976.05104	2216.02989
9319.99868	2333.77140
9957.18067	2219.52020
9382.57987	2284.36942
10174.97548	2182.98199
9365.11339	2311.45834
9639.50851	2242.49341
9276.50718	2356.47732
10096.21683	2195.66866
9637.43767	2243.89423
9972.61958	2218.45630
9912.64255	2223.95293
9721.43406	2231.22696
	
NSGA-II_13:	71
10673.46118	2128.26445
9067.94062	2483.12026
10308.24291	2132.11610
10503.62779	2131.75475
9071.66043	2447.55289
10138.40952	2135.60640
9068.07208	2479.04386
10642.10097	2130.08161
10276.88270	2133.93326
9093.03455	2399.29864
9111.70372	2379.61161
9373.53670	2241.56377
9984.35660	2140.78195
10085.08903	2139.10880
9594.07475	2184.98375
9200.33388	2288.12908
9864.23166	2149.91843
9075.90546	2430.46397
9083.07853	2421.56310
9206.17633	2278.87713
9820.79239	2157.29164
9160.33957	2327.34202
9278.20796	2259.06367
9169.66663	2303.59849
9123.12181	2353.62182
9613.36759	2173.99484
9717.57746	2161.60891
9542.25137	2210.69530
9628.81273	2168.92824
9245.01265	2273.40084
9410.03134	2233.35211
9293.52164	2258.07347
9317.04428	2253.58738
9087.19210	2408.55059
9071.79189	2443.47648
9573.05007	2191.14949
9337.17574	2247.72951
9132.31742	2333.95470
9952.99640	2142.59911
9394.71765	2234.34231
9126.47497	2343.20665
9879.54535	2148.92824
9111.83517	2375.53520
9115.18833	2365.12003
9764.18126	2160.78195
9556.35660	2198.33462
9578.62961	2190.05035
9908.27255	2148.10127
9132.18596	2338.03111
9550.64561	2203.51017
9674.08982	2168.47405
9332.35797	2252.59718
9433.55398	2228.86602
9468.99912	2222.01796
9490.04640	2216.84241
9516.62404	2214.79649
9160.47102	2323.26561
9163.11612	2314.40889
9453.68543	2223.00815
9122.99035	2357.69823
9550.51416	2207.58658
9789.43218	2159.10880
9265.14411	2267.54297
10107.04931	2137.42356
9700.66745	2166.42813
9163.95564	2308.77403
9092.90309	2403.37505
9169.53518	2307.67490
9087.32355	2404.47418
9076.03691	2426.38756
9082.94707	2425.63951
	
NSGA-II_14:	83
10549.22335	2154.80337
9442.26553	2521.21293
10323.05351	2179.88358
10073.98479	2180.67298
9443.49659	2472.82432
10427.77134	2158.67348
9444.55321	2448.57347
9485.60794	2390.54347
9466.59366	2412.60890
9491.80686	2389.53842
9734.84845	2270.68659
9481.81080	2407.67287
9501.45459	2373.46500
9722.97894	2277.48491
10000.75476	2198.15362
9464.79807	2428.90392
9811.99677	2247.25167
9861.42768	2238.64187
9600.64632	2329.77131
9881.55914	2232.78401
9892.14727	2220.84718
9531.41544	2363.50548
9717.71408	2283.11688
9592.67333	2341.41827
10402.48247	2161.39789
9461.88699	2436.47752
10023.86861	2191.96863
9910.21570	2213.04381
9948.96791	2209.61612
9848.78917	2246.75374
10064.34112	2185.10572
9450.75213	2447.56842
9976.96895	2202.58636
9616.49298	2312.69285
9612.51583	2322.97299
9904.01678	2214.04886
9586.47441	2342.42332
9580.80383	2348.21659
9622.69190	2311.68780
9756.54226	2261.72715
9658.32333	2295.93501
9560.52639	2354.04609
9628.36248	2305.89453
9805.79785	2248.25672
9801.53943	2257.16145
9970.77003	2203.59141
9955.16684	2208.61107
10336.85635	2177.52290
9472.79258	2411.60385
10343.05527	2176.51785
9762.74118	2260.72209
9775.83700	2258.21624
9703.91125	2285.47756
9693.95216	2292.07135
9782.03592	2257.21119
9680.14932	2294.43203
9566.72531	2353.04104
10392.83880	2165.83062
9456.50082	2440.08966
9994.55584	2199.15867
10358.56521	2171.68849
9850.74899	2243.82398
9646.45383	2302.73333
9634.56140	2304.88948
9507.65351	2372.45995
10047.65442	2187.53590
9664.52225	2294.92996
9464.79807	2428.90392
9750.87168	2267.52041
10382.35102	2167.25575
9898.34620	2219.84213
9652.65275	2301.72828
9554.85581	2359.83936
10067.78587	2181.67803
10396.28355	2162.40294
9687.75323	2293.07640
9481.81080	2407.67287
10376.15210	2168.26080
10030.06753	2190.96358
9548.65689	2360.84441
9574.60491	2349.22164
9855.22876	2239.64692
10352.36629	2172.69354
	
NSGA-II_15:	63
10842.15923	2134.36543
9234.61188	2413.79585
10476.94096	2138.21707
10710.06660	2137.85573
10295.03947	2150.28698
10447.26356	2140.93881
10209.45852	2156.53183
10812.48183	2137.08717
9968.03214	2177.71902
10344.84833	2141.70738
9245.89852	2391.88247
9243.88393	2410.10113
10310.35316	2149.29679
9538.53656	2242.67385
9624.25136	2240.37890
10032.59248	2173.10948
9312.92786	2338.95903
9321.06771	2324.30888
10053.61309	2171.47417
9324.68334	2317.04565
9291.69335	2357.74536
9910.18033	2182.12600
9307.21686	2344.13457
9852.68933	2182.89456
9471.44121	2263.07245
9498.96851	2255.21572
9638.96851	2233.98466
9704.58550	2223.51888
9502.58414	2247.95249
9384.15772	2285.85507
9420.11014	2280.57643
9283.91524	2367.14544
9694.80890	2225.45762
9471.44121	2263.07245
10094.11571	2161.70738
10151.60671	2160.93881
9453.58391	2270.15449
9292.16926	2354.68497
10064.43830	2164.42912
9349.41975	2301.91058
9718.09106	2217.56601
9725.95183	2210.33766
9815.15116	2192.84465
9807.18268	2199.74607
9778.06616	2203.09694
10194.14484	2157.52203
10462.57725	2139.94862
9374.40436	2292.11987
9654.28220	2232.99447
9365.13231	2295.81459
9952.71846	2178.70921
9823.01192	2185.61630
9440.31763	2276.88171
9264.92393	2381.92295
9251.60951	2386.70693
9330.39433	2311.87011
9343.70875	2307.08613
9297.88026	2349.50943
9763.01192	2206.84736
9741.26551	2209.34747
9662.58414	2226.72143
9270.63492	2376.74741
9278.20424	2372.32098
	
NSGA-II_16:	75
10952.90758	2142.06900
9215.77577	2467.56986
10587.68931	2145.92065
10952.90758	2142.06900
10495.02867	2150.44622
10175.08749	2153.84368
9697.48646	2269.34418
9226.09115	2437.88524
9215.90722	2463.49345
9589.56661	2273.26204
9291.14302	2376.11532
9329.88570	2371.74890
9763.51248	2250.09223
9455.26381	2316.82495
9237.37779	2415.97186
10129.81040	2154.29787
9553.48274	2282.61708
10052.81667	2169.82286
9700.38441	2260.90136
9544.62084	2290.74268
9281.38966	2382.38013
9518.87622	2294.59619
9700.51586	2256.82495
9425.43442	2322.70806
9246.65169	2398.43564
9508.66843	2296.02132
10098.09376	2169.36867
9735.95599	2256.04616
9476.08614	2306.47876
9229.65406	2425.52456
9589.43516	2277.33844
10121.16603	2160.80068
9772.02115	2246.75373
9922.72633	2200.45544
10112.60241	2161.73266
10047.64650	2173.16136
10035.60868	2177.25765
9384.85400	2348.01552
10103.95804	2168.23547
9270.90155	2393.65166
9384.98545	2343.93912
9808.45824	2232.61159
9905.38688	2211.96664
9789.22915	2239.31894
9473.93046	2312.07683
9505.41117	2305.28341
9414.81485	2338.05600
9270.77009	2397.72807
9276.61254	2388.47612
10001.60737	2194.13919
9955.75658	2194.54422
10024.10593	2185.52204
9364.62368	2355.69338
9226.22260	2433.80883
9237.50924	2411.89545
10540.30576	2149.99204
9869.11798	2220.00126
9834.17491	2221.83829
9361.19222	2363.97765
9455.39527	2312.74854
9553.61419	2278.54068
9332.04139	2366.15083
10002.70073	2190.64200
9905.51834	2207.89023
9931.23501	2197.11693
9420.65730	2328.80405
9378.42651	2353.33270
9240.94070	2403.61118
9390.69644	2338.76357
9414.94630	2333.97959
9886.28924	2214.59758
10030.43851	2180.59615
9780.72047	2242.65744
9816.96692	2229.27308
9825.66623	2225.17680
	
NSGA-II_17:	63
11196.49461	2114.23148
9168.97174	2391.55071
10471.94595	2125.30386
10851.21165	2121.65192
9208.64626	2340.67268
9228.98213	2309.83498
11012.26772	2116.85196
9178.22094	2363.32886
9259.40745	2287.17880
9245.12325	2303.54969
9701.51467	2181.19608
9808.18998	2179.73462
10319.77784	2132.62318
9642.08747	2196.31604
9681.38322	2187.05394
9933.26265	2149.86849
10379.50620	2127.92434
10227.33809	2135.24366
9873.83545	2164.98845
9382.68922	2253.90597
9387.58723	2243.01141
10170.72696	2138.73396
10060.06941	2142.54917
10116.68054	2139.05886
10379.50620	2127.92434
10322.89507	2131.41464
9534.36069	2211.13572
9989.87378	2146.37819
9610.44474	2203.81640
9582.69672	2209.13416
9681.38322	2187.05394
9913.13120	2155.72636
9486.27373	2220.93119
9506.40519	2215.07333
9367.37554	2254.89617
9909.77075	2161.80863
9332.95087	2272.78375
9362.91172	2262.82423
9506.40519	2215.07333
9274.72114	2286.18860
9628.28464	2198.67672
9856.67216	2173.43140
9860.03261	2167.34913
9433.17515	2232.55397
9415.54273	2239.07381
9289.36830	2277.21928
9287.36295	2283.24119
9828.32144	2173.87675
9814.44469	2177.80658
9342.63726	2268.68209
9244.29582	2308.84479
9474.93348	2226.25568
9582.69672	2209.13416
9304.68199	2276.22908
9317.32380	2273.28167
9402.90091	2242.02122
9342.63726	2268.68209
9348.35012	2264.85569
9856.67216	2173.43140
9828.32144	2173.87675
9860.03261	2167.34913
9461.13065	2228.61636
9446.97798	2230.19329
	
NSGA-II_18:	75
11205.90214	2212.44829
9586.13078	2580.03279
9598.03165	2574.90175
9601.70324	2502.70630
10831.00751	2213.64364
11077.67923	2213.43848
10151.31785	2248.78910
10305.16748	2241.21239
10584.04347	2217.79814
9636.33837	2473.66065
9641.24714	2443.17719
10702.78460	2214.63383
11205.90214	2212.44829
11077.67923	2213.43848
9662.08850	2404.03042
9674.51108	2382.55461
10474.14203	2231.43215
10379.96043	2231.99078
9699.56151	2351.66974
9647.15037	2424.65299
9976.25378	2280.61979
9949.07092	2292.46135
9678.93850	2364.03042
9987.93498	2264.51353
9817.71353	2305.82708
10508.18334	2231.00058
9806.03233	2321.93334
9678.04390	2377.72525
9854.28207	2299.96921
9823.91245	2304.82203
10341.73602	2235.35453
10311.36640	2240.20734
10024.50352	2258.65566
9994.13390	2263.50848
9662.08850	2404.03042
9661.19389	2417.72525
9987.04038	2278.20836
9646.25576	2438.34783
9678.93850	2364.03042
9816.81893	2319.52191
9732.58794	2351.02478
9788.15143	2345.16692
9805.48431	2334.11135
9636.33837	2473.66065
9627.83919	2482.93729
9805.13772	2335.62818
10095.75436	2254.64696
10062.72793	2255.29191
10061.34402	2257.42359
10378.57652	2234.12245
10030.70245	2257.65061
10119.29237	2251.14780
10347.93494	2234.34948
10149.93394	2250.92077
10547.47493	2223.65601
9942.87199	2293.46640
9801.60491	2343.55612
9626.22355	2485.61038
10474.14203	2231.43215
9925.53291	2295.96051
9892.50648	2296.60546
9601.70324	2502.70630
9617.63628	2499.10069
9860.48100	2298.96416
9891.12257	2298.73714
9619.25192	2496.42759
9622.32625	2490.34562
9925.53291	2295.96051
10113.09344	2252.15285
9641.24714	2443.17719
9594.10291	2576.15352
9657.66108	2422.55461
9812.23125	2320.92829
9657.66108	2422.55461
9816.81893	2319.52191
	
NSGA-II_19:	74
11409.74127	2122.42304
9193.33854	2444.08108
10929.31280	2123.61839
9248.32601	2388.82320
9227.77787	2423.73163
9273.96771	2372.78318
9291.43418	2345.69426
10369.76951	2140.20728
10544.28657	2140.16084
9383.05945	2297.61782
9379.53542	2317.50256
10790.80656	2129.35122
10895.90922	2128.05113
10080.32679	2160.20728
10190.86901	2156.71697
10281.00478	2147.52660
9437.07564	2275.36382
9411.73290	2288.57314
10259.59206	2150.85553
9576.31100	2251.75645
9512.91749	2264.61028
9325.09695	2339.42122
9630.32718	2229.50244
9602.52481	2242.18936
9943.57126	2168.71175
10348.35679	2143.53621
9541.83314	2258.99981
10601.83595	2140.09181
9465.74908	2266.31913
9617.83850	2241.19917
9291.43418	2345.69426
9841.48127	2188.75766
9348.54509	2332.52822
10638.63845	2136.67054
9710.44196	2201.04304
9334.96195	2337.97511
9256.91982	2380.60466
9365.59298	2324.70674
10010.26107	2164.92864
9582.41004	2249.41771
10696.45468	2132.84152
9921.49633	2172.24796
9402.29018	2290.35459
9456.30636	2268.10058
9392.50217	2295.83637
9964.98398	2165.38282
9532.39042	2260.78126
9256.91982	2380.60466
9200.48293	2437.80804
9220.90919	2431.31533
10929.31280	2123.61839
9375.03570	2322.92529
10687.01196	2134.62298
9773.15212	2195.21400
9731.85468	2197.71411
10754.00406	2132.77249
9677.83850	2219.96811
9710.32718	2208.27139
9705.97656	2215.78276
9854.69175	2183.25943
9854.80652	2176.03108
9710.32718	2208.27139
9357.98781	2330.74677
9876.21924	2172.70215
9650.44196	2222.27409
9807.29721	2193.23816
9446.51835	2273.58236
9639.76990	2227.72099
10369.76951	2140.20728
9870.12021	2175.04088
10265.69109	2148.51680
10777.14469	2130.93772
9820.61941	2190.39478
9826.16759	2189.74785
	
NSGA-II_20:	73
10554.12829	2147.45057
9153.91100	2461.03336
10553.99683	2151.52697
10235.87835	2151.88330
9154.04246	2456.95695
9161.30581	2429.12698
9704.38522	2192.03510
9172.59245	2407.21360
10141.52646	2155.37360
9791.01093	2189.68994
9181.24240	2380.79149
9192.39758	2362.95452
9161.43726	2425.05057
9870.25962	2174.22053
9482.79265	2205.30788
9451.78118	2216.35143
9283.73859	2293.36250
9272.58341	2311.19947
9982.91561	2164.56997
9843.83474	2184.11206
9437.97834	2218.71211
9345.47228	2249.09357
9267.95761	2327.59561
9354.74433	2245.39885
10077.26749	2161.07967
10014.53723	2161.23147
9575.42379	2200.58652
9622.55308	2197.28698
9704.25376	2196.11151
9178.43489	2397.96165
9181.11094	2384.86790
9310.73430	2265.14909
9304.11490	2277.02163
9272.45195	2315.27588
9647.31356	2197.09621
9262.80740	2331.76394
9232.84655	2341.72347
9905.41168	2168.64638
9575.42379	2200.58652
9232.97800	2337.64706
9482.92411	2201.23147
9528.20120	2200.77728
9937.63852	2165.02416
10096.24938	2155.82779
9528.20120	2200.77728
9283.87005	2289.28609
9995.76984	2161.68565
9303.98344	2281.09804
9198.24003	2353.70257
9434.72108	2227.97421
9329.75972	2255.18956
9889.89637	2169.68994
9364.49769	2239.13405
9870.39108	2170.14412
9434.72108	2227.97421
9384.70518	2235.43933
9825.39662	2185.15608
9806.52625	2188.64638
9417.04320	2232.40694
9228.06943	2347.81946
9192.52904	2358.87811
9198.10858	2357.77898
9222.35843	2352.99500
9172.72390	2403.13720
9289.58104	2284.11055
9320.00636	2261.45437
9622.55308	2197.28698
9647.31356	2197.09621
9403.24037	2234.76762
10096.11792	2159.90420
9262.93885	2327.68754
9324.04872	2260.36511
10096.24938	2155.82779
	
NSGA-II_21:	78
10925.41001	2127.88446
9098.29828	2435.50085
10560.19174	2131.73611
10831.05813	2131.37477
9130.12322	2419.36565
9131.52846	2379.20946
10216.32071	2150.04563
10422.18166	2147.96444
9159.51764	2360.19739
9168.31598	2336.08051
10465.83986	2135.22641
9504.97299	2221.78821
10121.96883	2153.53593
9664.97299	2200.55715
9997.63116	2169.29070
9187.34139	2326.12099
10560.19174	2131.73611
9632.17563	2210.06757
10080.79009	2164.56934
9105.52299	2432.49683
9140.12227	2370.99091
9586.76709	2214.59817
9168.68594	2335.24651
9586.89854	2210.52176
9505.10444	2217.71180
9427.57639	2245.64989
9834.06695	2185.80040
9710.38153	2196.02656
9367.65261	2265.57390
9997.63116	2169.29070
9961.96883	2174.76699
9473.96151	2232.83176
9208.76495	2314.84946
9277.79225	2292.53976
9452.83712	2245.37994
9244.20063	2304.04770
9792.17563	2188.83652
9327.43464	2277.36096
9154.13054	2362.33543
9131.89842	2378.37545
9961.96883	2174.76699
9915.83707	2176.48074
9201.71999	2324.81908
10100.92154	2158.71148
9886.52751	2185.34621
10443.22894	2142.78890
9895.70561	2182.33861
9665.10444	2196.48074
9301.27102	2284.46800
9117.32369	2425.54133
9341.23747	2275.00028
9346.21678	2266.98735
9550.38153	2217.25761
9746.76709	2193.36711
9129.47501	2420.19965
9410.51629	2250.37125
9372.38041	2259.88032
9695.66172	2196.48074
9550.38153	2217.25761
9792.17563	2188.83652
9746.89854	2189.29070
9218.03700	2311.15474
9269.05868	2294.09144
9251.99859	2298.81280
9294.85235	2287.81840
10444.79258	2140.40196
9323.38018	2282.08232
9386.67802	2255.61438
9150.92383	2368.41593
9456.10421	2239.91380
9315.07385	2282.10732
9204.71048	2319.57082
9223.73590	2309.61130
9460.15868	2235.19244
10424.66112	2146.25982
9227.79036	2304.88994
10465.70841	2139.30282
9886.52751	2185.34621
	
NSGA-II_22:	55
10257.34712	2168.92826
9197.06153	2468.49294
9892.12885	2172.77991
9211.65796	2436.58656
9219.81809	2398.33154
9262.43287	2340.26685
9237.31544	2367.40614
9411.17934	2263.93780
9201.11444	2463.67548
9225.08985	2371.24262
9496.87985	2263.00225
9654.54178	2212.34503
9581.25389	2214.81371
9262.43287	2340.26685
9370.42488	2282.15634
9278.00781	2324.16058
9855.56031	2178.63778
9790.68344	2180.09924
9278.00781	2324.16058
9337.63218	2322.76096
9544.68534	2220.67158
9855.56031	2178.63778
9354.84994	2298.26261
9693.59417	2208.16108
9524.55389	2226.52944
9523.65928	2240.22428
9391.04789	2269.79566
9733.98345	2191.81496
9370.42488	2282.15634
9544.68534	2220.67158
9524.55389	2226.52944
9754.11490	2185.95710
9708.79119	2202.75052
9338.12993	2316.87770
9508.97895	2242.63571
9507.33613	2251.02779
9353.20712	2306.65469
9708.79119	2202.75052
9722.01169	2197.67283
9354.84994	2298.26261
9225.08985	2371.24262
9508.97895	2242.63571
9390.55633	2276.29848
9337.63218	2322.76096
9353.07566	2312.51256
9507.20467	2256.88566
9390.55633	2276.29848
9754.11490	2185.95710
9507.20467	2256.88566
9498.41776	2259.22834
9350.35552	2313.04122
9498.20374	2261.40465
9498.41776	2259.22834
9498.20374	2261.40465
9353.07566	2312.51256
	
NSGA-II_23:	76
10362.38707	2208.71347
9472.11848	2527.76324
10122.82840	2225.01863
10327.64909	2224.76898
10122.69695	2229.09504
10049.42841	2233.23718
10020.98122	2237.37931
9947.71268	2241.52145
9658.93952	2428.30554
9813.30337	2296.59902
9843.95259	2284.46135
9600.58862	2429.63065
9806.60337	2314.81757
9941.14414	2255.66358
9570.03134	2429.63065
9893.97288	2265.14367
9850.65258	2266.24281
9472.24994	2523.68683
9806.73483	2310.74116
9792.19973	2325.87387
9713.93112	2359.04988
10021.11267	2233.30290
9688.86614	2385.76298
9912.97471	2257.57696
9746.49871	2357.84764
9478.68703	2513.62110
9660.77326	2423.98152
9813.17191	2300.67543
9563.46280	2443.77279
9560.25689	2444.34556
9495.81611	2482.45577
9514.95838	2477.42427
9710.86898	2366.97793
9665.37660	2418.23981
9490.10512	2487.63132
9682.16614	2403.98152
9667.47325	2405.76298
10358.81660	2216.35279
9566.69398	2434.27983
9894.10433	2261.06726
9850.52113	2270.31922
9947.58123	2245.59786
9844.08404	2280.38494
9529.58238	2450.86171
9704.30044	2381.12007
9478.81848	2509.54469
9523.01383	2465.00384
9518.29574	2472.77508
9529.45092	2454.93812
9489.24757	2496.59791
9665.50806	2414.16340
9667.34180	2409.83938
9777.57482	2329.69483
9704.43189	2377.04366
9770.41626	2347.51077
9746.63016	2353.77123
9535.29337	2445.68616
9682.29760	2399.90511
9779.91549	2329.51698
9776.85335	2337.44504
9688.73469	2389.83938
9688.07843	2397.22950
9773.34695	2343.65912
9525.51892	2460.40107
9532.08746	2446.25894
9489.11612	2500.67432
9483.53658	2501.77345
9707.36258	2373.19201
9760.24635	2353.27568
9483.40512	2505.84986
9770.28481	2351.58718
9528.72483	2459.82830
9489.97367	2491.70772
9707.36258	2373.19201
9711.00043	2362.90152
9770.28481	2351.58718
	
NSGA-II_24:	65
11128.99553	2125.73633
9596.41936	2539.19045
10763.77726	2129.58798
9599.47531	2511.08795
9601.10831	2466.99500
10434.11849	2173.79871
10578.69392	2169.14884
10384.00942	2180.30153
10254.08839	2182.95281
9606.01546	2463.14336
9609.54188	2440.35439
9943.50890	2241.82645
9663.26470	2353.73785
9667.85460	2333.67212
9648.21082	2367.87998
10697.51188	2141.21075
9697.81545	2323.71260
9743.40337	2313.25515
9631.19808	2389.11104
9614.24855	2416.48578
9612.45296	2432.78080
9632.99367	2372.81602
9988.46004	2237.39371
10624.28184	2158.69139
10638.08468	2156.33071
9931.82770	2257.93271
9796.03438	2289.50474
10194.33565	2193.88836
9912.03045	2265.99383
10125.41531	2208.81067
10203.97932	2189.45562
9815.32912	2285.99383
9914.85234	2261.56665
9882.08237	2275.53639
10434.11849	2173.79871
10254.08839	2182.95281
10227.97450	2188.81067
10612.41234	2165.48971
10160.06206	2199.74623
10743.64581	2135.44584
9617.74230	2410.25629
10408.00460	2179.65658
9727.24536	2320.85399
10010.26215	2231.36900
9936.78150	2251.79094
9890.38933	2275.05828
10677.38043	2147.06862
9622.64945	2406.40465
10018.56911	2230.89090
9713.44252	2323.21467
9655.87581	2359.13827
9628.28700	2396.68463
9845.28997	2276.03431
9841.62230	2279.04729
10665.51092	2153.86694
9768.14165	2299.46923
9749.11623	2309.42875
10137.38707	2202.95281
10137.38707	2202.95281
10063.36073	2219.74623
10040.21023	2221.82645
10085.16136	2217.39371
10034.04796	2226.93627
10107.27800	2209.45562
10097.63432	2213.88836
	
NSGA-II_25:	60
10024.01383	2133.67831
9098.32482	2462.88353
9108.70785	2458.33633
9109.09684	2364.91829
9860.44962	2150.18801
9515.99384	2202.11009
9603.16225	2198.61978
9375.99384	2223.34114
9463.16225	2219.85084
9773.28121	2153.67831
9676.22111	2178.39967
9515.86239	2206.18650
9773.14975	2157.75472
9484.85091	2217.23005
9375.86239	2227.41755
9344.85091	2238.46110
9193.83893	2310.63747
9198.09304	2292.43430
9144.11791	2335.56325
9142.10332	2353.78190
9728.33544	2171.15895
9323.63316	2251.62541
9277.77492	2257.54901
9217.11846	2282.47478
9742.13828	2168.79827
9603.16225	2198.61978
9631.27535	2195.88031
9675.06228	2187.88618
9277.77492	2257.54901
9257.56742	2261.24373
9654.85479	2191.58090
9237.32595	2278.78006
9238.54201	2271.20325
9128.12225	2354.95877
9163.14332	2325.60373
9118.36889	2361.22357
9153.38996	2331.86853
9257.56742	2261.24373
9247.81406	2267.50853
9104.85288	2460.02968
9183.53765	2319.52322
9163.14332	2325.60373
9179.17139	2323.64998
9326.99361	2245.54314
9645.07818	2193.51963
9484.85091	2217.23005
9331.04808	2240.82178
9471.04808	2219.59073
9207.36510	2288.73958
9184.56687	2314.33219
9331.04808	2240.82178
9128.12225	2354.95877
9676.08966	2182.47608
9183.35081	2321.90901
9375.86239	2227.41755
9515.99384	2202.11009
9773.14975	2157.75472
9375.99384	2223.34114
9773.28121	2153.67831
9515.86239	2206.18650
	
NSGA-II_26:	76
10902.30221	2125.38779
9169.91939	2388.14000
10807.95032	2128.87809
10537.08394	2129.23944
9217.55183	2366.90894
9218.30618	2337.42932
10196.05379	2142.48888
10416.42849	2133.92509
10095.60442	2144.27034
10342.28269	2134.51120
9576.62169	2223.38300
10004.85962	2146.49910
9795.41690	2166.49910
9875.40184	2163.00879
9967.52017	2159.79175
9221.76141	2337.14980
9245.51808	2327.00190
9269.39385	2315.91875
9397.57363	2271.75136
10510.78037	2130.43479
9875.40184	2163.00879
9945.43242	2161.61906
9509.86595	2246.26271
10442.73206	2132.72974
9346.48596	2293.26194
10251.53788	2136.73996
10315.97912	2135.70655
10875.99864	2126.58314
9593.68178	2218.66164
9676.59894	2194.43718
9705.12677	2188.70110
9622.20961	2212.92555
9352.46336	2290.96972
9553.87317	2229.32170
9516.68162	2239.90092
9778.35680	2171.22046
9435.05522	2257.25978
10225.23432	2137.93531
9416.05378	2262.05957
9460.12781	2251.80321
9252.33375	2320.64011
9533.35785	2234.32257
9380.51353	2276.47272
9287.87400	2306.22695
9758.22535	2177.07832
9735.98970	2181.61906
9316.32096	2296.46852
9187.82866	2383.56032
9984.72817	2152.35696
9513.22639	2240.18044
9593.68178	2218.66164
9722.18686	2183.97974
9639.26970	2208.20419
9203.94696	2371.35079
9197.13128	2377.71257
9189.34255	2383.35922
9248.87853	2320.91962
9656.17840	2205.24081
9659.53885	2199.15854
9247.03197	2326.80080
9198.64517	2377.51148
9414.53989	2262.26066
9217.55183	2366.90894
9278.83938	2310.96010
9361.90888	2286.01108
9306.87544	2301.42717
9200.49173	2371.63030
9377.05830	2276.75224
9375.21174	2282.63342
9412.69333	2268.14184
9286.36011	2306.42804
9639.26970	2208.20419
9775.28545	2172.35696
10510.78037	2130.43479
10315.97912	2135.70655
9480.64314	2246.80234
	
NSGA-II_27:	69
10924.69614	2143.31325
9212.36419	2392.45509
10559.47787	2147.16490
10792.60351	2146.80355
10270.84523	2155.62133
10545.12613	2148.16995
10402.93786	2152.13103
10020.11261	2175.62133
10427.38524	2150.65520
10910.34440	2144.31830
10141.38745	2172.13103
9685.03860	2236.70313
9653.89566	2251.82309
9988.96968	2190.74129
10019.98115	2179.69774
9670.67488	2238.43467
9625.72911	2255.91531
9763.78960	2234.35337
9491.74854	2292.61575
9556.85882	2280.87051
9406.39498	2318.33075
9829.83822	2220.67557
9897.18426	2203.12920
9541.44472	2291.01535
9607.51054	2264.64122
10250.71377	2161.47920
10176.65262	2170.65520
9239.57609	2382.02767
9388.17641	2327.05665
9465.70447	2299.11856
9434.56154	2314.23852
9238.40827	2385.95228
9961.49508	2192.37093
9547.58676	2284.56523
9593.14682	2266.37276
9367.48554	2333.32643
9897.31571	2199.05279
9397.16039	2325.27520
9640.09283	2254.18377
9860.84969	2209.63201
9852.36995	2216.53343
9289.95748	2361.26451
9491.61709	2296.69216
9800.12416	2227.85056
9860.98115	2205.55561
9763.92105	2230.27697
9337.52469	2343.28595
9347.27805	2337.02115
9961.36362	2196.44734
9541.87390	2288.39163
9371.11632	2331.77801
9272.89739	2365.98587
9242.93654	2375.94539
9259.99663	2371.22404
9800.12416	2227.85056
9927.87299	2199.05279
9816.03538	2223.03625
9566.61218	2274.60571
9446.80278	2310.09639
9460.60561	2307.73571
9465.57301	2303.19497
9316.00156	2354.76170
9306.38176	2358.40591
9328.25263	2346.98067
9322.53977	2350.80707
9586.81967	2270.91099
9420.75870	2316.59920
9292.57892	2360.76659
9460.60561	2307.73571
	
NSGA-II_28:	80
11305.75989	2172.46311
9283.68298	2563.60842
9284.18132	2511.41297
10884.21081	2196.66409
11117.83364	2194.12221
10472.75834	2235.89481
9294.07370	2483.90110
10346.88424	2240.19072
10876.49841	2203.03498
11294.93970	2178.90019
10757.40405	2203.98341
9321.99033	2456.42046
9898.85182	2291.41431
9992.20647	2290.70422
9349.73966	2435.40688
9626.60388	2343.71016
10196.11481	2261.06545
9303.99619	2472.27832
10139.50368	2264.55575
11199.92793	2179.25652
10630.93667	2221.02912
10560.74104	2224.85814
10221.24239	2260.47934
9559.91911	2344.00076
11199.79647	2183.33293
9477.16116	2374.09173
10504.12991	2228.34844
9748.08239	2312.28904
9691.47126	2315.77934
9818.27802	2308.46002
9438.01396	2380.59455
9520.77191	2350.50357
9879.04194	2304.90952
10139.37222	2268.63216
10048.94905	2283.13751
11149.20522	2186.57584
9379.60331	2412.75070
9401.64062	2403.25073
9665.75108	2337.20734
10503.99846	2232.42485
10346.75279	2244.26713
10726.03247	2211.52978
9680.77436	2330.79130
9691.33980	2319.85575
9680.90581	2326.71489
9786.61449	2311.34660
10266.31044	2257.23643
9559.78766	2348.07717
9426.14445	2387.39287
9508.90241	2357.30189
9496.26808	2366.36144
9413.51012	2396.45241
9484.39857	2373.15976
10687.54780	2217.53882
9367.73380	2419.54902
9361.60917	2428.60856
11149.07377	2190.65225
10025.65858	2284.09498
10100.35648	2271.05857
9853.91436	2305.49562
10309.05324	2253.88555
9641.65783	2339.92435
11117.83364	2194.12221
10068.98490	2278.60494
10749.69165	2210.35430
10100.22502	2275.13498
10315.51266	2247.73709
9898.72037	2295.49072
10305.55045	2255.46936
9426.14445	2387.39287
9797.30323	2308.98592
10004.68379	2284.62089
11305.75989	2172.46311
9992.33792	2286.62781
10068.98490	2278.60494
10884.07935	2200.74050
10757.27259	2208.05982
9655.06234	2339.56802
10277.85352	2256.98904
10726.03247	2211.52978
	
NSGA-II_29:	58
10978.22206	2179.14669
9285.45386	2360.97849
10122.53125	2198.11923
10398.95367	2195.27683
9322.10429	2320.78492
9315.41471	2351.01897
10613.00379	2182.99833
10856.82375	2182.34837
9976.95348	2207.63110
9658.31091	2234.42942
10596.85155	2185.42474
9357.31789	2311.87595
9408.42763	2297.40162
9419.36307	2285.97638
9455.53682	2277.66809
9893.88867	2214.91755
9976.82203	2211.70751
10962.06982	2181.57309
10856.82375	2182.34837
10491.60548	2186.20001
9491.35295	2276.47274
9492.84372	2265.55444
9748.31091	2224.42942
9846.57163	2220.97307
10075.21421	2204.17475
9748.17945	2228.50583
9394.62479	2299.76230
9378.46678	2307.36114
9545.94230	2253.93166
9506.64656	2263.19376
9635.94230	2243.93166
9635.94230	2243.93166
9631.51653	2250.41909
9658.17945	2238.50583
9545.94230	2253.93166
10456.53276	2193.17953
10414.26736	2194.28664
9596.64656	2253.19376
10460.13956	2189.61662
9455.53682	2277.66809
9886.93855	2220.77542
10115.58113	2203.97710
10115.58113	2203.97710
10115.71258	2199.90069
9886.95348	2217.63110
10456.53276	2193.17953
9364.66394	2309.72182
10476.29180	2187.19021
10962.90837	2180.13688
10475.45325	2188.62642
10597.69010	2183.98853
9887.07001	2216.69901
10122.53125	2198.11923
9617.71370	2252.77977
9617.71370	2252.77977
10115.71258	2199.90069
10597.69010	2183.98853
10475.45325	2188.62642
	
NSGA-II_30:	42
10890.34851	2233.53108
9511.15302	2372.94740
9899.77032	2277.86306
10378.84149	2276.32339
9590.09185	2337.24822
9634.90616	2323.84398
9536.81869	2353.97544
10758.25587	2237.02139
9687.15194	2312.52686
9731.96626	2299.12263
10886.80616	2235.95749
9635.03761	2319.76758
9813.89181	2287.85618
9844.44909	2287.85618
10591.14931	2255.95749
10507.41236	2257.02139
9536.68723	2358.05185
9536.45992	2367.43214
10498.12304	2263.58993
10425.61826	2264.21143
9762.65499	2295.04622
10594.58077	2253.53108
10676.35088	2244.21143
10738.01353	2242.87925
10652.78797	2252.49570
10413.21351	2273.44968
10656.21943	2250.06929
10672.91942	2246.63783
9732.09771	2295.04622
9511.28448	2368.87099
10382.38384	2273.89698
10754.71352	2239.44779
10416.32894	2270.77997
10419.76040	2268.35356
10501.55449	2261.16352
10382.27294	2273.89698
10503.98090	2259.44779
10422.18680	2266.63783
10754.82442	2239.44779
10886.91705	2235.95749
10758.14498	2237.02139
10890.23762	2233.53108
	
Math-AUGMECON-II_1:	31
9992.84411	2108.43772
9988.02634	2113.30539
9611.66402	2153.62626
9596.13942	2158.87847
9582.08015	2166.10682
9578.93142	2166.31326
9514.60393	2178.34762
9499.07932	2183.59983
9488.31827	2190.82818
9485.02006	2190.82818
9471.61188	2193.33839
9452.29900	2197.52638
9427.77318	2197.81500
9416.05746	2197.81500
9389.81778	2200.52843
9129.97468	2308.49614
9128.78590	2323.11746
9113.21252	2334.25843
9109.72791	2348.75001
9087.85737	2362.53118
9076.57074	2384.44456
9073.92965	2399.60236
9071.26176	2405.46023
9069.68463	2416.69129
9060.04459	2441.04856
9058.60035	2458.77904
9055.72348	2469.53246
9052.00367	2505.09984
9048.24647	2539.42447
9044.52665	2574.99185
9041.60294	2593.74928
	
Math-AUGMECON-II_2:	37
10533.07451	2084.42358
10200.57015	2096.60819
10113.40174	2096.60819
10087.33943	2104.61108
10062.32073	2106.80257
10034.03646	2106.80257
10008.15779	2107.44753
9992.84411	2108.43772
9972.71265	2114.29558
9965.78368	2118.10826
9962.48547	2118.10826
9896.60681	2118.75321
9872.76799	2122.27198
9847.89179	2123.95722
9209.19736	2267.75541
9199.92531	2271.45013
9189.44906	2277.30556
9181.78527	2280.00185
9177.73081	2284.72321
9166.07271	2286.09784
9154.71109	2293.36108
9147.04730	2296.05736
9141.33631	2301.23291
9135.68568	2303.32060
9129.97468	2308.49614
9127.96010	2326.71480
9118.68804	2330.40952
9113.21252	2334.25843
9109.72791	2348.75001
9093.56837	2357.35564
9087.85737	2362.53118
9085.84279	2380.74984
9076.57074	2384.44456
9069.68463	2416.69129
9068.83191	2428.64025
9064.54980	2433.14408
9062.79000	2434.37155
	
Math-AUGMECON-II_3:	35
10536.37289	2084.42355
10442.02080	2087.91387
10291.62382	2093.11789
10225.55621	2096.60819
10087.33943	2104.61108
10037.33466	2106.80257
10011.45600	2107.44753
9992.84411	2108.43772
9972.71265	2114.29558
9844.59358	2123.95722
9760.72347	2127.44752
9742.11149	2128.43772
9720.30623	2135.66607
9712.67373	2142.03696
9660.36508	2152.16888
9582.08015	2166.10682
9181.78527	2280.00185
9179.69570	2283.57036
9154.71109	2293.36108
9144.95773	2299.62588
9135.68568	2303.32060
9129.97468	2308.49614
9113.21251	2334.25844
9109.72791	2348.75001
9106.88279	2352.57166
9093.56837	2357.35564
9087.85737	2362.53118
9085.84279	2380.74984
9076.57074	2384.44456
9075.68946	2398.37490
9071.26176	2405.46023
9069.68463	2416.69129
9060.04459	2441.04856
9058.60035	2458.77904
9058.46889	2462.85545
	
Math-AUGMECON-II_4:	22
11327.46272	2065.31030
11196.20956	2068.45584
11070.24589	2068.45584
10841.26089	2081.88243
10816.47944	2080.65135
10590.88519	2087.76208
10337.13155	2087.76208
10304.69055	2093.57767
10197.27194	2096.60819
10090.63764	2104.61108
9209.19736	2267.75541
9166.07271	2286.09784
9154.71109	2293.36108
9129.97468	2308.49614
9118.68804	2330.40952
9113.21252	2334.25843
9109.72791	2348.75001
9087.85737	2362.53118
9076.57074	2384.44456
9071.26176	2405.46023
9069.68463	2416.69129
9060.04459	2441.04856
	
Math-AUGMECON-II_5:	56
10955.36904	2077.62172
10898.29278	2080.57193
10803.94090	2084.06223
10533.07451	2084.42358
10291.62418	2093.11783
10173.21804	2098.10826
10147.33943	2098.75321
10062.32073	2106.80257
10034.03646	2106.80257
9965.78368	2118.10826
9896.60681	2118.75321
9857.45430	2123.26218
9757.42517	2127.44753
9730.84988	2134.80861
9687.74808	2146.30693
9660.36508	2152.16888
9611.66402	2153.62626
9596.13942	2158.87847
9582.08015	2166.10682
9514.60393	2178.34762
9499.07932	2183.59983
9480.38150	2192.90768
9416.05746	2197.81500
9389.81778	2200.52843
9318.99736	2222.53636
9318.99736	2219.82293
9274.92356	2236.33028
9274.92356	2227.06461
9271.39136	2238.43101
9243.93533	2251.69990
9243.93533	2247.29610
9222.17701	2256.86111
9218.95072	2261.49061
9199.92531	2271.45013
9199.92531	2264.56751
9191.05733	2276.30713
9181.78527	2280.00185
9177.73081	2284.72321
9144.95773	2299.62588
9135.68568	2303.32060
9129.97468	2308.49614
9123.07490	2328.29300
9118.68804	2330.40952
9113.21252	2334.25843
9093.56837	2357.35564
9087.85737	2362.53118
9076.57074	2384.44456
9073.92965	2399.60236
9071.26176	2405.46023
9069.68463	2416.69129
9069.60854	2428.08626
9067.07211	2429.86772
9064.54980	2433.14408
9060.04459	2441.04856
9058.60035	2458.77904
9055.85493	2465.45605
	
Math-AUGMECON-II_6:	33
11332.88079	2066.16708
11311.89051	2069.09119
11216.25610	2074.13142
11180.29117	2074.13142
11161.71672	2077.55098
10980.35533	2077.62169
10291.62382	2093.11789
10087.33943	2104.61108
10034.03752	2106.80251
10008.15779	2107.44753
9972.71265	2114.29558
9962.48547	2118.10826
9899.90502	2118.75321
9872.76799	2122.27198
9844.59358	2123.95722
9836.60681	2124.61108
9802.70226	2126.99334
9109.72791	2348.75001
9106.88279	2352.57166
9093.56837	2357.35564
9087.85737	2362.53118
9085.84279	2380.74984
9076.57074	2384.44456
9075.68946	2398.37490
9073.92965	2399.60236
9071.26176	2405.46023
9069.68463	2416.69129
9067.07211	2429.86772
9062.79000	2434.37155
9060.04459	2441.04856
9058.60035	2458.77904
9044.52665	2574.99185
9041.60294	2593.74928
	
Math-AUGMECON-II_7:	52
10342.14068	2093.48146
10256.65441	2096.97175
10173.21809	2098.10826
10150.63764	2098.75321
10034.03646	2106.80257
9991.32455	2113.30539
9945.18211	2118.29903
9896.60681	2118.75321
9872.76799	2122.27198
9844.59358	2123.95722
9802.70226	2126.99334
9757.42517	2127.44753
9730.84988	2134.80861
9720.30623	2135.66607
9712.67373	2142.03696
9687.74808	2146.30693
9663.66328	2152.16888
9645.05139	2153.15908
9611.66402	2153.62626
9596.13942	2158.87847
9589.25956	2165.98694
9578.93142	2166.31326
9514.60407	2178.34759
9499.07932	2183.59983
9471.61188	2193.33839
9222.17701	2256.86111
9210.81539	2264.12434
9209.19736	2267.75541
9191.05733	2276.30713
9191.05733	2272.23072
9189.44906	2277.30556
9181.78527	2280.00185
9177.73081	2284.72321
9166.07271	2286.09784
9135.68568	2303.32060
9129.97468	2308.49614
9128.78590	2323.11746
9123.07490	2328.29300
9113.21252	2334.25843
9111.48771	2347.52254
9109.72791	2348.75001
9087.85737	2362.53118
9085.84279	2380.74984
9073.92965	2399.60236
9073.02156	2404.23276
9069.68463	2416.69129
9067.07211	2429.86772
9060.04459	2441.04856
9055.72348	2469.53246
9052.13512	2501.02343
9052.00367	2505.09984
9048.94850	2527.93368
	
Math-AUGMECON-II_8:	46
11103.67244	2077.55094
10738.45395	2081.40262
10291.62385	2093.11789
10286.44035	2094.61796
10197.27194	2096.60819
10136.61815	2102.62307
10132.40112	2102.62307
10087.33943	2104.61108
10034.03646	2106.80257
10011.45600	2107.44753
9962.48547	2118.10826
9896.60681	2118.75321
9872.76799	2122.27198
9836.60681	2124.61108
9760.72338	2127.44752
9757.42517	2127.44753
9712.67373	2142.03696
9687.74808	2146.30693
9660.36508	2152.16888
9645.05139	2153.15908
9614.96229	2153.62625
9611.66402	2153.62626
9596.13942	2158.87847
9179.69570	2283.57036
9166.07271	2286.09784
9147.04730	2296.05736
9135.68568	2303.32060
9129.97468	2308.49614
9113.21252	2334.25843
9109.72790	2348.75001
9102.84042	2353.66092
9087.85737	2362.53118
9085.84279	2380.74984
9076.57074	2384.44456
9073.92965	2399.60236
9071.26176	2405.46023
9069.68463	2416.69129
9069.60854	2428.08626
9060.04459	2441.04856
9058.60035	2458.77904
9055.72348	2469.53246
9055.02941	2498.22231
9052.13512	2501.02343
9052.00367	2505.09984
9049.07995	2523.85727
9048.94850	2527.93368
	
Math-AUGMECON-II_9:	45
10351.00542	2093.48138
10197.27194	2096.60819
10181.95825	2097.59838
10147.33943	2098.75321
10034.03646	2106.80257
9941.88390	2118.29903
9899.90502	2118.75321
9876.06620	2122.27198
9836.60681	2124.61108
9829.27990	2124.94742
9757.42517	2127.44753
9742.11149	2128.43772
9734.14809	2134.80861
9687.74808	2146.30693
9684.90415	2151.55914
9660.36508	2152.16888
9648.34960	2153.15908
9614.96223	2153.62626
9594.32458	2165.13746
9594.24511	2165.32306
9502.37753	2183.59983
9464.36253	2197.17005
9461.33454	2197.36082
9200.81069	2270.04233
9196.75622	2274.76369
9166.07271	2286.09784
9156.31936	2292.36264
9147.04730	2296.05737
9141.33631	2301.23291
9135.68568	2303.32060
9129.97468	2308.49614
9127.96010	2326.71480
9113.21252	2334.25843
9109.72791	2348.75001
9102.84042	2353.66092
9093.56837	2357.35564
9087.85735	2362.53123
9076.57074	2384.44456
9073.02156	2404.23276
9071.26176	2405.46023
9069.68463	2416.69129
9067.07211	2429.86772
9058.46889	2462.85545
9055.85493	2465.45605
9055.72348	2469.53246
	
Math-AUGMECON-II_10:	34
10965.44831	2076.49550
10803.94090	2084.06222
10533.07526	2084.42355
10438.72263	2087.91388
10291.62382	2093.11789
10225.55624	2096.60817
10197.27194	2096.60819
10181.95825	2097.59838
10173.21809	2098.10826
10147.33943	2098.75321
10110.73949	2103.26802
10087.33943	2104.61108
10062.32116	2106.80256
10008.15779	2107.44753
9992.84411	2108.43772
9988.02634	2113.30539
9962.48547	2118.10826
9129.97468	2308.49614
9118.68804	2330.40952
9113.21252	2334.25843
9111.48771	2347.52254
9109.72791	2348.75001
9102.84042	2353.66092
9093.56837	2357.35564
9087.85737	2362.53118
9085.84279	2380.74984
9076.57074	2384.44456
9073.92965	2399.60236
9071.26176	2405.46023
9069.68463	2416.69129
9062.79000	2434.37155
9060.04459	2441.04856
9058.60035	2458.77904
9055.72348	2469.53246
	
Math-AUGMECON-II_11:	47
10402.12269	2092.42868
10291.62332	2093.11782
10197.27217	2096.60816
10181.95825	2097.59838
10110.73949	2103.26802
10087.33943	2104.61108
10008.15779	2107.44753
9972.71265	2114.29558
9941.88390	2118.29903
9896.60681	2118.75321
9857.45430	2123.26218
9829.27990	2124.94742
9823.30383	2126.80257
9757.42517	2127.44753
9742.11149	2128.43772
9712.67373	2142.03696
9707.37351	2144.49323
9687.74808	2146.30693
9687.61663	2150.38334
9660.36508	2152.16888
9611.66402	2153.62626
9599.43763	2158.87847
9594.45603	2161.06105
9558.05567	2173.17207
9292.75768	2225.24979
9292.75768	2219.48488
9292.75768	2213.62702
9292.62623	2229.32620
9292.62623	2226.96552
9271.39136	2238.43101
9271.39136	2232.57315
9218.95072	2261.49061
9218.95072	2251.53109
9210.81539	2264.12434
9199.92531	2271.45013
9196.75622	2274.76369
9191.05733	2276.30713
9166.07271	2286.09784
9147.04730	2296.05736
9144.95773	2299.62588
9129.97468	2308.49614
9128.78590	2323.11746
9113.21252	2334.25843
9109.72791	2348.75001
9102.84042	2353.66092
9071.26176	2405.46023
9055.72348	2469.53246
	
Math-AUGMECON-II_12:	51
10442.02084	2087.91388
10342.14068	2093.48146
10286.44035	2094.61796
10279.43207	2095.26291
10181.95825	2097.59838
10173.21809	2098.10826
10109.89837	2098.10826
10087.33943	2104.61108
10034.03646	2106.80257
10011.45600	2107.44753
9992.84411	2108.43772
9988.02634	2113.30539
9972.71265	2114.29558
9971.03885	2115.66607
9941.88390	2118.29903
9896.60681	2118.75321
9857.45430	2123.26218
9757.42517	2127.44753
9720.30623	2135.66607
9687.74808	2146.30693
9611.66402	2153.62626
9252.36595	2248.39054
9252.36595	2247.93635
9236.65339	2254.48653
9234.66328	2255.39462
9222.17701	2256.86111
9218.95072	2261.49061
9199.92531	2271.45013
9196.75622	2274.76369
9191.05733	2276.30713
9189.44904	2277.30558
9181.78527	2280.00185
9179.69570	2283.57036
9166.07271	2286.09784
9129.97468	2308.49614
9128.78590	2323.11746
9114.97233	2333.03096
9113.21252	2334.25843
9102.84042	2353.66092
9093.56837	2357.35564
9085.84279	2380.74984
9076.57074	2384.44456
9073.02156	2404.23276
9071.26176	2405.46023
9067.07211	2429.86772
9062.79000	2434.37155
9058.60035	2458.77904
9058.46889	2462.85545
9055.85493	2465.45605
9055.72348	2469.53246
9053.26960	2499.44978
	
Math-AUGMECON-II_13:	54
10533.07483	2084.42354
10438.72275	2087.91387
10301.39260	2093.57765
10276.31014	2094.10808
10136.64955	2103.96613
10087.33943	2104.61108
10037.33466	2106.80257
9972.71265	2114.29558
9941.88390	2118.29903
9896.60681	2118.75321
9872.76799	2122.27198
9860.75251	2123.26218
9802.70226	2126.99334
9757.42517	2127.44753
9712.67373	2142.03696
9700.46393	2145.91836
9663.66383	2152.16876
9614.96223	2153.62626
9611.66402	2153.62626
9589.25956	2165.98694
9576.92605	2169.68177
9566.71826	2171.10690
9551.19365	2176.35911
9514.60393	2178.34762
9485.02006	2190.82818
9464.36253	2197.17005
9443.43353	2197.52638
9416.05746	2197.81500
9389.81778	2200.52843
9372.11511	2207.53252
9253.68869	2245.43510
9222.17701	2256.86111
9222.17701	2251.38482
9210.81539	2264.12434
9199.92531	2271.45013
9189.44906	2277.30556
9166.07271	2286.09784
9135.68568	2303.32060
9129.97468	2308.49614
9128.78590	2323.11746
9127.96010	2326.71480
9114.97233	2333.03096
9113.21252	2334.25843
9106.88279	2352.57166
9093.56837	2357.35564
9087.85737	2362.53118
9075.68946	2398.37490
9073.92965	2399.60236
9073.02156	2404.23276
9071.26176	2405.46023
9069.68462	2416.69128
9067.07211	2429.86772
9060.04459	2441.04856
9055.72348	2469.53246
	
Math-AUGMECON-II_14:	43
10533.07476	2084.42355
10405.42134	2092.42867
10402.12269	2092.42868
10301.39234	2093.57767
10034.03646	2106.80257
10008.15779	2107.44753
9992.84411	2108.43772
9976.01086	2114.29558
9962.48547	2118.10826
9941.88390	2118.29903
9896.60681	2118.75321
9872.76799	2122.27198
9857.45430	2123.26218
9844.59358	2123.95722
9802.70226	2126.99334
9757.42517	2127.44753
9745.40970	2128.43772
9730.84990	2134.80861
9189.44906	2277.30556
9181.78527	2280.00185
9177.73081	2284.72321
9160.36172	2291.27339
9156.31936	2292.36264
9154.71109	2293.36108
9141.33631	2301.23291
9135.68568	2303.32060
9129.97468	2308.49614
9123.07490	2328.29300
9113.21252	2334.25843
9111.48771	2347.52254
9109.72791	2348.75001
9106.88278	2352.57167
9102.84042	2353.66092
9093.56837	2357.35564
9087.85737	2362.53118
9076.57074	2384.44456
9071.26176	2405.46023
9068.83191	2428.64025
9062.79000	2434.37155
9061.80439	2439.82109
9060.04459	2441.04856
9055.72348	2469.53246
9052.00367	2505.09984
	
Math-AUGMECON-II_15:	48
10803.94090	2084.06223
10533.07474	2084.42354
10438.72277	2087.91386
10342.14068	2093.48146
10304.69055	2093.57767
10286.44035	2094.61796
10197.27194	2096.60819
10181.95825	2097.59838
10147.33943	2098.75321
10087.33943	2104.61108
10037.33466	2106.80257
10008.15779	2107.44753
9962.48547	2118.10826
9941.88390	2118.29903
9896.60681	2118.75321
9844.59358	2123.95722
9802.70226	2126.99334
9760.72338	2127.44753
9730.84988	2134.80861
9720.30623	2135.66607
9712.67373	2142.03696
9700.46393	2145.91836
9687.74808	2146.30693
9660.36508	2152.16888
9645.05139	2153.15908
9275.05502	2232.25388
9271.39136	2238.43101
9253.68869	2245.43510
9236.65339	2254.48653
9218.95072	2261.49061
9200.81069	2270.04233
9191.05733	2276.30713
9181.78527	2280.00185
9177.73081	2284.72321
9160.36172	2291.27339
9154.71109	2293.36108
9141.33631	2301.23291
9135.68568	2303.32060
9129.97468	2308.49614
9128.78590	2323.11746
9113.21252	2334.25843
9109.72791	2348.75001
9102.84042	2353.66092
9093.56837	2357.35564
9087.85737	2362.53118
9085.84279	2380.74984
9076.57074	2384.44456
9071.26176	2405.46023
	
Math-AUGMECON-II_16:	45
10832.79166	2078.64785
10533.07451	2084.42358
10438.72263	2087.91388
10173.21809	2098.10826
10114.03769	2103.26802
10110.73949	2103.26802
10087.33943	2104.61108
10034.03646	2106.80257
10008.15779	2107.44753
9992.84411	2108.43772
9945.18211	2118.29903
9927.16409	2118.75321
9899.90502	2118.75321
9876.06620	2122.27198
9857.45430	2123.26218
9829.27990	2124.94742
9823.30383	2126.80257
9802.70226	2126.99334
9757.42517	2127.44753
9730.84988	2134.80861
9697.16572	2145.91836
9589.25956	2165.98694
9189.44906	2277.30556
9181.78527	2280.00185
9166.07271	2286.09784
9154.71109	2293.36108
9135.68568	2303.32060
9129.97468	2308.49614
9123.07490	2328.29300
9114.97232	2333.03096
9113.21252	2334.25843
9111.48771	2347.52254
9106.88279	2352.57166
9102.84042	2353.66092
9087.85737	2362.53118
9085.84279	2380.74984
9076.57074	2384.44456
9075.68946	2398.37490
9073.92965	2399.60236
9071.26176	2405.46023
9069.68463	2416.69129
9064.54980	2433.14408
9062.79000	2434.37155
9058.46889	2462.85545
9055.85493	2465.45605
	
Math-AUGMECON-II_17:	45
11097.17274	2077.64343
10976.70308	2072.80080
10803.94110	2084.06220
10442.02094	2087.91386
10291.62382	2093.11789
10197.27194	2096.60819
10147.33943	2098.75321
10110.73949	2103.26802
10034.03646	2106.80257
9988.02634	2113.30539
9896.60681	2118.75321
9872.76799	2122.27198
9857.45430	2123.26218
9847.89179	2123.95722
9826.60204	2126.80257
9802.70226	2126.99334
9697.16572	2145.91836
9663.66328	2152.16888
9611.66419	2153.62624
9596.13942	2158.87847
9582.08015	2166.10682
9292.75768	2225.24979
9292.75768	2219.92530
9292.75768	2214.06743
9292.75768	2210.12983
9292.75768	2208.12827
9292.62623	2229.32620
9292.62623	2227.74928
9275.05502	2232.25388
9271.39136	2238.43101
9236.65339	2254.48653
9236.65339	2253.49633
9218.95072	2261.49061
9210.81539	2264.12434
9209.19736	2267.75541
9199.92531	2271.45013
9196.75622	2274.76369
9191.05733	2276.30713
9181.78527	2280.00185
9166.07271	2286.09784
9135.68568	2303.32060
9129.97468	2308.49614
9113.21252	2334.25843
9087.85737	2362.53118
9076.57074	2384.44456
	
Math-AUGMECON-II_18:	35
11152.70888	2071.50199
11064.69893	2071.58508
10826.46309	2082.39470
10681.47778	2084.63954
10533.07451	2084.42358
10419.90840	2093.11788
10294.92203	2093.11789
10147.33943	2098.75321
10110.77089	2104.61108
10087.33943	2104.61108
10034.03646	2106.80257
10008.15779	2107.44753
9992.84411	2108.43772
9972.71265	2114.29558
9941.88390	2118.29903
9896.60681	2118.75321
9872.76799	2122.27198
9857.45430	2123.26218
9844.59358	2123.95722
9135.68568	2303.32060
9129.97468	2308.49614
9114.97233	2333.03096
9113.21252	2334.25843
9109.72791	2348.75001
9087.85737	2362.53118
9085.84279	2380.74984
9073.92965	2399.60236
9069.68463	2416.69129
9062.79000	2434.37155
9060.04459	2441.04856
9055.72348	2469.53246
9055.02941	2498.22231
9052.13512	2501.02343
9044.65811	2570.91544
9044.52665	2574.99185
	
Math-AUGMECON-II_19:	49
11330.76108	2065.31030
10927.15771	2077.91232
10816.47944	2080.65135
10781.24749	2088.09351
10752.51046	2088.54766
10533.07474	2084.42356
10342.14185	2093.48138
10279.43207	2095.26291
10247.78880	2096.97176
10181.95825	2097.59838
10071.41603	2097.59838
10008.15779	2107.44753
9962.48547	2118.10826
9941.88390	2118.29903
9896.60681	2118.75321
9876.06620	2122.27198
9857.45430	2123.26218
9844.59358	2123.95722
9836.60681	2124.61108
9823.30383	2126.80257
9802.70226	2126.99334
9760.72338	2127.44753
9730.84988	2134.80861
9707.37351	2144.49323
9697.16575	2145.91835
9271.39136	2238.43101
9271.39136	2225.74409
9271.39136	2218.51575
9271.39136	2212.02442
9243.93533	2251.69990
9243.93533	2249.36116
9222.17701	2256.86111
9210.81539	2264.12434
9199.92531	2271.45013
9199.92531	2265.96836
9196.75622	2274.76369
9166.07271	2286.09784
9154.71109	2293.36108
9147.04730	2296.05736
9129.97468	2308.49614
9128.78590	2323.11746
9118.68804	2330.40952
9113.21252	2334.25843
9087.85737	2362.53118
9076.57074	2384.44456
9069.68463	2416.69129
9067.07211	2429.86772
9062.79000	2434.37155
9060.04459	2441.04856
	
Math-AUGMECON-II_20:	53
10533.07451	2084.42358
10173.21809	2098.10826
10136.61815	2102.62307
10087.33943	2104.61108
10037.33466	2106.80257
10008.15779	2107.44753
9992.84411	2108.43772
9976.01086	2114.29558
9896.60681	2118.75321
9872.76799	2122.27198
9860.75251	2123.26218
9839.90502	2124.61108
9823.30383	2126.80257
9802.70226	2126.99334
9757.42517	2127.44753
9697.16572	2145.91836
9645.05139	2153.15908
9611.66402	2153.62626
9566.71826	2171.10690
9514.60393	2178.34762
9481.87133	2191.03462
9443.43353	2197.52638
9416.05746	2197.81500
9275.05500	2232.25388
9261.00883	2244.70496
9261.00883	2238.44016
9252.36595	2248.39054
9236.65339	2254.48653
9222.17701	2256.86111
9222.04556	2260.93752
9210.81539	2264.12434
9191.05733	2276.30713
9181.78527	2280.00185
9179.69570	2283.57036
9166.07271	2286.09784
9154.71109	2293.36108
9129.97468	2308.49614
9127.96010	2326.71480
9118.68804	2330.40952
9113.21252	2334.25843
9111.48771	2347.52254
9106.88279	2352.57166
9102.84042	2353.66092
9093.56837	2357.35564
9087.85737	2362.53118
9085.84279	2380.74984
9076.57074	2384.44456
9073.92965	2399.60236
9071.26176	2405.46023
9069.68463	2416.69129
9068.83191	2428.64025
9060.04459	2441.04856
9058.60035	2458.77904
	
Math-AUGMECON-II_21:	33
10816.47919	2080.65138
10533.07507	2084.42356
10319.90809	2093.11789
10197.27210	2096.60818
10113.21809	2103.96613
10087.33943	2104.61108
10034.03646	2106.80257
9992.84411	2108.43772
9275.05502	2232.25388
9271.39136	2238.43101
9253.68869	2245.43510
9253.68869	2245.16515
9249.63423	2250.15646
9222.17701	2256.86111
9222.17701	2252.59517
9210.81539	2264.12434
9196.75622	2274.76369
9189.44906	2277.30556
9181.78527	2280.00185
9179.69570	2283.57036
9166.07271	2286.09784
9156.31936	2292.36264
9154.71109	2293.36108
9147.04730	2296.05736
9135.68568	2303.32060
9129.97468	2308.49614
9128.78590	2323.11746
9113.21252	2334.25843
9093.56837	2357.35564
9087.85737	2362.53118
9069.68463	2416.69129
9067.07211	2429.86772
9062.79000	2434.37155
	
Math-AUGMECON-II_22:	28
10247.78791	2096.97165
9876.06620	2122.27198
9847.89179	2123.95722
9785.70965	2127.44750
9742.11149	2128.43772
9730.84988	2134.80861
9720.30623	2135.66607
9707.37351	2144.49323
9687.74816	2146.30692
9648.34960	2153.15908
9578.93142	2166.31326
9514.60393	2178.34762
9499.07932	2183.59983
9497.39593	2185.78241
9218.95072	2261.49061
9209.19736	2267.75541
9196.75622	2274.76369
9181.78527	2280.00185
9147.04730	2296.05736
9135.68568	2303.32060
9129.97468	2308.49614
9128.78590	2323.11746
9113.21252	2334.25843
9087.85737	2362.53118
9076.57074	2384.44456
9062.79000	2434.37155
9058.46889	2462.85545
9055.85493	2465.45605
	
Math-AUGMECON-II_23:	34
10291.62382	2093.11789
10110.73949	2103.26802
10034.03646	2106.80257
10011.45600	2107.44753
9941.88390	2118.29903
9896.60681	2118.75321
9872.76799	2122.27198
9844.59358	2123.95722
9836.60681	2124.61108
9802.70226	2126.99334
9757.42517	2127.44753
9742.11149	2128.43772
9712.67373	2142.03696
9710.96855	2143.55768
9707.37351	2144.49323
9697.16572	2145.91836
9087.85737	2362.53118
9085.84279	2380.74984
9076.57074	2384.44456
9073.92965	2399.60236
9071.26176	2405.46023
9069.68463	2416.69129
9069.60854	2428.08626
9068.83191	2428.64025
9064.54980	2433.14408
9060.04459	2441.04856
9058.60035	2458.77904
9057.61474	2464.22858
9055.72348	2469.53246
9053.26960	2499.44978
9052.13512	2501.02343
9052.00367	2505.09984
9050.83976	2522.62980
9049.07995	2523.85727
	
Math-AUGMECON-II_24:	40
11097.91297	2074.49379
10760.51598	2082.13943
10728.94227	2084.44878
10518.89891	2090.32026
10425.32549	2092.80080
10291.62382	2093.11789
10200.57015	2096.60819
10181.95825	2097.59838
10147.33943	2098.75321
10135.24324	2104.30247
10110.73949	2103.26802
10087.33943	2104.61108
10034.03646	2106.80257
10011.45600	2107.44753
10008.15779	2107.44753
9988.02634	2113.30539
9941.88390	2118.29903
9243.93533	2251.69990
9222.17701	2256.86111
9218.95072	2261.49061
9210.81539	2264.12434
9189.44906	2277.30556
9189.44906	2274.29258
9177.73081	2284.72321
9166.07271	2286.09784
9147.04730	2296.05736
9129.97468	2308.49614
9128.78590	2323.11746
9114.97233	2333.03096
9102.84042	2353.66092
9093.56837	2357.35564
9087.85737	2362.53118
9076.57074	2384.44456
9071.26176	2405.46023
9067.07211	2429.86772
9061.80439	2439.82109
9058.46889	2462.85545
9055.85493	2465.45605
9052.00367	2505.09984
9048.37792	2535.34806
	
Math-AUGMECON-II_25:	37
10011.45600	2107.44753
9857.45430	2123.26218
9757.42517	2127.44753
9742.11171	2128.43770
9720.30623	2135.66607
9660.36508	2152.16888
9645.05139	2153.15908
9614.96223	2153.62626
9596.13942	2158.87847
9514.60393	2178.34762
9481.87133	2191.03462
9464.36253	2197.17005
9461.33454	2197.36082
9372.11511	2207.53252
9335.54657	2213.39038
9329.81778	2221.75949
9271.39136	2238.43101
9253.68869	2245.43510
9249.63423	2250.15646
9222.17701	2256.86111
9222.04556	2260.93752
9210.81539	2264.12434
9200.81069	2270.04233
9189.44906	2277.30556
9181.78527	2280.00185
9166.07271	2286.09784
9156.31936	2292.36264
9129.97468	2308.49614
9128.78590	2323.11746
9118.68804	2330.40952
9113.21252	2334.25843
9102.84042	2353.66092
9093.56837	2357.35564
9087.85737	2362.53118
9060.04459	2441.04856
9058.60035	2458.77904
9058.46889	2462.85545
	
Math-AUGMECON-II_26:	48
10836.94527	2085.01481
10760.23845	2081.49511
10517.37459	2090.54828
10438.72263	2087.91388
10359.29040	2093.48145
10304.69055	2093.57767
10247.78880	2096.97176
10200.57019	2096.60818
10181.95825	2097.59838
10087.33943	2104.61108
9992.84411	2108.43772
9972.71265	2114.29558
9962.48547	2118.10826
9941.88390	2118.29903
9872.76799	2122.27198
9757.42517	2127.44753
9730.84988	2134.80861
9720.30623	2135.66607
9697.16572	2145.91836
9660.36523	2152.16887
9645.05139	2153.15908
9614.96223	2153.62626
9589.25956	2165.98694
9566.71826	2171.10690
9551.19365	2176.35911
9514.60402	2178.34760
9271.39136	2238.43101
9271.39136	2232.57315
9253.68869	2245.43510
9243.93533	2251.69990
9222.17701	2256.86111
9218.95072	2261.49061
9209.19736	2267.75541
9199.92531	2271.45013
9191.05733	2276.30713
9181.78527	2280.00185
9177.73081	2284.72321
9166.07271	2286.09784
9156.31936	2292.36264
9147.04730	2296.05736
9141.33631	2301.23291
9135.68568	2303.32060
9129.97468	2308.49614
9127.96010	2326.71480
9113.21252	2334.25843
9087.85737	2362.53118
9085.84279	2380.74984
9076.57074	2384.44456
	
Math-AUGMECON-II_27:	42
10819.77746	2080.65137
10533.07490	2084.42356
10291.62382	2093.11789
10225.55621	2096.60819
10173.21809	2098.10826
10140.25043	2103.95722
10008.15779	2107.44753
9988.02634	2113.30539
9945.18211	2118.29903
9896.60681	2118.75321
9857.45430	2123.26218
9844.59358	2123.95722
9829.27990	2124.94742
9802.70226	2126.99334
9760.72338	2127.44753
9684.90415	2151.55914
9660.36508	2152.16888
9645.05139	2153.15908
9614.96223	2153.62626
9596.13942	2158.87847
9589.25956	2165.98694
9200.81069	2270.04233
9199.92531	2271.45013
9181.78527	2280.00185
9179.69570	2283.57036
9166.07271	2286.09784
9156.31936	2292.36264
9147.04730	2296.05736
9141.33631	2301.23291
9135.68568	2303.32060
9129.97468	2308.49614
9128.78590	2323.11746
9127.96010	2326.71480
9118.68804	2330.40952
9114.97233	2333.03096
9113.21252	2334.25843
9109.72791	2348.75001
9102.84042	2353.66092
9093.56837	2357.35564
9087.85737	2362.53118
9085.84279	2380.74984
9076.57074	2384.44456
	
Math-AUGMECON-II_28:	41
11058.72518	2073.63138
10882.91885	2078.55727
10867.60517	2079.54747
10738.45395	2081.40262
10708.87763	2085.27652
10668.12929	2085.37274
10547.41374	2094.26674
10438.72263	2087.91388
10342.14068	2093.48146
10304.69145	2093.57758
10256.07293	2096.97173
10197.27194	2096.60819
10185.25646	2097.59838
10136.61815	2102.62307
10087.33943	2104.61108
10037.33466	2106.80257
10008.15779	2107.44753
9992.84411	2108.43772
9179.69570	2283.57036
9166.07271	2286.09784
9160.36172	2291.27339
9154.71109	2293.36108
9135.68568	2303.32060
9129.97468	2308.49614
9127.96010	2326.71480
9118.68804	2330.40952
9113.21252	2334.25843
9111.48771	2347.52254
9109.72791	2348.75001
9102.84042	2353.66092
9087.85737	2362.53118
9076.57074	2384.44456
9073.92965	2399.60236
9071.26176	2405.46023
9069.68463	2416.69129
9069.60854	2428.08626
9062.79000	2434.37155
9060.04459	2441.04856
9055.72348	2469.53246
9052.00367	2505.09984
9048.24647	2539.42447
	
Math-AUGMECON-II_29:	30
10970.34719	2075.07537
10949.34190	2077.80716
10536.37272	2084.42358
10471.22573	2090.08737
10438.72231	2087.91382
10342.14088	2093.48145
10110.73949	2103.26802
10034.03646	2106.80257
9972.71265	2114.29558
9872.76799	2122.27198
9335.41512	2217.46679
9292.75768	2225.24979
9292.75768	2221.17338
9292.75768	2217.71703
9275.05502	2232.25388
9271.39136	2238.43101
9267.33690	2243.15237
9249.63423	2250.15646
9243.93533	2251.69990
9218.95072	2261.49061
9210.81539	2264.12434
9191.05733	2276.30713
9189.44906	2277.30556
9177.73081	2284.72321
9147.04730	2296.05736
9144.95773	2299.62588
9135.68568	2303.32060
9129.97468	2308.49614
9109.72791	2348.75001
9093.56837	2357.35564
	
Math-AUGMECON-II_30:	22
10760.23845	2081.49511
10752.51028	2088.54770
10682.21961	2090.32223
10670.50333	2090.32221
10641.76547	2090.77646
10533.07499	2084.42355
10438.72263	2087.91388
10291.62382	2093.11789
9209.19736	2267.75541
9200.81069	2270.04233
9199.92531	2271.45013
9191.05733	2276.30713
9189.44906	2277.30556
9166.07271	2286.09784
9154.71109	2293.36108
9147.04730	2296.05736
9129.97468	2308.49614
9128.78590	2323.11746
9113.21252	2334.25843
9102.84042	2353.66092
9093.56837	2357.35564
9087.85737	2362.53118