Numfront:	
61	
	
AUGMECON-II:	20
6107.32330	2336.13917
6114.19790	2316.32822
6124.99107	2287.90515
6138.28373	2273.63109
6158.58281	2257.90515
6186.98695	2235.83149
6216.98916	2217.74487
6246.98657	2199.67777
6284.02076	2180.38720
6340.50670	2160.71284
6403.20798	2141.19787
6466.50426	2121.38502
6536.23173	2101.09628
6593.15867	2083.00278
6687.62469	2063.20731
6825.48009	2043.10588
6973.60085	2024.08370
7181.52343	2005.22021
7486.70236	1985.06153
7945.34959	1966.24673
	
NSGA-II_1:	76
7549.21570	2012.88100
6605.96295	2324.46859
7177.19245	2031.88330
7427.86054	2014.79438
6614.19672	2286.15907
6609.36718	2312.10791
7508.21489	2014.50378
7257.54680	2031.59270
6751.95097	2153.23209
6807.31728	2134.23337
6637.60095	2243.79839
6809.88249	2119.28760
6844.12016	2105.23842
6831.45942	2114.23337
6951.60691	2075.43607
6745.31670	2165.94910
6617.60095	2273.79839
7056.16748	2050.26052
7546.34033	2014.11206
6853.59978	2103.52269
6634.19672	2256.15907
6722.09725	2177.29352
7295.67224	2031.20098
6627.97522	2266.53334
7329.23196	2028.54479
6778.07221	2147.57187
6927.17091	2083.52269
7380.84303	2025.22180
6717.93439	2187.95345
7403.81135	2016.51011
6791.59920	2135.23842
6945.80536	2081.29393
6877.14111	2101.71401
6732.88101	2173.34904
7127.87150	2039.45689
7081.43924	2044.40266
7388.01922	2020.65224
6892.93325	2097.57187
6672.11736	2216.53334
7298.54761	2029.96992
7153.14326	2033.59903
6703.36568	2193.34904
6778.10201	2142.52141
6757.36154	2149.28760
7356.15652	2025.59801
7124.99613	2040.68795
7074.26306	2048.97222
6697.95512	2197.29352
6690.24704	2205.82266
7148.84245	2036.93753
6712.97068	2191.27401
7041.97844	2059.25924
6660.69434	2229.76715
7353.28114	2026.82907
7332.10733	2027.31374
7102.61305	2043.91799
7424.98516	2016.02544
7028.85611	2059.57820
6661.74309	2223.79839
7024.55530	2062.91671
6893.82792	2091.29393
6995.51311	2067.34944
6684.83647	2209.76715
6647.97522	2236.53334
6967.39905	2071.29393
6979.75404	2068.34715
6733.21940	2169.28760
7105.48843	2042.68693
7013.06397	2063.72034
6821.97980	2115.94910
6917.69129	2085.23842
7399.51054	2019.84861
6901.89915	2089.38055
7047.30675	2055.48192
6783.51258	2138.57692
6643.01152	2239.85390
	
NSGA-II_2:	75
7855.65987	2003.13967
6569.36229	2221.92854
6605.44960	2198.02075
6601.95241	2216.30502
6688.03290	2158.31124
6686.33148	2175.28629
6643.67787	2185.22057
6626.09455	2196.30502
7352.45954	2041.68565
7685.11430	2018.66466
7604.99178	2020.22859
7011.67006	2078.92637
7149.20478	2063.40138
7005.73806	2090.35150
7210.88418	2055.43607
7410.39703	2037.46931
7482.10105	2026.66568
6581.30746	2218.02075
6723.56838	2154.00048
6726.26118	2145.51105
6790.52173	2129.52127
6849.95503	2113.34802
6848.59133	2119.85084
6748.26983	2137.29251
6811.16668	2127.80554
6827.94637	2121.56657
6870.59998	2111.63229
7559.16962	2021.45965
7809.83772	2004.37072
7096.18539	2066.89168
6934.03404	2101.15513
6892.20693	2105.57678
7306.63738	2042.91671
6981.68888	2092.06723
7083.37408	2068.12274
7157.86478	2058.92637
7714.08451	2016.89008
7064.68945	2075.43607
7463.41642	2033.97900
6663.89077	2178.31124
6746.90613	2143.79533
6789.71810	2134.36675
6656.48918	2183.98951
6946.84536	2099.92407
7604.99178	2020.22859
7352.45954	2041.68565
7732.76914	2009.57676
7229.56880	2048.12274
6909.98486	2102.87086
7685.11430	2018.66466
7282.58819	2044.63244
7506.15023	2024.94995
7253.61798	2046.40701
7181.91397	2057.21064
7535.12044	2023.17537
7434.44621	2035.75358
7120.23457	2065.17595
7785.78853	2006.08645
7756.81832	2007.86103
6708.67786	2156.59551
6970.53406	2095.75191
7024.48137	2077.69531
7306.63738	2042.91671
7282.58819	2044.63244
7721.61432	2013.26145
7218.41398	2051.80743
7072.21926	2071.80743
7470.94623	2030.35037
7035.71924	2077.21064
6768.91479	2135.57678
6739.07249	2144.28000
6665.68653	2177.00202
6684.53572	2176.59551
6956.39142	2097.14491
7506.15023	2024.94995
	
NSGA-II_3:	93
7889.92195	2006.08936
6631.45993	2279.94999
6632.52886	2217.68041
7765.10484	2009.03615
7660.83933	2009.58655
7587.10806	2014.89401
7338.32938	2030.85331
7494.10243	2014.89401
7243.43434	2031.98293
6682.23449	2181.82255
6685.14585	2168.78150
6635.44023	2204.63937
6632.52886	2217.68041
6726.73153	2154.15309
6715.05290	2158.84723
6778.85006	2135.87991
7889.92195	2006.08936
7448.28027	2016.12507
7197.61218	2033.21399
7615.01717	2010.81760
6808.73046	2123.62392
6652.29078	2193.56699
7844.09979	2007.32042
7810.92700	2007.80509
7048.48610	2064.95119
6803.62229	2128.79947
7243.43434	2031.98293
7660.83933	2009.58655
7026.40743	2065.43587
6743.12225	2142.28977
6869.23050	2110.13362
6676.81530	2184.09585
6640.57505	2201.78553
6959.20257	2078.83684
6690.28067	2165.92767
6844.80745	2118.34528
7422.26058	2019.07185
7171.59248	2036.16077
7409.27957	2024.05301
7099.88847	2046.96440
7086.90746	2051.94556
7158.61148	2041.14193
6998.20327	2070.90889
6985.22226	2075.89005
6922.22951	2097.41171
6955.31521	2085.82432
7057.00041	2061.87984
7340.29989	2029.62225
6922.75172	2090.61141
7022.25245	2069.19316
7134.56230	2042.85766
6839.32345	2120.06789
6946.80090	2088.89568
6910.20170	2100.97462
6659.38818	2186.42082
6768.42578	2139.62938
6886.15252	2102.69035
7060.88777	2054.89235
6691.00372	2160.56296
6779.57310	2130.51519
6641.29809	2196.42082
7590.96799	2012.53333
7613.04666	2012.04866
7173.56300	2034.92972
7101.85898	2045.73335
6983.25175	2077.12111
6924.72223	2089.38035
6908.23119	2102.20568
7062.85828	2053.66129
6781.54361	2129.28414
7156.64097	2042.37299
7424.23109	2017.84080
7385.23039	2025.76874
6847.15182	2110.61829
7195.64167	2034.44505
7446.30976	2017.35612
7407.30906	2025.28407
6845.18131	2111.84935
7383.25988	2026.99980
6766.45527	2140.86044
6745.09276	2141.05871
6820.54431	2121.35619
6657.41767	2187.65188
7364.34908	2027.90652
7123.93765	2045.24868
6961.17308	2077.60578
7084.93695	2053.17662
7000.17378	2069.67784
6692.97423	2159.33190
6727.45457	2148.78838
6729.42508	2147.55733
6883.22881	2105.33965
6643.26860	2195.18976
	
NSGA-II_4:	81
8623.35246	2007.84379
7093.76236	2298.79187
8379.52664	2010.13875
8620.47709	2009.07485
8062.93022	2035.92922
8257.57683	2015.44621
7118.96839	2267.56082
7124.82626	2253.41868
7259.56420	2188.70698
7185.26641	2230.51706
7099.61334	2288.20577
7147.91964	2239.38744
7137.63757	2252.18762
7560.86412	2107.44380
7253.19320	2200.32976
7568.92156	2101.94752
7308.79417	2170.04113
7536.46288	2110.78230
8012.78620	2038.18847
8233.17559	2018.78472
7647.00876	2082.90983
7236.47082	2202.73822
7232.68965	2209.74376
7400.54478	2145.11882
7333.32963	2162.40181
7332.49751	2165.96473
7160.73095	2238.15638
7441.10868	2134.98690
7296.91097	2179.83660
7772.16232	2065.47504
7197.14961	2220.72159
7746.06066	2066.50323
7980.11883	2042.26488
8204.55744	2018.93651
7365.51061	2154.98690
7391.58346	2150.78918
7950.60918	2046.98623
7099.62022	2284.64974
7105.47121	2274.06363
7588.19228	2097.87111
8185.84409	2020.62175
7842.05680	2053.65787
7722.01830	2067.73428
7660.67217	2077.02520
7500.67830	2117.47950
7604.46160	2090.96969
8132.82470	2024.11206
8303.39899	2014.21516
7527.59604	2115.01739
7389.55298	2153.75584
7105.47121	2274.06363
7485.85458	2122.61934
8100.15733	2028.18847
8339.20181	2013.47725
7272.37551	2187.47592
7284.09966	2181.06766
7172.45509	2231.74812
7783.58605	2061.71774
7809.38943	2057.73428
7689.35092	2071.81069
8161.44286	2023.96026
8081.78919	2030.94087
8376.65127	2011.36980
7419.93227	2139.06331
7457.16649	2130.68608
8171.89006	2023.01292
7357.03297	2158.32541
7892.20082	2051.39863
7621.20538	2086.89328
7895.07619	2050.16757
7833.43179	2056.50323
7444.46773	2131.42399
7619.26039	2090.32474
7919.11856	2048.93651
7465.64413	2127.34758
7416.11892	2143.14986
7638.53111	2086.24833
7208.15419	2217.38309
7221.68506	2213.08227
7866.09917	2052.42682
7663.54755	2075.79415
	
NSGA-II_5:	80
7170.83235	2051.89018
6509.84148	2394.20148
6509.84148	2394.20148
6515.84650	2366.08961
7116.13134	2057.09621
6719.86710	2172.32734
6991.84418	2083.07539
6846.61830	2127.10663
7146.78317	2053.60591
7137.30515	2056.61154
6943.46862	2097.41517
6660.00068	2209.60413
6908.83334	2107.34944
6563.43985	2297.31207
6624.89660	2246.59405
6780.99999	2156.66712
6743.91628	2170.61161
6869.71168	2113.07539
7044.42732	2067.89984
7015.89337	2081.35966
6893.76087	2111.35966
6609.98545	2257.91365
6859.12558	2121.29393
7030.96584	2077.34944
6536.05878	2328.76567
6827.06560	2140.50072
6542.56160	2322.84208
6635.85854	2229.60413
7107.16474	2062.27176
6759.82618	2157.15180
6922.29482	2097.89984
6682.15656	2200.39735
6952.94665	2094.40954
6973.71451	2093.78606
6840.99590	2132.00461
6565.66861	2287.11443
6756.95080	2158.38285
6698.17470	2188.61589
6658.95193	2215.57289
6625.27244	2237.82268
6608.93669	2263.88241
6555.99818	2301.45421
6599.39934	2266.13220
6575.11821	2279.54083
6585.84331	2277.91365
6691.15132	2191.25656
6553.14770	2314.62354
7075.07915	2064.40954
6648.36582	2223.79144
6982.84402	2090.78090
7096.25296	2063.92487
7065.60113	2067.41517
7167.95698	2053.12124
6708.76080	2180.39735
6590.80702	2274.59309
6649.41457	2217.82268
6672.50796	2203.79144
6616.73851	2251.51751
6554.90593	2311.00691
6525.47268	2336.98422
6525.47268	2342.84208
6516.93875	2350.67905
6564.53211	2287.75938
6549.52026	2320.96607
6749.24007	2165.37034
6808.39426	2144.30644
6516.93875	2356.53691
6701.73742	2183.03802
7032.58535	2074.30644
6625.27244	2237.82268
6790.26458	2155.01712
6536.05878	2334.62354
6808.39426	2144.30644
6804.31785	2152.52499
6836.03219	2135.32517
7068.47650	2066.18411
6860.74509	2118.25093
6913.32822	2103.07539
7099.12833	2062.69381
6804.31785	2152.52499
	
NSGA-II_6:	78
7715.88908	2004.28088
6483.95840	2353.25235
6490.22708	2297.09462
7670.06693	2005.51194
7478.90424	2005.99661
7320.31137	2020.97808
7228.23615	2023.08553
6510.22708	2267.09462
6501.42243	2288.87608
6779.70858	2121.29346
7029.57755	2048.00128
7056.07468	2045.05449
7131.86767	2028.97910
7060.16365	2039.78273
6693.77982	2148.83015
6555.11560	2228.87608
6839.17793	2100.94448
6775.91232	2133.10421
7182.41399	2024.31659
7433.08208	2007.22767
7337.32887	2019.74703
6730.18400	2144.16764
7361.37806	2018.03130
7478.90424	2005.99661
6628.89651	2182.77464
6610.39257	2185.02443
6878.18459	2085.89025
6599.79278	2200.99319
6834.14582	2110.35838
6609.34382	2190.99319
6629.94527	2176.80588
6550.29627	2243.01821
7228.23615	2023.08553
6706.13481	2145.88337
6530.97346	2248.87608
6954.38948	2068.99898
6600.36341	2195.49667
6586.25043	2205.02443
6576.22128	2215.49667
7127.77870	2034.25086
7378.44679	2017.16194
7392.01539	2010.17445
6674.22712	2157.04870
6764.20347	2137.11443
6662.51827	2161.05891
6927.89235	2071.94576
6585.70090	2213.78094
6540.81664	2244.73394
6918.25032	2075.95598
7019.93552	2052.01149
7009.02477	2059.06471
6521.42243	2258.87608
6574.43840	2223.01821
7158.36480	2026.03232
7086.66078	2036.83595
6819.77430	2111.35919
6869.76404	2092.72594
6683.70674	2155.33297
6653.03865	2162.77464
6642.96557	2169.27746
6848.65755	2099.22876
6908.77069	2077.67171
6887.66421	2084.17452
6810.29468	2113.07492
6789.18820	2119.57774
6552.55726	2235.02443
6754.72385	2138.83015
6727.30862	2145.39870
6633.48595	2170.99319
6565.50405	2223.24297
7409.03289	2008.94340
7010.45589	2053.72722
6958.47845	2063.72722
6967.95808	2062.01149
7110.70997	2035.12022
6989.34941	2060.23003
6520.07026	2262.95248
6500.07026	2292.95248
	
NSGA-II_7:	72
7708.87805	2008.26274
6597.74953	2376.16880
6599.90132	2320.01107
7171.28495	2050.84663
7357.91559	2027.71234
7261.04723	2028.87767
7511.71533	2011.78875
7062.80291	2051.40551
7618.06330	2008.90769
6608.13509	2281.70155
6603.91375	2316.15942
6613.11299	2255.64604
7451.32640	2014.21516
6612.14753	2277.84990
7200.65831	2031.30408
7251.56761	2030.59340
7367.39521	2025.99661
7418.30451	2025.28593
6646.08467	2221.86012
7418.30451	2025.28593
6623.75794	2239.78817
6622.08913	2248.47383
7053.32329	2053.12124
6798.07885	2120.18956
7011.51664	2060.29623
6774.98547	2134.22080
7032.15108	2054.89581
6632.73408	2232.61596
6807.55847	2118.47383
6919.31106	2082.52499
7004.50033	2066.21982
6719.77784	2161.86012
6902.81513	2090.16431
6742.87122	2147.82888
6700.65780	2183.77350
6982.44332	2068.84030
6679.77784	2191.86012
6791.06254	2126.11315
6837.03030	2112.21645
7440.17158	2017.89984
6880.75812	2092.78479
6930.46588	2078.84030
7173.00756	2042.62808
6689.25746	2190.14439
6876.50767	2097.50615
6860.12368	2098.18520
6627.77037	2235.93653
6709.19173	2170.07866
6737.94896	2152.25184
7000.93053	2068.51477
6899.24534	2092.45926
6749.88753	2141.90528
6726.79415	2155.93653
7180.02387	2036.70449
6674.78669	2200.01293
6848.18512	2108.53176
6660.65780	2213.77350
6909.83144	2084.24072
6951.63809	2077.06572
6702.87122	2177.82888
6761.04235	2138.22060
6972.96370	2070.55603
6961.11771	2075.35000
6855.87323	2102.90656
6670.77425	2203.86458
6716.20804	2164.15507
6663.75794	2209.78817
6823.08718	2116.21624
7191.17869	2033.01980
6693.10098	2185.93653
6739.30143	2150.12383
6617.12542	2251.79439
	
NSGA-II_8:	64
8850.39373	2008.41143
7759.34234	2162.03267
8207.99533	2036.23028
8454.53549	2033.28198
7762.14348	2134.05694
7760.69796	2156.17481
7959.90281	2056.32483
7955.71473	2066.01695
8589.09394	2019.13985
8094.46125	2042.18269
7768.00134	2119.91481
8073.43689	2050.37241
7791.70346	2096.28570
7787.20123	2104.56997
7763.49911	2128.19908
8642.11333	2015.64954
8730.16521	2011.86374
7793.05909	2090.42784
8203.41360	2036.86286
7821.71957	2087.57400
8507.55489	2029.79168
8454.53549	2033.28198
8804.57157	2009.64248
8775.98737	2010.63268
7825.90764	2077.88188
8162.17318	2037.46133
7824.55201	2083.73974
7785.84560	2110.42784
8577.93912	2022.82453
7769.35697	2114.05694
8109.15378	2040.95164
7974.59534	2055.09377
8147.48064	2038.69239
8012.92220	2052.83453
8677.14582	2015.35404
8542.58737	2029.49617
7768.00134	2119.91481
8027.61473	2051.60347
8058.74436	2051.60347
8507.55489	2029.79168
7941.02220	2067.24801
8570.98712	2025.19536
8707.75075	2013.42829
7893.61957	2073.16052
7783.32491	2112.43417
7840.60018	2076.65082
7916.35366	2071.05307
7863.33426	2074.54337
8687.93549	2014.41849
7807.02703	2088.80506
7878.02680	2073.31232
7769.35697	2114.05694
8553.37705	2028.56062
8573.35691	2023.12330
7836.01844	2077.28340
8068.85516	2051.00499
7970.01361	2055.72635
8157.59144	2038.09392
8023.03300	2052.23605
7926.46446	2070.45459
7873.44506	2073.94490
7931.04619	2069.82201
8553.37705	2028.56062
8104.57205	2041.58422
	
NSGA-II_9:	76
7203.10930	2015.31476
6335.18820	2293.29498
6441.10495	2221.08940
6452.90099	2196.34300
7054.33670	2031.32442
6343.72213	2279.60015
6452.90099	2196.34300
7105.40908	2028.41334
6592.74139	2131.13525
6556.29054	2142.90983
6506.15657	2167.99253
6461.43491	2182.64816
6582.15528	2139.35380
6404.65410	2232.86398
7031.85246	2036.61154
6835.65573	2063.20731
6465.51132	2174.42962
6948.18124	2043.59215
6954.78389	2041.81757
6811.60655	2064.92304
6805.00390	2066.69761
6852.42804	2056.11151
6683.19035	2101.13525
6780.95471	2068.41334
7126.04072	2020.52079
7045.37011	2036.49996
6482.10739	2169.70826
6907.12905	2050.90547
6770.36861	2076.63188
6385.24021	2244.09503
6707.23954	2099.41952
6545.70443	2151.12837
6354.30823	2271.38160
6383.78786	2250.15054
6527.36131	2160.48342
6366.12018	2266.00841
6620.76228	2127.79675
7007.80328	2038.32727
7150.08991	2018.80506
6755.29614	2080.64210
6711.21125	2097.79675
6731.24696	2082.35783
6643.67503	2126.92739
7078.38589	2029.60869
6714.19374	2090.87188
6580.33972	2141.19410
6394.06800	2241.08252
6876.47722	2054.39578
7179.06012	2017.03049
7007.80328	2038.32727
6883.07987	2052.62120
6978.83307	2040.10184
6753.81217	2082.20603
6421.69106	2232.32046
6616.79057	2129.41952
7179.06012	2017.03049
6978.83307	2040.10184
6374.65410	2252.31358
7117.07413	2025.69633
6533.15595	2155.84973
6373.20175	2258.36909
6654.26113	2118.70884
6663.63766	2114.52934
6924.13206	2045.30788
6720.66085	2090.57637
6431.64159	2226.29543
6915.16546	2050.48342
6924.13206	2045.30788
6843.46144	2061.28705
6723.16033	2085.69633
6428.70329	2231.14825
6396.32595	2238.14262
6771.98812	2073.58888
6674.22376	2106.31080
6645.29454	2123.88439
6672.60425	2109.35380
	
NSGA-II_10:	79
8541.94659	2046.63857
7340.56504	2357.07984
7483.11358	2212.92887
7604.37264	2156.54235
7548.39589	2183.63127
7477.25571	2227.07101
7362.54248	2295.95022
8404.84112	2055.43633
8085.54889	2076.25699
8199.48690	2070.81641
7853.11841	2102.59786
8040.23502	2077.96584
7462.86763	2232.37847
8146.46751	2074.30671
8093.25441	2074.47553
7356.68461	2310.09235
7598.51478	2170.68449
7730.59330	2124.95854
7715.96866	2128.90303
7669.61924	2145.40585
7671.36701	2138.32381
7773.05221	2114.37932
7528.29398	2203.57382
7438.33217	2240.01779
7398.85804	2285.46555
7793.11841	2112.59786
7691.43321	2136.54235
7628.90810	2148.90303
7624.43884	2154.76089
7507.64903	2205.28955
7458.97712	2238.30206
7351.34713	2323.03914
7961.93760	2085.70659
8534.24108	2048.42002
8488.92720	2050.12887
8450.15499	2053.72749
8283.57299	2065.50894
8238.25911	2067.21779
8154.17302	2072.52525
7920.19651	2092.04225
7771.30444	2121.46136
7347.55941	2334.71916
7345.48926	2337.18127
7341.70154	2348.86130
7593.57630	2174.27622
7418.52399	2270.74419
8326.54369	2063.17709
8379.56309	2059.68678
7948.00981	2090.81641
7572.93135	2175.99195
7569.04084	2181.91554
7503.75853	2211.21314
7797.58767	2106.74000
7695.90247	2130.68449
7817.65386	2104.95854
8291.27850	2063.72749
7375.35379	2294.71916
7994.89079	2083.99774
8350.06091	2060.71497
7427.55008	2262.92887
7402.85338	2279.51313
8230.55360	2068.99925
8207.19242	2069.03495
8481.22169	2051.91032
8457.86051	2051.94603
7535.62782	2194.76089
8014.95699	2082.21629
7538.09847	2192.40021
7882.12312	2096.74000
7433.40795	2248.78674
7432.47431	2254.15993
7378.21309	2287.18127
7902.18932	2094.95854
7427.55008	2262.92887
7750.65949	2123.17709
7648.97429	2147.12157
7378.21309	2287.18127
8390.56359	2059.65108
7863.47436	2100.81641
	
NSGA-II_11:	68
8075.88954	1998.80299
6612.45744	2221.50152
7816.61617	2005.24008
7676.21063	2008.86872
7939.50690	1998.80299
6682.19074	2140.54915
6642.01742	2183.73028
6618.31530	2207.35939
6690.72467	2126.85431
6626.84923	2193.66456
6661.13745	2161.81691
6650.55135	2170.03545
6701.31077	2118.63577
6637.43533	2185.44601
6677.60865	2142.26488
6667.02255	2150.48342
6808.75933	2093.58842
7178.39499	2032.77631
7145.91988	2044.75541
6742.77047	2105.14547
7043.86553	2059.34485
6667.02255	2150.48342
6732.18437	2113.36401
7103.50557	2052.29851
7121.87069	2046.47114
7451.92737	2020.61327
7279.78752	2027.46884
7528.99594	2015.40724
7402.67825	2021.03175
7630.38848	2010.09978
7893.68474	2000.03405
7356.85609	2022.26281
6989.16451	2064.55088
6837.20652	2089.27912
6832.80851	2091.87269
7019.81634	2061.06058
7013.21369	2062.83515
6861.25570	2087.56339
6778.10749	2097.07872
6939.19924	2072.19868
6787.24125	2096.92692
6908.54741	2075.68898
6756.58941	2100.41723
7050.48618	2055.78882
6891.90753	2084.07309
6650.55135	2170.03545
6960.71732	2068.86018
7169.42839	2037.95185
6721.95572	2116.92004
6658.48862	2164.17825
6984.76650	2067.14445
7606.33929	2011.81551
7577.36908	2013.59008
7869.63556	2001.74978
7840.66535	2003.52435
7504.94676	2017.12297
7475.97655	2018.89755
7332.80691	2023.97854
7303.83670	2025.75311
7079.45639	2054.01424
7231.41438	2029.28600
7202.44417	2031.06058
6894.72847	2080.41723
6867.85835	2085.78882
7553.31990	2015.30581
7255.46356	2027.57027
7159.03994	2040.99485
6930.06549	2072.35048
	
NSGA-II_12:	72
8018.52221	2060.20296
7038.73296	2351.67375
7054.85569	2304.21971
7043.16947	2349.24734
7068.06893	2298.45479
7157.96537	2246.99416
7077.24639	2277.13079
7763.29802	2074.92432
7324.87945	2165.95784
7811.88090	2073.86043
7158.23923	2230.88307
7332.08839	2153.20533
7888.61396	2066.74148
7919.68066	2064.92432
7972.70005	2061.43402
7835.59457	2070.23179
7643.25952	2089.00073
7491.30152	2113.72897
7249.77583	2198.62640
7191.55143	2219.90524
7175.88324	2223.04610
7429.97099	2127.67346
7752.14320	2078.60901
7727.79497	2079.00073
7632.10470	2092.68542
7114.70487	2266.19033
7670.75346	2088.60901
7610.46324	2093.43347
7458.50525	2118.16171
7434.26002	2123.33725
7259.01672	2192.84912
7561.68255	2106.24833
7263.45323	2190.42271
7090.45963	2271.36587
7211.28952	2209.01485
7397.17471	2132.10620
7121.42940	2259.76104
7348.39403	2144.92106
7716.64015	2082.68542
7086.02313	2273.79228
7063.63243	2300.88120
7270.08750	2184.63057
7575.83698	2103.72897
7586.21801	2098.60901
7235.82497	2201.37553
7372.92948	2137.28174
7310.92859	2168.70698
7300.34399	2173.59716
7225.24038	2206.26572
7362.34489	2142.17192
7200.41869	2215.40678
7133.52045	2253.47352
7518.79547	2113.33725
7538.83833	2109.80436
7816.31741	2071.43402
7696.27891	2085.51043
7142.29719	2250.13502
7275.32236	2184.56484
7678.72406	2086.64005
7480.14670	2117.41366
7336.52490	2150.77892
7409.72456	2130.97657
7281.95663	2178.77271
7167.01597	2227.54456
7480.14670	2117.41366
7600.16887	2095.85987
7286.39313	2176.34630
7448.21088	2120.58812
7386.88034	2134.53260
7104.41049	2268.61674
7549.13271	2107.37796
7518.79547	2113.33725
	
NSGA-II_13:	71
7671.10659	2072.69070
6741.30899	2261.33001
6753.83166	2241.13236
6745.29773	2254.82719
7017.49702	2161.34635
7169.45501	2136.61811
7123.63285	2137.84917
6935.22401	2174.35198
6968.79948	2163.80846
7079.89340	2154.29313
6848.49745	2199.46868
6870.50908	2199.23202
6844.50871	2205.97149
6808.05786	2217.74607
6971.67486	2162.57741
7625.28443	2073.92176
7576.89479	2080.46148
6783.52241	2225.38539
7347.40926	2119.71343
7424.93679	2105.18972
6764.41776	2232.91382
6812.04660	2211.24325
7353.13053	2112.82737
7278.30608	2126.77186
7514.05512	2082.92359
7052.22406	2155.45846
6872.77280	2192.86603
6823.96200	2207.10800
7590.55739	2079.80964
7439.23066	2096.86808
7287.27267	2121.59632
6760.42902	2239.41663
7201.30668	2131.96128
7049.34869	2156.68952
7594.60432	2075.80465
7485.05282	2095.63702
7657.44399	2073.34253
7544.73523	2081.04070
7392.77723	2105.76894
7277.67355	2128.33384
6776.92504	2227.10112
6886.41321	2188.59395
7301.58710	2120.94448
7453.54509	2096.21624
7333.09483	2120.36526
6883.53784	2189.82501
7362.09713	2107.65183
7120.75748	2139.08022
7114.05868	2145.48849
7204.18205	2130.73022
6787.51115	2218.88257
7430.26407	2102.04362
7494.81052	2094.83697
7111.18330	2146.71954
7087.18200	2149.62374
6932.34863	2175.58304
6910.94866	2180.95463
6908.07329	2182.18569
7231.85140	2129.56489
7250.00421	2129.49917
6787.51115	2218.88257
7505.08853	2088.09913
6906.95993	2187.45744
7362.09713	2107.65183
7504.48095	2090.56291
6906.95993	2187.45744
7611.62183	2074.57359
7531.07263	2081.69253
7379.11464	2106.42077
7084.30663	2150.85480
7250.00421	2129.49917
	
NSGA-II_14:	85
7580.00648	2010.00729
6240.59929	2343.93799
7437.67582	2014.21516
7555.95730	2011.72302
7187.00773	2031.30408
7292.37812	2028.81194
6768.97720	2105.76894
6667.29200	2129.71343
6689.70776	2125.43607
6921.54057	2072.89146
6817.46348	2088.99898
7144.51233	2039.91108
7018.04522	2058.78145
6327.76964	2277.60758
6532.15299	2180.51866
7413.62664	2015.93088
6368.68173	2259.80798
6446.73532	2215.30228
6616.56037	2142.94347
6798.96168	2098.99898
6697.33206	2119.83474
7404.66004	2021.10643
6420.39279	2233.10188
6299.15626	2291.42061
6536.17056	2171.00333
6256.42713	2325.06762
6252.40957	2334.58294
6476.26236	2201.96378
6299.80809	2286.75810
6774.91250	2100.71471
6383.63921	2246.46947
6650.70111	2140.49030
7365.97180	2025.01879
6549.01591	2164.43479
6867.63110	2081.94576
6573.06509	2162.71906
6331.78720	2268.09225
6494.77756	2189.66918
6344.63255	2261.52371
7060.54062	2050.17445
7091.25453	2043.82343
6410.91317	2234.81761
6393.11883	2244.75375
6242.92995	2336.29867
6268.85354	2311.57731
6588.02257	2149.38055
6424.41035	2223.58655
6964.78742	2062.69381
6715.77828	2112.94347
7153.47892	2034.73553
7027.01181	2053.60591
6706.29866	2114.65919
6876.59770	2076.77022
6739.82746	2111.22774
6575.17721	2155.94910
7341.92262	2026.73451
7329.33839	2027.09621
6955.30779	2064.40954
6886.07732	2075.05449
6312.65345	2280.18956
6286.31091	2297.98915
6370.79386	2253.03802
6488.12832	2196.63643
6867.51021	2087.74805
6507.62291	2183.10063
6504.25718	2187.95345
6437.25570	2217.01801
6433.88997	2221.87082
6278.33316	2309.86158
6474.63114	2207.86749
6584.65684	2154.23337
6545.65018	2169.28760
6853.62260	2088.35403
6463.41701	2208.53232
7115.30371	2042.10771
6988.83660	2060.97808
6517.10253	2181.38491
6265.90675	2323.35189
6281.69889	2305.00877
6266.52288	2319.21663
7365.97180	2025.01879
7437.67582	2014.21516
7162.95855	2033.01980
7036.49144	2051.89018
6656.63641	2135.43607
	
NSGA-II_15:	75
7591.52622	2012.33915
6365.01952	2290.22459
7347.70040	2014.63410
7447.70040	2014.63410
7545.70406	2013.57020
6515.08654	2141.85281
6512.78926	2159.56712
6403.17871	2266.28011
6575.61847	2135.50179
6836.27594	2068.00128
6380.39271	2281.45565
6433.56780	2223.41877
6428.99761	2238.19348
6389.16166	2270.22459
6718.16991	2093.07539
6631.31765	2121.35966
6458.19005	2193.92300
6473.16320	2190.91049
7198.08509	2028.22584
6957.80545	2042.27176
6775.19999	2083.07539
6657.77348	2113.97263
6607.26847	2123.07539
7097.03231	2031.72302
6406.09909	2254.64625
7051.21015	2032.95408
7301.87824	2015.86516
6828.60092	2074.98876
6415.74463	2250.50411
6457.70993	2203.41877
7145.73612	2030.81092
6512.52812	2166.18913
6547.63281	2137.28325
6784.16658	2077.89984
7217.44014	2020.00729
6966.77205	2037.09621
6895.06803	2047.89984
6443.21333	2219.27663
6860.32513	2066.28555
6676.62134	2107.86247
6658.49902	2108.84030
6449.02106	2210.91049
6750.24562	2092.17880
6501.36992	2167.90475
6421.55236	2242.13797
6990.82123	2035.38048
7027.16097	2034.66981
7241.48932	2018.29156
6947.41700	2045.31476
6482.80873	2186.76836
6755.84494	2091.29393
6541.32598	2138.51431
6521.39337	2140.62175
6585.07495	2129.64393
7277.82906	2017.58089
6494.60591	2172.19117
6678.54160	2102.98243
6488.64712	2179.56712
6639.14397	2117.05884
6919.11721	2046.18411
7169.78530	2029.09519
6432.31329	2230.70176
6764.81153	2086.11839
7208.47354	2025.18284
6875.71298	2056.11839
6886.10143	2053.07539
6695.97639	2099.64393
7145.73612	2030.81092
6399.03642	2269.90855
6866.74638	2061.29393
6808.21576	2076.18411
6710.08329	2096.41389
6599.18185	2126.41389
6408.17115	2250.70176
7277.82906	2017.58089
	
NSGA-II_16:	83
7988.09429	1998.80996
6690.29342	2327.65950
6732.68413	2270.57058
6758.35609	2224.71271
6746.47191	2246.62609
6695.70399	2323.71501
7519.31776	2023.01814
7437.22558	2025.67599
6876.41739	2157.11423
7761.95029	2012.91671
6735.96538	2251.80163
7683.17507	2014.22053
7168.25899	2069.91268
6816.55098	2195.10801
6698.67065	2307.65950
6715.70399	2293.71501
7942.27213	2000.04102
6868.87919	2173.41939
6795.84030	2196.82374
6820.44064	2184.20315
7132.62379	2071.45421
7879.47647	2000.88202
6968.28081	2116.66712
7833.65431	2002.11308
7319.69940	2037.71068
6921.66353	2147.75918
7053.54245	2090.65058
7637.35292	2015.45158
7188.06566	2060.06447
7074.25313	2088.93485
6988.99148	2114.95139
7193.34998	2053.07699
6844.97610	2176.56383
7127.33946	2078.44170
6900.95285	2149.47491
6763.76665	2220.76823
7582.15743	2020.55603
6782.89154	2217.07339
6932.35075	2130.07136
7593.99569	2018.56031
6710.29342	2297.65950
7052.84628	2097.86247
7171.04815	2061.29553
7761.95029	2012.91671
7879.47647	2000.88202
7210.36749	2051.84593
7637.35292	2015.45158
7536.33527	2021.78708
7420.20807	2026.90705
6788.36698	2208.14763
6715.96538	2281.80163
7807.77245	2011.68565
7075.84429	2082.43203
6990.58264	2108.44858
7683.17507	2014.22053
6841.15132	2182.48742
7015.11809	2100.80926
7011.29332	2106.73285
6897.12807	2155.39850
6953.06142	2128.35563
7331.02868	2031.24683
6782.95642	2212.09212
6929.45954	2138.28990
6718.67065	2277.65950
7108.08833	2079.09353
7813.53290	2010.97331
7242.75217	2050.49190
6865.68677	2174.84810
6956.88620	2122.43203
7239.17214	2051.84593
7391.40342	2026.90705
7259.32466	2042.05046
7822.49949	2005.79777
7374.38591	2028.13810
7348.04619	2030.01577
7276.34217	2040.81940
7302.68189	2038.94173
6741.37595	2247.85715
6704.08121	2303.71501
7096.55497	2080.71631
7253.89918	2045.95804
7035.82877	2099.09353
6724.08121	2273.71501
	
NSGA-II_17:	75
7848.35544	2016.90183
6835.39606	2309.68991
7788.04656	2021.21112
7537.37847	2038.30004
7430.95045	2039.29821
7681.61855	2022.20929
6840.80662	2305.74542
6846.59141	2282.60099
7625.74617	2024.09218
7792.48307	2018.78472
6878.40887	2262.63699
7375.07808	2041.18110
7845.48007	2018.13288
7678.74317	2023.44035
7428.07508	2040.52927
6883.39331	2238.65650
7240.59660	2069.55833
7592.94989	2028.52492
7056.66010	2123.50281
7050.23498	2131.29393
6878.46908	2247.42544
7319.97997	2053.83238
7582.65552	2030.95132
7541.81498	2035.87364
6851.51564	2273.83204
6939.39807	2203.88439
7138.98993	2098.58050
6925.30100	2207.62309
7179.87041	2087.93555
7022.59566	2142.85098
7268.95637	2067.55200
6966.29900	2183.54372
7075.04109	2117.73790
6958.21238	2186.88222
7370.64157	2043.60751
7342.28180	2045.61384
7621.30966	2026.51859
6999.50228	2156.88222
6888.80387	2234.71201
6868.80387	2264.71201
6878.46908	2247.42544
6846.59141	2282.60099
6944.85370	2199.40455
6952.80181	2190.82671
6898.40887	2232.63699
6910.83984	2231.01718
6916.30468	2217.91563
7292.57404	2059.55833
7190.88885	2083.50281
7168.58701	2091.72136
7019.05498	2148.66368
6975.89520	2176.79547
6994.18515	2166.60140
7331.98743	2048.04025
7230.30223	2071.98473
7218.29477	2077.77687
6911.26765	2226.49347
6966.59090	2177.62309
7155.33495	2095.57487
7119.86828	2104.30644
7105.62720	2109.51936
7281.55561	2063.99106
6919.89044	2211.56758
6981.30576	2172.85098
7208.00040	2080.20328
7309.68560	2056.25879
7030.68229	2139.51248
7007.58890	2153.54372
7042.14836	2134.63244
7087.24620	2115.28427
7064.74672	2120.16431
7095.33282	2111.94576
7130.16265	2101.88004
6999.28929	2161.51683
6863.39331	2268.65650
	
NSGA-II_18:	73
7533.82542	1995.93088
6365.61035	2213.43016
7447.25687	1997.64661
7533.82542	1995.93088
7370.18830	2002.85264
7301.75103	2002.95408
6426.18795	2171.50995
6375.98462	2206.16511
6575.79949	2115.00713
6612.79144	2100.05599
6974.02607	2036.05266
6740.57147	2075.56799
6955.48679	2045.41619
6536.15912	2116.94727
7224.68245	2008.16011
6441.80466	2159.03837
6432.82439	2168.95162
6403.09456	2185.54119
6394.11429	2195.45443
6474.11429	2138.95162
6451.02091	2152.98286
6687.55208	2079.05829
6498.16348	2137.23589
6656.02148	2087.62959
7204.05081	2016.05266
7025.09845	2033.14158
6414.69471	2179.66230
6508.25643	2135.61311
6829.41070	2052.88147
6754.83130	2064.91616
6806.71419	2061.42585
6902.46739	2048.90649
7045.73009	2025.24903
6409.73101	2182.98286
6588.74226	2101.77172
6576.65064	2109.05829
6388.70373	2199.39892
6585.86688	2103.00278
6579.52601	2107.82723
6750.97666	2070.70829
6464.89805	2145.00713
6449.97216	2158.95162
6680.07066	2085.91386
7122.79867	2020.04300
7152.97844	2018.96374
6714.47664	2076.11151
6531.90867	2121.66863
7394.23748	2001.13692
7098.74949	2021.75873
7423.20769	1999.36234
7069.77928	2023.53330
7248.73164	2006.44438
7277.70185	2004.66981
6518.85625	2126.34128
6965.05948	2041.22820
6853.45988	2051.16574
6781.75586	2061.96937
6637.84432	2093.00278
7177.02762	2017.24801
6998.07526	2034.33693
6815.38050	2057.79721
6629.75770	2096.34128
6931.43760	2047.13192
6878.41821	2050.62222
7213.52764	2011.84480
7034.57528	2028.93372
6778.88049	2063.20043
6677.19529	2087.14491
6906.47927	2047.67544
6513.06574	2130.97851
6455.98462	2149.66230
6850.58451	2052.39680
6757.70668	2063.68510
	
NSGA-II_19:	76
7302.54773	2027.12297
6326.29156	2245.55924
7058.72191	2029.41792
7249.01484	2028.31832
6817.84144	2055.98647
7005.18902	2030.61327
7249.01484	2028.31832
6612.90837	2101.25636
6657.53789	2079.85834
6871.37433	2054.79112
6338.47357	2219.50373
7302.54773	2027.12297
6454.32931	2155.17083
6552.93613	2122.06046
6427.21036	2174.10005
6653.28744	2084.57970
6707.24565	2065.91386
6448.63696	2163.14851
6731.29484	2064.19813
6681.58708	2078.14262
6905.20937	2037.05036
6764.82204	2059.47677
6359.00808	2207.59035
6443.74320	2163.38937
6397.84963	2189.95791
6627.42885	2091.48123
6369.59418	2199.37181
6699.53492	2072.90135
6885.85432	2045.26891
6688.18973	2076.36804
6588.85919	2102.97209
6565.87912	2111.83232
6562.88453	2118.36563
6952.16963	2034.10358
6982.27794	2031.84433
6336.14292	2227.14305
6646.95179	2088.07689
6574.84571	2106.65678
6740.77286	2061.19250
6431.23592	2169.20207
6485.95552	2148.57016
6468.34278	2151.48614
6535.32339	2124.97644
6896.24277	2042.22591
6521.30991	2128.66113
6520.50351	2132.97209
6329.93965	2233.19856
6334.82549	2231.86441
6958.22876	2033.56006
6884.67486	2048.96374
6876.88773	2050.44445
6929.25855	2035.33463
6814.96606	2057.21752
6761.94667	2060.70783
6979.19282	2032.90823
6928.12045	2035.81931
6506.49003	2136.65678
6408.43574	2181.73937
6793.79225	2057.70219
6349.05968	2211.28519
6387.90123	2193.65275
6406.67586	2186.01343
6378.48864	2198.30838
6618.46225	2096.65678
6495.90393	2144.87532
6420.64982	2177.42061
6710.12103	2064.68280
6399.02314	2186.39500
6570.59526	2111.37814
6875.70827	2054.13928
6500.77541	2140.57451
6554.31121	2118.57016
6361.76706	2204.09317
6341.23255	2216.00654
6328.62222	2237.91992
6327.60899	2240.83788
	
NSGA-II_20:	70
7648.23977	2026.28523
6622.12687	2417.71839
7516.53668	2028.35729
7356.86835	2041.14540
7471.70622	2039.98007
7170.00544	2063.50608
7274.77821	2063.14438
6630.36064	2379.40887
6628.62968	2403.57625
7104.89241	2085.85661
7496.41527	2037.21752
6902.00776	2134.44653
7351.15086	2049.13090
7112.23451	2077.16354
6985.58803	2111.91166
7158.85062	2067.19076
7123.43690	2073.50608
6841.28157	2165.25016
6813.37887	2183.91601
6705.12866	2261.14369
6649.27435	2347.78609
6635.28487	2370.63993
6700.20444	2269.91263
6627.53743	2413.77390
7505.38186	2032.04198
6641.78768	2356.49779
6790.28549	2197.94725
7068.32024	2087.45056
6861.57019	2162.20028
6656.86346	2335.26674
6728.22205	2247.11245
6807.69552	2192.33908
7312.03790	2052.76817
7021.75170	2097.45056
6944.16470	2121.48960
6866.24285	2154.44653
6998.12290	2102.82376
6742.61288	2233.25472
7283.10522	2060.71797
6780.70397	2207.17038
6948.41515	2116.76824
6935.88027	2125.85614
7050.10034	2092.82376
7062.52675	2091.10803
6693.70162	2284.05477
6685.12866	2291.14369
6733.63261	2243.16796
6837.03112	2169.97152
6818.18818	2179.28140
6669.27435	2317.78609
6661.78768	2326.49779
6914.43417	2132.73080
6647.69576	2353.15929
6763.58502	2221.89174
6752.80127	2225.83623
6680.20444	2299.91263
6960.84155	2115.05251
6674.19857	2309.01715
6878.91438	2148.47777
7329.67376	2050.71797
6654.19857	2339.01715
6889.47289	2143.53443
6636.86346	2365.26674
6698.62585	2275.28583
6770.51558	2214.58887
6719.21522	2252.92515
6887.68895	2147.57187
6680.20444	2299.91263
7010.54931	2101.10803
6874.10507	2153.11238
	
NSGA-II_21:	88
8098.50493	2041.55731
6896.60376	2480.50850
7899.29732	2051.20098
6927.44572	2400.66520
6927.18174	2432.54975
7978.29227	2049.48525
8019.50998	2043.27304
7033.30824	2288.40759
6983.52954	2337.65954
6911.09620	2441.80171
7002.21733	2307.55645
7853.13658	2058.80293
7794.72211	2062.31073
6901.06128	2458.59512
6999.61507	2328.40759
6983.00150	2354.26548
8009.21561	2045.69944
7047.26945	2263.12895
7069.25650	2241.51155
7168.75841	2217.33112
7337.05644	2164.97044
6969.57004	2356.69189
7121.87922	2227.53823
6900.81162	2476.43209
7558.59190	2107.99930
7267.74234	2177.92669
7863.43095	2056.37652
7701.99283	2081.62840
7654.45827	2088.68162
7889.00295	2053.62739
7186.72353	2206.21096
7688.56137	2084.05481
7484.74414	2129.64930
7310.10302	2170.28737
7236.35050	2189.84007
7437.45647	2136.95901
7724.42774	2078.87927
7033.58150	2278.23877
6949.57004	2386.69189
7250.10302	2184.42951
7433.24861	2141.03542
7401.59010	2142.13455
7068.01747	2252.50174
7209.15844	2203.46183
6995.40721	2332.48400
6922.97387	2436.62616
7081.80499	2236.79019
7467.10482	2136.15212
7053.30824	2258.40759
6905.26914	2454.51871
7011.18392	2302.38090
6953.64063	2374.97139
7341.59010	2156.27669
7173.29207	2208.63737
6959.32339	2365.48966
7377.45647	2151.10115
7290.17725	2175.17755
7146.01285	2218.57164
7254.31088	2180.35310
7222.91904	2192.26647
7086.01285	2232.71378
6931.65358	2396.58879
7531.31268	2117.93357
7554.38404	2112.07571
7314.31088	2166.21096
7527.02591	2126.88382
7618.59190	2093.85716
7628.88628	2091.43076
7784.42774	2064.73713
7758.85575	2067.48627
7015.39178	2298.30449
7397.38224	2146.21096
7614.38404	2097.93357
7066.73970	2255.98118
7664.75264	2086.25521
7034.09500	2272.38090
7099.44431	2230.28737
7355.02156	2153.85028
7527.10482	2122.00998
7748.56137	2069.91268
7734.72211	2076.45286
7507.42594	2127.15666
7594.45827	2102.82376
7582.31773	2103.14649
6937.69237	2391.86743
7471.31268	2132.07571
7133.46437	2223.29300
7218.71118	2196.34288
	
NSGA-II_22:	77
7608.20225	2059.96992
6556.77612	2378.90007
7505.15811	2063.40138
7338.47468	2063.46711
7529.20730	2061.68565
6615.27777	2272.30742
6618.18885	2251.07636
6947.39724	2115.53228
6568.42041	2338.07245
6573.50657	2319.85390
7153.07169	2079.68130
6558.03195	2368.07245
6561.75402	2352.84456
7124.71842	2089.87537
7217.45091	2076.53687
6665.27209	2215.76890
7224.77571	2068.87767
6725.84969	2173.84868
7289.15493	2065.73324
7106.78357	2091.98473
6746.56037	2172.13295
6787.89452	2151.84433
6654.68598	2223.98744
6818.54635	2148.35403
6596.21834	2286.15907
7050.86118	2096.02544
6988.63518	2103.82343
6563.00985	2342.01693
7029.68737	2096.51011
6715.26358	2182.06723
6692.17020	2196.09847
6756.71451	2169.21408
6888.96479	2132.69381
6670.68265	2211.82441
6955.10797	2108.54479
6701.70755	2193.84868
6658.58415	2223.18739
6897.31359	2125.82779
6779.80790	2155.18284
6837.60228	2137.89984
6556.77612	2378.90007
6561.75402	2352.84456
6558.03195	2368.07245
6591.29412	2294.92801
6646.69280	2233.10063
6681.67753	2209.15615
6858.31296	2136.18411
6579.12942	2306.15907
6607.45106	2280.98353
6905.40021	2122.48928
6702.75631	2187.87992
6979.15716	2106.82907
7060.33920	2093.01980
6894.81411	2130.70783
7177.12087	2077.96557
7248.82489	2067.16194
7313.20412	2064.01751
6927.96542	2122.33748
7009.80899	2103.33876
6574.20520	2314.92801
6584.53998	2302.21458
6777.30842	2160.06287
6688.36547	2201.73766
7202.39143	2077.41517
7274.09545	2066.61154
6764.80114	2165.87557
6631.68604	2242.85782
7085.60976	2092.46940
6868.25411	2134.40954
6808.60520	2150.12860
6840.47765	2136.66879
6957.98335	2107.31374
6641.28224	2237.04512
6929.44940	2120.77355
7081.51301	2092.53513
7012.68436	2102.10771
6623.59941	2247.13188
	
NSGA-II_23:	77
6973.50028	2032.79540
6225.89375	2378.63265
6515.29191	2151.43087
6267.52804	2313.01203
6264.41137	2338.11962
6698.11761	2096.99312
6762.65608	2086.29258
6489.96079	2165.12570
6777.61355	2072.95408
6938.29628	2038.19582
6763.72582	2078.32727
6648.63482	2119.30509
6408.85766	2211.29459
6835.42984	2067.52364
6901.79626	2043.59903
6838.74042	2060.36899
6239.39093	2367.40160
6460.97728	2195.51742
6281.02523	2301.78097
6268.40464	2308.86989
6263.74122	2353.05431
6558.97743	2139.68667
6580.90012	2132.76502
6738.60690	2088.00831
6862.78960	2058.65326
6687.64148	2104.25086
6615.42543	2123.79155
6447.48009	2206.74848
6264.41137	2338.11962
6949.45109	2034.51113
6663.59230	2105.96659
6432.90684	2209.57886
6624.58564	2121.02082
6383.52655	2224.98942
6337.92171	2249.71078
6449.78193	2198.52993
6289.69629	2289.16038
6463.27911	2187.29888
6659.11095	2112.04735
6722.16679	2095.27739
6539.34109	2149.71514
6877.74707	2045.31476
6681.03364	2105.12570
6372.94044	2233.20796
6363.25283	2236.01595
6548.39132	2147.90521
6395.36048	2222.52564
6501.79472	2162.66193
6349.75564	2247.24700
6653.00619	2114.18513
6738.39471	2092.02210
6225.89375	2378.63265
6819.10408	2070.39746
6253.69385	2363.54995
6867.16097	2053.53330
6398.27156	2219.51313
6504.70580	2159.64941
6479.37469	2173.34425
6476.46361	2176.35676
6352.66672	2244.23449
6303.19347	2277.92932
6300.28239	2280.94183
6327.33561	2257.92932
6324.42453	2260.94183
6465.87750	2184.57530
6795.05489	2072.11319
6801.66274	2071.23835
6281.90182	2297.63883
6259.07389	2359.35068
6313.77958	2269.71078
6313.83842	2269.16038
6724.71916	2093.38150
6877.74707	2045.31476
6558.97743	2139.68667
6597.98409	2124.63244
6580.90012	2132.76502
6597.98409	2124.63244
	
NSGA-II_24:	79
7879.31662	2044.22053
6681.62774	2327.95309
7866.89022	2045.93626
7635.49080	2046.51548
6712.53560	2267.43959
7582.47141	2050.00578
6687.48561	2313.81095
6705.96706	2283.29746
6700.10919	2297.43959
7327.09188	2084.83546
7275.27472	2086.61003
7205.80681	2097.93404
7230.05204	2092.75850
6695.28163	2309.18057
6929.81666	2180.14618
7506.83017	2057.74654
7369.93685	2081.52744
6783.82030	2231.69262
6730.92297	2262.26405
6735.62898	2253.40835
6844.07684	2202.76340
6700.10919	2297.43959
6827.16895	2215.71345
6873.56381	2195.80640
7197.48034	2103.89302
7258.41181	2090.75217
7494.40377	2059.46226
7185.05393	2105.60875
6712.15940	2277.86702
7415.15953	2075.37897
6960.88454	2161.07490
6879.68474	2188.81891
7623.06440	2048.23121
6991.69831	2154.18362
6909.17171	2181.86191
7023.44240	2145.28276
7041.82977	2140.10722
7449.78867	2067.35481
6796.35518	2222.60472
6956.17852	2169.93059
7112.47679	2124.82857
7426.26266	2070.85200
6754.01635	2248.23281
6831.96308	2208.66023
7119.62415	2122.82422
7123.57592	2117.64344
7073.44447	2131.71985
6973.31095	2159.35917
6862.46421	2197.58786
6855.17644	2200.98194
6979.27191	2155.89935
6948.34966	2170.16280
6814.74255	2217.42918
6796.19816	2228.66023
7164.68407	2108.32576
7012.34326	2152.46789
7537.24873	2056.15425
7339.51829	2083.11973
6760.59027	2242.60472
6773.26179	2236.63596
7128.01243	2115.21703
6898.07210	2183.64337
6937.79115	2175.10614
7017.92604	2151.46662
7061.01806	2133.43558
7052.12414	2137.68081
7091.83183	2126.54430
7474.03390	2062.17927
7570.04500	2051.72151
7549.67514	2054.43852
7402.73312	2077.09470
7382.36325	2079.81171
7141.96329	2112.46789
7079.40543	2128.26003
6808.78159	2220.88899
7450.50789	2065.67646
7140.43884	2113.50130
7219.75767	2095.18490
7027.87891	2142.85635
	
NSGA-II_25:	76
7694.64321	2036.03232
6435.31606	2359.20770
6441.83393	2352.69800
7594.05226	2043.79341
7340.86201	2063.24301
7168.24603	2088.96896
7267.10108	2066.61154
7520.29133	2047.16194
7376.06601	2057.84260
7670.59403	2037.74805
7629.25626	2038.39300
7102.66458	2090.75368
6964.28771	2112.91671
6443.20503	2337.29432
6462.26446	2302.21162
6460.01832	2317.53907
6604.24313	2217.54873
7177.21263	2083.79341
6555.41534	2229.65618
6953.13289	2116.60140
6844.61044	2143.95012
6940.69597	2122.91671
7002.84065	2102.65691
6884.66975	2136.99312
6903.28479	2124.83008
6994.93954	2109.42640
7211.95918	2070.10873
7352.01683	2059.55833
7200.80436	2073.79341
6853.57703	2138.77457
6495.26874	2270.77634
6516.35716	2264.37754
7465.14943	2050.65912
6680.41962	2197.33641
6736.07133	2168.12962
6756.78201	2166.41389
7417.40378	2057.19765
6493.26378	2278.40878
6515.97942	2269.06062
7078.61539	2092.46940
6579.00708	2219.65618
7044.64730	2095.48192
7038.04465	2097.25649
6657.51214	2200.65746
6703.51301	2183.30516
6689.38621	2192.16086
6546.44875	2234.83173
6532.32196	2243.68742
7441.45297	2055.48192
6476.16668	2283.68742
6829.98529	2148.77457
6785.77909	2154.18513
6636.80146	2202.37319
6776.81250	2159.36068
6523.35537	2248.86297
7013.99547	2098.97222
7605.20707	2040.10873
7496.24215	2048.87767
7236.00836	2068.39300
6454.37549	2324.12499
6894.31819	2130.00563
6451.53319	2332.01568
6662.11581	2197.65183
6521.31708	2256.45450
6712.47960	2178.12962
6806.48977	2152.46940
6570.04049	2224.83173
7191.83777	2078.96896
6613.20972	2212.37319
6627.83487	2207.54873
6470.59262	2296.93298
6727.98471	2171.46813
6518.36213	2256.74510
7068.69648	2093.76619
6446.11611	2336.06327
6473.67190	2290.25597
	
NSGA-II_26:	87
8145.33629	2016.24627
7039.72942	2440.17780
7045.12362	2438.97511
7046.88884	2411.34791
8008.39486	2030.21958
7864.09934	2047.98394
7756.62380	2053.90753
8017.36146	2025.04403
7809.64319	2050.41723
7639.41031	2072.12607
7386.28109	2130.77204
7149.86301	2236.80523
7217.71888	2193.13831
7294.33975	2155.86152
8070.38085	2021.55373
7692.42970	2068.63577
7551.68901	2084.61867
7053.47626	2404.12229
7747.65721	2059.08307
7704.95113	2061.67877
7459.74767	2109.70815
8092.31690	2019.73657
8145.33629	2016.24627
7939.05479	2042.67647
7479.89259	2103.19845
7900.14796	2043.26258
7639.41031	2072.12607
7416.41255	2127.43354
7522.57751	2096.30391
7452.46117	2122.71218
7314.48466	2149.35182
7079.77781	2307.97580
7511.42034	2101.93690
7060.67139	2360.02064
7070.09217	2343.51782
7176.04768	2224.00767
7054.77782	2389.43453
7350.53328	2144.63046
7603.36169	2076.84743
7091.49354	2287.33085
7073.91995	2322.11794
7215.57930	2201.55450
7089.35396	2295.74705
7965.68878	2032.81527
7199.14106	2209.97643
7422.32971	2126.05068
7291.39128	2163.38306
7583.21677	2083.35713
7060.63568	2375.29239
7237.86380	2186.62861
7900.14796	2043.26258
7066.52925	2345.87850
7060.63568	2375.29239
7196.19259	2217.49797
7587.73763	2079.89731
7377.31450	2135.94759
7185.01427	2218.83212
7531.54410	2091.12837
7275.44572	2164.27771
7252.35234	2178.30895
7117.15840	2262.49905
7170.00793	2230.29554
7271.24636	2169.89276
7240.81226	2179.10707
7071.78037	2330.53413
7056.74056	2388.23183
7135.34058	2257.19205
7344.61612	2146.01331
7066.19704	2356.45726
7956.72219	2037.99082
7695.98453	2066.85431
7449.59614	2123.97863
7366.13618	2137.28174
7115.19566	2263.70175
7103.47993	2284.34670
7211.86102	2207.28045
8092.31690	2019.73657
7077.63823	2316.39200
7113.05608	2272.11794
7147.72344	2245.22143
7052.28305	2410.14521
7260.95718	2172.59737
7542.72242	2089.79422
7144.00515	2250.94737
7965.68878	2032.81527
7085.63568	2301.47299
7109.33780	2277.84388
	
NSGA-II_27:	73
7674.94747	2036.96429
6586.23064	2385.79936
7479.68897	2040.17445
7312.37708	2065.54764
7431.49765	2061.89018
7197.20355	2095.91907
6689.04660	2285.07807
6612.05279	2358.71044
6613.73115	2348.02812
6596.87559	2369.94150
6906.51864	2186.70252
7121.11605	2112.98243
7450.83432	2060.26574
6954.70996	2164.98679
6917.63155	2172.74788
6698.01319	2279.90253
7066.46255	2129.03795
7468.53415	2043.85914
7005.59997	2146.66712
7459.80091	2055.09020
6839.43820	2210.42571
7281.72525	2069.03795
6687.36824	2295.76040
6650.82825	2312.74948
6649.14990	2323.43180
6765.32329	2236.21784
7095.19246	2117.05884
7159.66899	2102.72264
7144.90022	2103.11436
7113.02942	2116.32094
7055.30773	2132.72264
7040.53896	2133.11436
6928.78637	2169.06320
6813.51461	2214.50211
7170.82381	2099.03795
6990.83120	2147.05884
6629.25133	2334.66286
6908.66496	2177.92343
6971.58976	2154.08204
7255.87790	2076.79904
7232.01749	2082.98243
7021.99281	2142.74788
6850.65094	2199.25758
7075.95102	2124.08204
6726.79553	2255.07807
6622.69775	2342.85258
6679.88445	2295.95804
6722.71912	2263.29662
7206.17014	2090.74353
6716.15058	2270.93594
7133.74540	2106.79904
6869.44023	2194.46361
7029.38414	2136.79904
6670.91785	2301.13359
6659.79485	2307.57394
6640.18330	2328.60735
6603.08620	2363.88599
6841.68435	2204.43312
6709.16801	2276.21784
6802.35979	2218.18680
6754.16847	2239.90253
6962.62316	2159.25758
6895.36382	2190.38720
6880.59505	2190.77892
6828.28338	2214.11039
6943.55514	2168.67147
7220.86268	2086.66712
7267.03272	2073.11436
6774.98685	2233.36235
6793.39320	2223.36235
6783.95344	2228.18680
6745.20188	2245.07807
6735.76212	2249.90253
	
NSGA-II_28:	75
8758.91207	2058.94877
7143.95370	2354.53564
8269.42885	2094.83008
8450.94445	2078.28990
7161.67227	2318.21345
8579.95971	2076.03769
8148.85915	2096.32094
7149.81156	2340.39350
8397.92505	2081.78020
8678.02471	2064.86548
7886.03211	2121.18110
7186.20773	2310.57413
7280.54905	2261.62654
7683.93247	2155.95971
7282.72224	2250.04273
7202.96217	2288.21345
7410.35320	2212.11468
7744.73993	2135.71496
7833.01272	2124.67141
7643.05473	2159.65945
8647.79591	2072.04735
7340.22632	2226.45100
7398.98870	2215.32137
8343.00916	2089.48525
8731.04411	2061.37517
7223.64640	2281.90828
7269.03595	2268.81168
7181.95395	2318.02594
7916.88739	2116.90016
8011.96508	2107.58248
7382.59827	2219.30323
8289.98976	2092.97555
7618.80950	2164.83499
7969.90679	2113.40986
7515.88963	2186.83604
7149.36426	2350.59115
7200.55794	2304.73329
7250.64858	2273.98722
8625.78581	2074.47376
8353.30353	2087.05884
8054.69010	2106.51859
8138.56478	2098.74735
8095.83975	2099.81124
7959.61241	2115.83627
7875.73774	2123.60751
7208.32719	2283.49209
7201.05080	2295.31251
7720.49470	2140.89050
7525.69115	2179.68827
7999.29771	2111.65889
7492.99613	2189.65945
7232.86264	2275.85277
7316.47394	2236.34790
7432.23682	2201.98276
7562.60376	2170.43632
8669.05812	2070.04102
7808.76748	2129.84695
7584.38696	2168.14136
7333.40128	2230.98159
7297.30350	2239.26586
7538.35853	2175.61186
7468.75090	2194.83499
7191.57274	2305.85277
7787.46495	2134.65106
7321.83895	2231.62654
7419.56945	2206.05916
7698.86073	2150.14245
7450.62419	2196.80721
7711.52810	2146.06605
7804.88515	2134.00611
7445.25917	2201.52857
7256.01360	2269.26586
7291.93849	2243.98722
8083.17238	2103.88765
7310.32585	2238.81168
	
NSGA-II_29:	76
7808.71657	2013.26362
6783.25626	2206.25528
6783.25626	2177.97101
7762.89441	2014.49467
7662.81377	2014.89401
6910.12813	2086.40355
7313.30413	2036.70429
7563.97222	2019.61537
7496.07687	2020.20148
7245.40878	2037.29040
7011.81333	2062.45906
6904.27026	2094.62209
6949.12883	2078.47560
7050.81403	2054.53112
6847.77489	2127.43696
6810.76413	2163.82888
6881.32523	2108.56658
7450.25471	2021.43253
7245.40878	2037.29040
7035.86251	2060.74333
6934.17731	2084.68782
7373.18614	2026.63857
7122.51805	2043.72749
6836.54383	2135.65550
7662.81377	2014.89401
7616.99161	2016.12507
7496.07687	2020.20148
7199.58662	2038.52145
7005.95546	2070.67760
6887.18310	2100.34803
6814.40916	2155.72123
6859.48886	2121.71101
7107.56653	2049.93970
7358.23462	2032.85078
7175.53744	2040.23718
7397.23532	2024.92284
7146.56723	2042.01176
7592.94243	2017.84080
6867.26126	2114.37928
6814.40916	2155.72123
7450.25471	2021.43253
7175.53744	2040.23718
7122.51805	2043.72749
7035.86251	2060.74333
7000.20120	2075.56452
7616.99161	2016.12507
7373.18614	2026.63857
6866.36710	2119.27726
6788.21997	2174.65045
6816.62199	2149.68674
6827.85305	2141.46820
6821.58570	2146.36618
6794.48732	2169.75247
6887.18310	2100.34803
6973.17801	2076.75987
7074.86321	2052.81539
7426.20553	2023.14826
7563.97222	2019.61537
7352.55449	2034.53112
7101.88640	2051.62004
6803.17810	2163.93977
6981.83215	2075.59992
7334.18544	2034.56651
6934.17731	2084.68782
7199.58662	2038.52145
7426.20553	2023.14826
7005.88133	2073.88419
6870.71992	2113.49247
6788.21997	2174.65045
6872.22497	2111.05871
6832.81676	2138.14763
6799.45102	2166.43190
6859.48886	2121.71101
7083.51735	2051.65543
7325.53130	2035.72647
6816.62199	2149.68674
	
NSGA-II_30:	77
7439.09862	1997.58089
6291.17843	2281.97459
7369.22728	2000.52767
7118.55919	2017.61659
6393.52518	2174.59507
6882.21945	2045.96659
7049.53133	2020.59340
7300.19942	2003.50448
6472.16380	2144.81947
6767.56864	2056.77022
6660.28449	2077.15180
6296.80128	2268.27975
6314.54530	2249.90253
6367.44949	2181.68399
7188.43053	2014.66981
6907.95597	2034.34381
7230.32808	2006.45126
6979.65999	2023.54018
6530.95997	2117.82888
6360.46201	2189.90253
6488.18155	2140.90711
6316.80128	2238.27975
6597.72095	2095.37034
7393.27646	1998.81194
7254.37726	2004.73553
6359.93913	2201.68399
6743.51946	2058.48595
6734.04143	2061.49158
6323.78877	2230.06121
6303.78877	2260.06121
6341.53278	2211.68399
6680.01107	2076.34816
6328.69793	2228.27975
6396.95914	2162.81361
6968.50517	2027.22487
7182.67324	2015.53916
7049.53133	2020.59340
6897.36986	2042.56236
6839.27266	2045.96659
6346.44195	2209.90253
7003.70917	2021.82445
7300.19942	2003.50448
7219.17326	2010.13595
6581.16450	2100.94448
6709.99225	2063.20731
6558.59929	2101.09628
6805.74545	2050.68795
6632.35624	2085.43607
6599.34046	2092.32734
6420.09373	2149.87371
6701.02566	2068.38285
7142.60837	2015.90086
6444.14291	2148.15798
6510.54269	2119.87371
6334.54530	2219.90253
6781.69627	2052.40368
6501.57610	2125.04925
6401.03554	2154.59507
6608.30705	2087.15180
6497.28187	2132.32734
6401.03554	2154.59507
6548.01319	2109.31483
6932.00515	2032.62808
6815.22348	2047.68232
7003.70917	2021.82445
6611.18243	2085.92074
7142.60837	2015.90086
6932.00515	2032.62808
6784.57164	2051.17262
6641.83426	2082.43044
6448.11462	2146.53520
6354.83916	2203.59736
6489.19524	2135.66584
6308.69793	2258.27975
6310.94341	2252.42189
6550.51267	2104.43479
6836.39729	2047.19765
	
Math-AUGMECON-II_1:	61
6215.61930	2219.90790
6216.98916	2217.74487
6219.38170	2216.10984
6251.23911	2196.94282
6252.18921	2195.78027
6270.31889	2185.06959
6274.33249	2182.91158
6292.73751	2176.30391
6293.23700	2174.33169
6348.01615	2158.08537
6348.51563	2156.11315
6366.23400	2153.09387
6388.25643	2144.80948
6397.34343	2144.00570
6399.96915	2143.65461
6413.92113	2136.56056
6420.19221	2134.42802
6422.88772	2131.38502
6436.90120	2127.70033
6466.50426	2121.38502
6466.57324	2119.64082
6488.52669	2113.10064
6496.36365	2110.64210
6505.57990	2104.58659
6529.62908	2102.87086
6536.23173	2101.09628
6544.70155	2098.86064
6546.32107	2095.81764
6548.94679	2095.46656
6555.28766	2090.64210
6558.16303	2089.41104
6629.86705	2078.60741
6632.28032	2077.27684
6633.89984	2074.23383
7821.25920	1972.11474
7807.28758	1973.92502
7768.23981	1975.60505
7746.72110	1975.93088
7700.34446	1976.19115
7654.52230	1977.42221
7601.50291	1980.91251
7556.57370	1982.11474
7510.75154	1983.34580
7486.70236	1985.06153
7457.73215	1986.83610
7433.68296	1988.55183
7409.44435	1995.40083
7349.34337	1997.58089
7297.51155	2000.52767
7273.78851	2001.78875
7251.39477	2002.27342
7227.96636	2003.01980
7205.57261	2003.50448
7181.52343	2005.22021
7152.55322	2006.99478
7129.64214	2008.22584
7105.59295	2009.94157
7094.43814	2013.62625
7076.13647	2015.21332
7064.98165	2018.89801
7057.93812	2019.02947
	
Math-AUGMECON-II_2:	64
6129.06748	2279.68660
6219.38170	2216.10984
6239.56562	2203.99882
6245.87410	2201.66418
6252.18921	2195.78027
6256.20282	2193.62226
6259.73278	2193.28814
6268.96748	2187.63294
6270.31889	2185.06959
6274.33249	2182.91158
6284.02076	2180.38720
6323.61784	2165.62859
6345.46872	2160.31424
6348.01615	2158.08537
6366.23400	2153.09387
6381.62256	2145.91888
6400.74736	2142.09570
6406.31003	2138.83015
6417.31684	2135.65908
6436.90120	2127.70033
6450.30126	2122.80513
6466.57324	2119.64082
6472.59548	2117.44053
6496.36365	2110.64210
6496.61331	2109.76213
6505.57990	2104.58659
6536.23173	2101.09628
6539.98019	2100.64210
6546.07141	2096.69761
6558.16303	2089.41104
6579.33684	2088.92637
6582.21222	2087.69531
6593.15867	2083.00278
6629.86705	2078.60741
6632.28032	2077.27684
7871.94060	1970.48508
7821.25920	1972.11474
7807.28758	1973.92502
7760.96861	1975.79255
7654.52230	1977.42221
7601.50291	1980.91251
7556.57370	1982.11474
7486.70236	1985.06153
7433.68296	1988.55183
7422.52815	1992.23652
7412.61219	1995.05465
7395.16553	1996.34983
7371.73711	1997.09621
7349.34337	1997.58089
7321.56073	1998.81194
7227.96636	2003.01980
7182.66153	2004.73553
7158.61235	2006.45126
7152.55322	2006.99478
7129.64214	2008.22584
7105.59295	2009.94157
7100.18566	2013.49760
7094.43814	2013.62625
7076.13647	2015.21332
7057.93818	2019.02946
7056.80001	2019.51414
7026.62025	2020.59340
7003.70917	2021.82445
6979.65999	2023.54018
	
Math-AUGMECON-II_3:	60
6124.99107	2287.90516
6129.06748	2279.68660
6138.28373	2273.63109
6151.12908	2267.12139
6162.65922	2249.68660
6186.98695	2235.83149
6197.48962	2230.61858
6198.85948	2228.45555
6215.61930	2219.90790
6219.38170	2216.10984
6226.20540	2211.68936
6234.36298	2207.89632
6242.97296	2201.83579
6246.98657	2199.67777
6268.96748	2187.63294
6270.31889	2185.06959
6284.02076	2180.38720
6287.87199	2179.05305
6313.93543	2169.89405
6323.61784	2165.62859
6337.63132	2161.94390
6348.01615	2158.08537
6363.35863	2154.32492
6366.23400	2153.09387
6367.60908	2149.60356
6388.25640	2144.80950
6400.21881	2142.77464
6406.31003	2138.83015
6420.19221	2134.42802
6422.88772	2131.38502
6436.90120	2127.70033
6442.21464	2126.14364
6463.62889	2122.61608
6472.59548	2117.44053
6486.60896	2113.75584
6496.36365	2110.64210
8620.44676	1948.15116
8333.16754	1952.29330
8287.34538	1953.52435
8246.52731	1956.56735
8227.14132	1957.60076
8200.70515	1957.79841
8181.31916	1958.83182
8167.43237	1959.57987
8090.69516	1959.70821
8044.87300	1960.93927
8004.05493	1963.98227
7958.23277	1965.21332
7945.34959	1966.24673
7918.25956	1968.61756
7892.33020	1969.73704
7890.49186	1970.00729
7859.62146	1970.52079
7821.25920	1972.11474
7807.28758	1973.92502
7768.23981	1975.60505
7700.34446	1976.19115
7654.52230	1977.42221
7601.50291	1980.91251
7556.57370	1982.11474
	
Math-AUGMECON-II_4:	48
6107.32330	2336.13917
6114.19790	2316.32822
6116.45715	2301.59998
6124.99107	2287.90515
6129.06748	2279.68660
6136.88773	2277.90515
6138.28373	2273.63109
6156.69008	2263.63109
6158.58281	2257.90515
6162.65922	2249.68660
6171.87547	2243.63109
6186.98695	2235.83149
6198.85948	2228.45555
6208.07573	2222.40004
6216.98916	2217.74487
6226.20540	2211.68936
6234.36298	2207.89632
6242.02286	2202.99834
6246.98657	2199.67777
6261.10264	2191.12511
6268.96748	2187.63294
6274.33249	2182.91158
6284.02076	2180.38720
6309.50899	2171.16738
6313.93543	2169.89405
7158.61235	2006.45126
7129.64214	2008.22584
7105.59295	2009.94157
7094.43814	2013.62625
7064.98165	2018.89801
7026.62025	2020.59340
7003.70917	2021.82445
6979.65999	2023.54018
6973.60085	2024.08370
6950.68978	2025.31476
6926.64059	2027.03049
6912.53416	2029.39117
6897.18411	2032.30225
6883.07768	2034.66293
6854.93657	2037.83412
6840.83014	2040.19480
6825.48009	2043.10588
6786.25327	2049.45689
6762.20408	2051.17262
6759.32871	2052.40368
6755.60143	2052.94720
6748.09765	2053.53330
6731.55225	2054.66293
	
Math-AUGMECON-II_5:	65
6107.32330	2336.13917
6124.99107	2287.90515
6154.75819	2266.60836
6158.58281	2257.90515
6164.92535	2248.45555
6171.87547	2243.63109
6174.14159	2242.40004
6192.52592	2233.93914
6198.85948	2228.45555
6208.07573	2222.40004
6226.20540	2211.68936
6239.56562	2203.99882
6246.82420	2200.50163
6256.20282	2193.62226
6264.61676	2190.93932
6273.83300	2184.88380
6282.65090	2182.55024
6292.73751	2176.30391
6313.93543	2169.89405
6321.12821	2169.11889
6337.63132	2161.94390
6340.50670	2160.71284
6348.51564	2156.11315
6363.35863	2154.32492
6381.62256	2145.91888
6388.25643	2144.80948
6397.34343	2144.00570
6406.31003	2138.83015
6413.92113	2136.56056
6422.88772	2131.38502
6466.57324	2119.64082
6471.34224	2118.63577
6489.48433	2112.52479
7700.34446	1976.19115
7654.52230	1977.42221
7457.73215	1986.83610
7422.52815	1992.23652
7395.16553	1996.34983
7388.56300	1996.77037
7371.73711	1997.09621
7349.34337	1997.58089
7326.43229	1998.81194
7319.73186	2000.43472
7227.96636	2003.01980
7181.52343	2005.22021
7152.55322	2006.99478
7129.64214	2008.22584
7105.59295	2009.94157
7076.13647	2015.21332
7057.93812	2019.02947
7049.01399	2020.10873
7026.62025	2020.59340
7003.70917	2021.82445
6979.65999	2023.54018
6950.68978	2025.31476
6926.64059	2027.03049
6912.53417	2029.39116
6897.18411	2032.30225
6883.07768	2034.66293
6877.84765	2036.60306
6854.93657	2037.83412
6840.83014	2040.19480
6825.48009	2043.10588
6811.37366	2045.46656
6808.62083	2049.45689
	
Math-AUGMECON-II_6:	56
6107.32330	2336.13917
6114.19790	2316.32822
6116.45715	2301.59998
6129.06748	2279.68660
6138.28373	2273.63109
6162.65922	2249.68660
6164.92535	2248.45555
6186.98695	2235.83149
6193.89577	2231.77611
6215.61930	2219.90790
6226.20540	2211.68936
6234.36298	2207.89632
6241.86049	2203.82220
6246.98657	2199.67777
6261.10264	2191.12511
6264.95388	2189.79095
6270.31889	2185.06959
6274.33249	2182.91158
6292.73751	2176.30391
6313.93543	2169.89405
6337.63132	2161.94390
6339.54905	2161.28869
6353.90676	2155.81764
6367.60908	2149.60356
6381.62256	2145.91888
6402.24466	2141.58255
6409.18540	2137.59910
6422.88772	2131.38502
6450.30126	2122.80513
6466.57324	2119.64082
6472.59548	2117.44053
6475.47085	2116.20948
6496.36365	2110.64210
7700.34446	1976.19115
7601.50291	1980.91251
7510.75154	1983.34580
7433.68296	1988.55183
7412.61219	1995.05465
7367.38289	1997.58089
7349.34337	1997.58089
7251.39477	2002.27342
7182.66153	2004.73553
7158.61235	2006.45126
7057.93812	2019.02947
7049.01399	2020.10873
7026.62025	2020.59340
7003.70917	2021.82445
6979.65999	2023.54018
6950.68978	2025.31476
6926.64059	2027.03049
6912.53416	2029.39117
6897.18411	2032.30225
6878.98576	2036.11839
6854.93657	2037.83412
6840.83014	2040.19480
6825.48009	2043.10588
	
Math-AUGMECON-II_7:	32
6337.63132	2161.94390
6348.51564	2156.11315
6422.88772	2131.38502
6436.90120	2127.70033
6466.57324	2119.64082
6486.60896	2113.75584
6496.36365	2110.64210
6496.61331	2109.76213
6519.15637	2104.46528
6546.32107	2095.81764
6558.16303	2089.41104
6582.21222	2087.69531
6585.07205	2086.34128
6593.15867	2083.00278
6632.28032	2077.27684
6633.89984	2074.23383
6636.77521	2073.00278
6642.86643	2069.05829
6656.97286	2066.69761
6659.84823	2065.46656
6728.67688	2055.89398
6731.55225	2054.66293
6759.32871	2052.40368
8620.44676	1948.15116
8574.62460	1949.38222
8544.46592	1951.00499
8482.88693	1951.22940
8333.16805	1952.29329
8200.70515	1957.79841
8090.69516	1959.70821
8044.87300	1960.93927
8004.05500	1963.98227
	
Math-AUGMECON-II_8:	58
6124.99107	2287.90515
6136.88773	2277.90515
6147.47383	2269.68660
6156.69008	2263.63109
6158.58281	2257.90515
6162.65922	2249.68660
6171.87547	2243.63109
6183.30967	2239.99466
6186.98694	2235.83149
6193.89577	2231.77611
6197.48962	2230.61858
6203.11202	2225.72060
6215.61930	2219.90790
6252.18921	2195.78027
6282.65090	2182.55024
6293.23700	2174.33169
6321.12821	2169.11889
6323.61784	2165.62859
6345.46872	2160.31424
6353.90676	2155.81764
6367.60908	2149.60356
6400.21881	2142.77464
6406.31003	2138.83015
6434.20569	2130.74333
6436.90120	2127.70033
6442.21464	2126.14364
6450.30126	2122.80513
6471.34224	2118.63577
6486.60896	2113.75584
6497.49328	2107.92509
6505.57990	2104.58659
6536.23173	2101.09628
6544.70155	2098.86064
7182.66153	2004.73553
7158.61235	2006.45126
7129.64214	2008.22584
7105.59295	2009.94157
7100.18566	2013.49760
7076.13647	2015.21332
7049.01399	2020.10873
7026.62025	2020.59340
7003.70917	2021.82445
6973.60085	2024.08370
6950.68978	2025.31476
6938.28491	2027.03049
6912.53416	2029.39117
6897.18411	2032.30225
6883.07768	2034.66293
6854.93657	2037.83412
6840.83014	2040.19480
6825.48009	2043.10588
6811.37366	2045.46656
6786.25327	2049.45689
6762.20408	2051.17262
6748.09765	2053.53330
6728.67688	2055.89398
6717.44582	2057.02360
6706.29100	2060.70829
	
Math-AUGMECON-II_9:	58
6107.32330	2336.13917
6114.19790	2316.32822
6116.45715	2301.59998
6124.99107	2287.90515
6129.06748	2279.68660
6136.88773	2277.90515
6147.47383	2269.68660
6158.58281	2257.90515
6162.65922	2249.68660
6164.92535	2248.45555
6183.30967	2239.99466
6186.98695	2235.83149
6193.89577	2231.77611
6203.11202	2225.72060
6226.20540	2211.68936
6228.59794	2210.05433
6238.00926	2205.15635
6242.02286	2202.99834
6256.20282	2193.62226
6261.10264	2191.12511
6274.33249	2182.91158
6284.02076	2180.38720
6293.23700	2174.33169
6301.78823	2174.09083
6313.93543	2169.89405
6348.51564	2156.11315
6363.35863	2154.32492
6381.62256	2145.91888
6388.25643	2144.80948
6409.18540	2137.59910
6417.31684	2135.65908
8482.88693	1951.22940
8478.16557	1951.22940
8333.16754	1952.29330
8287.34538	1953.52435
8280.64495	1955.14713
8234.32599	1957.01466
8227.14132	1957.60076
8200.70515	1957.79841
8181.31916	1958.83182
8090.69516	1959.70821
8044.87300	1960.93927
8038.17257	1962.56204
8004.05493	1963.98227
7991.85361	1964.42957
7958.23277	1965.21332
7945.34959	1966.24673
7918.25956	1968.61756
7892.33020	1969.73704
7871.94060	1970.48508
7859.62146	1970.52079
7821.25920	1972.11474
7813.98801	1972.30225
7792.54326	1974.69983
7768.23981	1975.60505
7746.72110	1975.93088
7700.34446	1976.19115
7654.52230	1977.42221
	
Math-AUGMECON-II_10:	58
6215.61930	2219.90790
6236.63940	2207.31938
6256.20282	2193.62226
6270.31889	2185.06959
6274.33249	2182.91158
6313.93543	2169.89405
6337.63132	2161.94390
6339.54905	2161.28869
6367.60908	2149.60356
6400.74736	2142.09570
6406.31003	2138.83015
6442.21464	2126.14364
6471.34224	2118.63577
6475.47085	2116.20948
6488.52669	2113.10064
6505.57990	2104.58659
6544.70155	2098.86064
6546.07141	2096.69761
6555.28766	2090.64210
6579.33684	2088.92637
6585.07205	2086.34128
6593.15867	2083.00278
6623.81050	2079.51248
6633.89984	2074.23383
6642.86643	2069.05829
6645.74180	2067.82724
6656.97286	2066.69761
6676.39363	2064.33693
8044.87300	1960.93927
7924.95999	1966.99478
7892.33020	1969.73704
7859.62146	1970.52079
7821.25920	1972.11474
7813.98801	1972.30225
7654.52230	1977.42221
7601.50291	1980.91251
7556.57370	1982.11474
7510.75154	1983.34580
7486.70236	1985.06153
7457.73215	1986.83610
7433.68296	1988.55183
7395.16553	1996.34983
7349.34337	1997.58089
7326.43229	1998.81194
7297.51155	2000.52767
7273.78851	2001.78875
7251.39477	2002.27342
7227.96636	2003.01980
7182.66153	2004.73553
7158.61235	2006.45126
7129.64214	2008.22584
7105.59295	2009.94157
7100.18566	2013.49760
7076.13647	2015.21332
7049.01399	2020.10873
7026.62025	2020.59340
7003.70917	2021.82445
6979.65999	2023.54018
	
Math-AUGMECON-II_11:	52
6107.32330	2336.13917
6116.45715	2301.59998
6124.99107	2287.90515
6138.28372	2273.63111
6147.47383	2269.68660
6148.86295	2268.35245
6156.69008	2263.63109
6158.58281	2257.90515
6162.65922	2249.68660
6171.87547	2243.63109
6197.48962	2230.61858
6203.11202	2225.72060
6208.07573	2222.40004
6216.98916	2217.74487
6226.20540	2211.68936
6234.36298	2207.89632
6238.00926	2205.15635
6246.82420	2200.50163
6250.83781	2198.34362
6261.10264	2191.12511
6264.95388	2189.79095
6274.33249	2182.91158
6292.73751	2176.30391
6309.00949	2173.13960
6323.61784	2165.62859
6366.23400	2153.09387
6367.60908	2149.60356
6388.25643	2144.80948
6400.74736	2142.09570
8004.05493	1963.98227
7958.23277	1965.21332
7918.25956	1968.61756
7871.94060	1970.48508
7821.25920	1972.11474
7813.98801	1972.30225
7807.28758	1973.92502
7760.96861	1975.79255
7746.72110	1975.93088
7700.34446	1976.19115
7687.52809	1977.42220
7654.52230	1977.42221
7601.50291	1980.91251
7556.57370	1982.11474
7510.75154	1983.34580
7486.70236	1985.06153
7457.73223	1986.83610
7433.68296	1988.55183
7422.52815	1992.23652
7409.44435	1995.40083
7395.16553	1996.34983
7371.73711	1997.09621
7362.00970	1997.58089
	
Math-AUGMECON-II_12:	47
6158.58281	2257.90515
6162.65922	2249.68660
6183.30967	2239.99466
6186.98695	2235.83149
6193.89577	2231.77611
6203.11202	2225.72060
6208.07573	2222.40004
6216.98916	2217.74487
6228.59794	2210.05433
6237.60795	2206.55714
6238.00926	2205.15635
6247.22550	2199.10084
6261.10264	2191.12511
6265.11625	2188.96709
6268.96748	2187.63294
6270.31889	2185.06959
6284.02076	2180.38720
6293.23700	2174.33169
6337.63132	2161.94390
6339.54905	2161.28869
6348.51564	2156.11315
6363.35863	2154.32492
6366.23400	2153.09387
6367.60908	2149.60356
6381.62256	2145.91888
6388.25643	2144.80948
6406.31003	2138.83015
7654.52230	1977.42221
7601.50291	1980.91251
7556.57370	1982.11474
7510.75154	1983.34580
7486.70238	1985.06153
7457.73215	1986.83610
7433.68296	1988.55183
7422.52815	1992.23652
7388.56300	1996.77037
7371.73711	1997.09621
7362.00970	1997.58089
7349.34337	1997.58089
7326.43229	1998.81194
7297.51155	2000.52767
7273.78851	2001.78875
7227.96636	2003.01980
7203.91717	2004.73553
7194.30585	2004.73553
7158.61235	2006.45126
7105.59295	2009.94157
	
Math-AUGMECON-II_13:	65
6107.32330	2336.13917
6114.19790	2316.32822
6116.45715	2301.59998
6124.99107	2287.90515
6129.06748	2279.68660
6138.28372	2273.63110
6151.12908	2267.12139
6158.58281	2257.90515
6162.65922	2249.68660
6171.87547	2243.63109
6192.52592	2233.93914
6193.89577	2231.77611
6208.07573	2222.40004
6215.61930	2219.90790
6219.38170	2216.10984
6226.20540	2211.68936
6234.36298	2207.89632
6236.63940	2207.31938
6242.97296	2201.83579
6252.18921	2195.78027
6265.11625	2188.96709
6268.96748	2187.63294
6274.33249	2182.91158
6284.02076	2180.38720
6313.93543	2169.89405
6321.12821	2169.11889
6326.49322	2164.39753
6337.63132	2161.94390
6353.90676	2155.81764
6366.23400	2153.09387
6381.62256	2145.91888
7556.57370	1982.11474
7510.75154	1983.34580
7433.68296	1988.55183
7412.61219	1995.05465
7395.16553	1996.34983
7349.34337	1997.58089
7321.56073	1998.81194
7273.78851	2001.78875
7182.66153	2004.73553
7158.61235	2006.45126
7152.55322	2006.99478
7129.64214	2008.22584
7105.59295	2009.94157
7076.13647	2015.21332
7057.93812	2019.02947
7026.62025	2020.59340
7015.35349	2021.82445
6979.65999	2023.54018
6950.68978	2025.31476
6912.53416	2029.39117
6883.07768	2034.66293
6854.93657	2037.83412
6840.83014	2040.19480
6811.37366	2045.46656
6786.25327	2049.45689
6762.20408	2051.17262
6731.55225	2054.66293
6714.57045	2058.25466
6706.29100	2060.70829
6690.50006	2061.97625
6687.62469	2063.20731
6659.84823	2065.46656
6645.74180	2067.82724
6607.26510	2080.64210
	
Math-AUGMECON-II_14:	62
6124.99107	2287.90515
6129.06748	2279.68660
6147.47383	2269.68660
6156.69008	2263.63109
6162.65922	2249.68660
6177.77070	2241.88701
6186.98694	2235.83149
6197.48962	2230.61858
6208.07573	2222.40004
6216.98916	2217.74487
6228.59794	2210.05433
6242.02286	2202.99834
6256.20282	2193.62226
6264.95388	2189.79095
6270.31889	2185.06959
6287.87199	2179.05305
6309.50899	2171.16738
6323.61784	2165.62859
6348.01615	2158.08537
6402.24466	2141.58255
6406.31003	2138.83015
6409.18540	2137.59910
6413.92113	2136.56056
6420.19221	2134.42802
6436.90120	2127.70033
6442.21464	2126.14364
6450.30126	2122.80513
6466.57324	2119.64082
6475.47085	2116.20948
6486.60896	2113.75584
6497.49328	2107.92509
6502.88439	2107.62959
6529.62908	2102.87086
7556.57370	1982.11474
7510.75160	1983.34580
7433.68296	1988.55183
7321.56073	1998.81194
7297.51155	2000.52767
7273.78851	2001.78875
7227.96636	2003.01980
7205.57261	2003.50448
7182.66153	2004.73553
7158.61235	2006.45126
7129.64214	2008.22584
7094.43814	2013.62625
7049.01399	2020.10873
7026.62025	2020.59340
6979.65999	2023.54018
6950.68978	2025.31476
6926.64059	2027.03049
6912.53416	2029.39117
6883.07768	2034.66293
6854.93657	2037.83412
6825.48009	2043.10588
6786.25327	2049.45689
6783.37789	2050.68795
6762.20408	2051.17262
6755.60143	2052.94720
6748.09765	2053.53330
6717.44582	2057.02360
6706.29100	2060.70829
6690.50006	2061.97625
	
Math-AUGMECON-II_15:	63
6114.19790	2316.32822
6116.45715	2301.59998
6124.99107	2287.90516
6129.06748	2279.68660
6138.28372	2273.63110
6147.47383	2269.68660
6162.65922	2249.68660
6171.87547	2243.63109
6208.07573	2222.40004
6215.61930	2219.90790
6219.38170	2216.10984
6226.20540	2211.68936
6234.36298	2207.89632
6252.18921	2195.78027
6256.20282	2193.62226
6274.33249	2182.91158
6283.52126	2182.35943
6292.73751	2176.30391
6293.23700	2174.33169
6309.00949	2173.13960
6348.51564	2156.11315
6363.35863	2154.32492
6380.24748	2149.40918
6381.62256	2145.91888
6409.18540	2137.59910
6436.90120	2127.70033
6466.25461	2122.26499
6475.47085	2116.20948
6486.60896	2113.75584
6497.49328	2107.92509
6505.57990	2104.58659
6539.98019	2100.64210
6544.70155	2098.86064
6546.07141	2096.69761
6555.28766	2090.64210
7958.23277	1965.21332
7924.95999	1966.99478
7871.94060	1970.48508
7821.25920	1972.11474
7807.28758	1973.92502
7760.96861	1975.79255
7654.52230	1977.42221
7601.50291	1980.91251
7556.57370	1982.11474
7510.75154	1983.34580
7433.68296	1988.55183
7412.61219	1995.05465
7388.56300	1996.77037
7371.73711	1997.09621
7339.09862	1998.81194
7326.43229	1998.81194
7315.04944	2000.52767
7297.51155	2000.52767
7273.78851	2001.78875
7251.39477	2002.27342
7227.96636	2003.01980
7205.57261	2003.50448
7182.66153	2004.73553
7158.61235	2006.45126
7129.64214	2008.22584
7105.59295	2009.94157
7094.43814	2013.62625
7064.98166	2018.89801
	
Math-AUGMECON-II_16:	58
6116.45715	2301.59998
6129.06748	2279.68660
6138.28373	2273.63109
6148.86295	2268.35245
6156.69008	2263.63109
6158.95621	2262.40004
6171.87547	2243.63109
6186.98695	2235.83149
6192.52592	2233.93914
6193.89577	2231.77611
6197.48962	2230.61858
6203.11202	2225.72060
6216.98916	2217.74487
6228.59794	2210.05433
6236.63940	2207.31938
6241.86049	2203.82220
6247.22550	2199.10084
6264.95388	2189.79095
6270.31889	2185.06959
6274.33249	2182.91158
6292.73751	2176.30391
6309.50899	2171.16738
6323.61784	2165.62859
6339.54905	2161.28869
6348.51564	2156.11315
6366.23400	2153.09387
6381.62256	2145.91888
6400.21881	2142.77464
6406.31003	2138.83015
6420.19221	2134.42802
6434.20569	2130.74333
6450.30126	2122.80513
6466.57324	2119.64082
7821.25920	1972.11474
7768.23981	1975.60505
7654.52230	1977.42221
7601.50291	1980.91251
7556.57370	1982.11474
7510.75154	1983.34580
7422.52815	1992.23652
7371.73711	1997.09621
7367.38289	1997.58089
7338.07661	1998.81194
7326.43229	1998.81194
7319.73186	2000.43472
7297.51155	2000.52767
7273.78851	2001.78875
7251.39477	2002.27342
7227.96636	2003.01980
7205.57261	2003.50448
7182.66153	2004.73553
7158.61235	2006.45126
7152.55322	2006.99478
7129.64214	2008.22584
7105.59295	2009.94157
7094.43814	2013.62625
7076.13647	2015.21332
7064.98166	2018.89801
	
Math-AUGMECON-II_17:	63
6226.20540	2211.68936
6238.00926	2205.15635
6247.22550	2199.10084
6256.20282	2193.62226
6270.31889	2185.06959
6274.33249	2182.91158
6287.87199	2179.05305
6309.50899	2171.16738
6323.61784	2165.62859
6348.01615	2158.08537
6366.33870	2152.90656
6367.60908	2149.60356
6388.25643	2144.80948
6406.31003	2138.83015
6413.92113	2136.56056
6420.19221	2134.42802
6434.20569	2130.74333
6442.21464	2126.14364
6466.50426	2121.38502
6475.47085	2116.20948
6486.60896	2113.75584
6497.49328	2107.92509
6502.88439	2107.62959
6529.62908	2102.87086
6536.23173	2101.09628
6544.70155	2098.86064
6546.32107	2095.81764
6555.28766	2090.64210
6585.07205	2086.34128
6593.15867	2083.00278
6629.86705	2078.60741
6633.89984	2074.23383
6642.86643	2069.05829
7510.75154	1983.34580
7433.68296	1988.55183
7422.52815	1992.23652
7388.56300	1996.77037
7367.38289	1997.58089
7297.51155	2000.52767
7273.78851	2001.78875
7227.96636	2003.01980
7205.57261	2003.50448
7182.66157	2004.73553
7158.61235	2006.45126
7152.55322	2006.99478
7105.59295	2009.94157
7094.43814	2013.62625
7064.98165	2018.89801
7026.62025	2020.59340
7003.70917	2021.82445
6979.65999	2023.54018
6973.60085	2024.08370
6950.68978	2025.31476
6926.64059	2027.03049
6897.18411	2032.30225
6877.84765	2036.60306
6840.83014	2040.19480
6825.48009	2043.10588
6811.37366	2045.46656
6786.25327	2049.45689
6762.20408	2051.17262
6755.60143	2052.94720
6748.09765	2053.53330
	
Math-AUGMECON-II_18:	60
6171.87547	2243.63109
6183.30967	2239.99466
6186.98695	2235.83149
6193.89577	2231.77611
6203.11202	2225.72060
6216.98916	2217.74487
6226.20540	2211.68936
6228.59794	2210.05433
6236.63940	2207.31938
6239.56562	2203.99882
6247.22550	2199.10084
6251.23911	2196.94282
6256.20282	2193.62226
6264.95388	2189.79095
6270.31889	2185.06959
6284.02076	2180.38720
6292.73751	2176.30391
6301.78823	2174.09083
6321.12821	2169.11889
6337.63132	2161.94390
6363.35863	2154.32492
6367.60908	2149.60356
6381.62256	2145.91888
6388.25643	2144.80948
6406.31003	2138.83015
6413.92113	2136.56056
6422.88772	2131.38502
6436.90120	2127.70033
6450.30126	2122.80513
6466.50426	2121.38502
6472.59548	2117.44053
6496.36365	2110.64210
6505.57990	2104.58659
7297.51155	2000.52767
7227.96636	2003.01980
7057.93812	2019.02947
7003.70917	2021.82445
6979.65999	2023.54018
6973.60085	2024.08370
6950.68978	2025.31476
6926.64059	2027.03049
6897.18411	2032.30225
6883.07768	2034.66293
6854.93657	2037.83412
6811.37366	2045.46656
6786.25327	2049.45689
6762.20408	2051.17262
6759.32871	2052.40368
6731.55225	2054.66293
6728.67688	2055.89398
6706.29100	2060.70829
6690.50006	2061.97625
6687.62469	2063.20731
6676.39363	2064.33693
6656.97286	2066.69761
6645.74180	2067.82724
6623.81050	2079.51248
6607.26510	2080.64210
6588.81486	2085.92074
6558.16303	2089.41104
	
Math-AUGMECON-II_19:	47
6107.32330	2336.13917
6114.19790	2316.32822
6116.45715	2301.59998
6124.99107	2287.90515
6129.06748	2279.68660
6138.28373	2273.63109
6147.47383	2269.68660
6158.58281	2257.90515
6162.65922	2249.68660
6171.87546	2243.63110
6174.14159	2242.40004
6193.89577	2231.77611
6203.11202	2225.72060
6215.61930	2219.90790
6226.20540	2211.68936
6237.60795	2206.55714
6251.23911	2196.94282
6261.10264	2191.12511
6274.33249	2182.91158
6287.87199	2179.05305
6313.93543	2169.89405
6326.49321	2164.39754
7647.82187	1979.04498
7510.75154	1983.34580
7486.70236	1985.06153
7457.73215	1986.83610
7349.34337	1997.58089
7326.43229	1998.81194
7297.51155	2000.52767
7273.78851	2001.78875
7158.61235	2006.45126
7105.59295	2009.94157
7100.18566	2013.49760
7064.98166	2018.89801
7057.93814	2019.02946
7049.01399	2020.10873
7015.35349	2021.82445
7003.70917	2021.82445
6979.65999	2023.54018
6950.68978	2025.31476
6926.64059	2027.03049
6912.53416	2029.39117
6897.18411	2032.30225
6883.07768	2034.66293
6877.84765	2036.60306
6854.93657	2037.83412
6840.83014	2040.19480
	
Math-AUGMECON-II_20:	52
6107.32330	2336.13917
6114.19790	2316.32822
6116.45715	2301.59998
6124.99107	2287.90515
6136.88773	2277.90515
6146.10397	2271.84964
6158.58281	2257.90515
6161.10543	2255.74212
6162.65922	2249.68660
6183.30967	2239.99466
6186.98695	2235.83149
6193.89577	2231.77611
6198.85946	2228.45557
6203.11202	2225.72060
6208.07573	2222.40004
6216.98916	2217.74487
6219.38170	2216.10984
6234.36298	2207.89632
6238.00926	2205.15635
6242.02286	2202.99834
6252.18921	2195.78027
6261.10264	2191.12511
6264.95388	2189.79095
6274.33249	2182.91158
6287.87199	2179.05305
8090.69521	1959.70821
8004.05493	1963.98227
7958.23277	1965.21332
7892.33020	1969.73704
7871.94060	1970.48508
7859.62146	1970.52079
7821.25928	1972.11474
7792.54326	1974.69983
7768.23981	1975.60505
7746.72110	1975.93088
7700.34446	1976.19115
7654.52230	1977.42221
7647.82187	1979.04498
7601.50291	1980.91251
7556.57379	1982.11474
7510.75154	1983.34580
7486.70236	1985.06153
7457.73215	1986.83610
7433.68296	1988.55183
7422.52815	1992.23652
7395.16553	1996.34983
7371.73711	1997.09621
7349.34337	1997.58089
7321.56073	1998.81194
7297.51155	2000.52767
7273.78851	2001.78875
7251.39477	2002.27342
	
Math-AUGMECON-II_21:	55
6107.32330	2336.13917
6114.19790	2316.32822
6116.45715	2301.59998
6124.99107	2287.90515
6129.06748	2279.68660
6146.10397	2271.84964
6162.65922	2249.68660
6171.87547	2243.63109
6174.14159	2242.40004
6186.98695	2235.83149
6193.89577	2231.77611
6208.07573	2222.40004
6226.20540	2211.68936
6234.36298	2207.89632
6245.87410	2201.66418
6252.18921	2195.78027
6256.20282	2193.62226
6268.96748	2187.63294
6284.02076	2180.38720
6309.00949	2173.13960
6309.50899	2171.16738
6321.12821	2169.11889
6323.61784	2165.62859
6348.01615	2158.08537
6363.35863	2154.32492
6367.60908	2149.60356
7601.50291	1980.91251
7510.75154	1983.34580
7486.70236	1985.06153
7326.43229	1998.81194
7297.51155	2000.52767
7273.78851	2001.78875
7227.96636	2003.01980
7205.57261	2003.50448
7194.30585	2004.73553
7158.61235	2006.45126
7152.55322	2006.99478
7117.23727	2009.94157
7105.59302	2009.94156
7076.13647	2015.21332
7057.93812	2019.02947
7049.01399	2020.10873
7026.62025	2020.59340
7003.70917	2021.82445
6979.65999	2023.54018
6973.60085	2024.08370
6950.68978	2025.31476
6938.28491	2027.03049
6926.64059	2027.03049
6897.18411	2032.30225
6883.07768	2034.66293
6854.93657	2037.83412
6825.48009	2043.10588
6811.37366	2045.46656
6786.25327	2049.45689
	
Math-AUGMECON-II_22:	50
6107.32330	2336.13917
6116.45715	2301.59998
6124.99107	2287.90515
6129.06748	2279.68660
6136.88773	2277.90515
6147.47383	2269.68660
6148.86295	2268.35245
6158.58281	2257.90515
6162.65922	2249.68660
6171.87547	2243.63109
6186.98695	2235.83149
6193.89577	2231.77611
6208.07573	2222.40004
6216.98916	2217.74487
6228.59794	2210.05433
6234.36298	2207.89632
6237.60795	2206.55714
6250.83781	2198.34362
6256.20282	2193.62226
6270.31889	2185.06959
6274.33249	2182.91158
6292.73751	2176.30391
6309.00949	2173.13960
6326.49322	2164.39753
6337.63132	2161.94390
6950.68978	2025.31476
6926.64059	2027.03049
6897.18411	2032.30225
6854.93657	2037.83412
6825.48009	2043.10588
6811.37366	2045.46656
6786.25327	2049.45689
6762.20408	2051.17262
6731.55225	2054.66293
6717.44582	2057.02360
6690.50006	2061.97625
6687.62469	2063.20731
6676.39363	2064.33693
6659.84823	2065.46656
6656.97286	2066.69761
6645.74180	2067.82724
6623.81050	2079.51248
6607.26510	2080.64210
6593.15867	2083.00278
6579.33684	2088.92637
6558.16303	2089.41104
6546.32107	2095.81764
6536.23173	2101.09628
6505.57990	2104.58659
6502.88439	2107.62959
	
Math-AUGMECON-II_23:	62
6114.19790	2316.32822
6116.45715	2301.59998
6124.99107	2287.90515
6129.06748	2279.68660
6138.28372	2273.63110
6151.12908	2267.12139
6158.58281	2257.90515
6162.65922	2249.68660
6171.87547	2243.63109
6174.14159	2242.40004
6186.98695	2235.83149
6197.48962	2230.61858
6198.85948	2228.45555
6208.07573	2222.40004
6215.61930	2219.90790
6219.38170	2216.10984
6226.20540	2211.68936
6234.36298	2207.89632
6242.97296	2201.83579
6246.82420	2200.50163
6251.23911	2196.94282
6252.18921	2195.78027
6268.96748	2187.63294
6274.33249	2182.91158
6284.02076	2180.38720
6287.87199	2179.05305
6293.23700	2174.33169
6313.93543	2169.89405
6340.50670	2160.71284
6348.01615	2158.08537
6353.90676	2155.81764
6366.23400	2153.09387
6367.60908	2149.60356
6388.25643	2144.80948
6400.74736	2142.09570
7871.94060	1970.48508
7859.62146	1970.52079
7601.50291	1980.91251
7556.57370	1982.11474
7510.75154	1983.34580
7486.70236	1985.06153
7457.73215	1986.83610
7433.68296	1988.55183
7422.52815	1992.23652
7412.61219	1995.05465
7395.16553	1996.34983
7371.73711	1997.09621
7367.38312	1997.58087
7321.56073	1998.81194
7273.78851	2001.78875
7251.39477	2002.27342
7227.96636	2003.01980
7205.57261	2003.50448
7182.66153	2004.73553
7158.61235	2006.45126
7129.64214	2008.22584
7105.59295	2009.94157
7076.13647	2015.21332
7064.98165	2018.89801
7057.93812	2019.02947
7049.01399	2020.10873
7026.62025	2020.59340
	
Math-AUGMECON-II_24:	63
6107.32330	2336.13917
6114.19790	2316.32822
6116.45715	2301.59998
6124.99106	2287.90517
6129.06748	2279.68660
6136.88773	2277.90515
6147.47383	2269.68660
6148.86295	2268.35245
6156.69008	2263.63109
6160.84894	2256.67409
6161.10543	2255.74212
6164.92535	2248.45555
6171.87547	2243.63109
6192.52592	2233.93914
6198.85948	2228.45555
6208.07573	2222.40004
6216.98916	2217.74487
6219.38170	2216.10984
6226.20540	2211.68936
6236.63940	2207.31938
6242.97296	2201.83579
6246.82420	2200.50163
6251.23911	2196.94282
6261.10264	2191.12511
6274.33249	2182.91158
6292.73751	2176.30391
6309.50899	2171.16738
6323.61784	2165.62859
6348.01615	2158.08537
6366.23400	2153.09387
7654.52230	1977.42221
7601.50291	1980.91251
7556.57370	1982.11474
7510.75154	1983.34580
7486.70236	1985.06153
7457.73215	1986.83610
7433.68296	1988.55183
7412.61227	1995.05464
7371.73711	1997.09621
7349.34337	1997.58089
7338.07661	1998.81194
7251.39477	2002.27342
7227.96636	2003.01980
7205.57261	2003.50448
7182.66153	2004.73553
7158.61235	2006.45126
7100.18566	2013.49760
7076.13647	2015.21332
7064.98165	2018.89801
7044.08672	2020.59340
7026.62025	2020.59340
7003.70917	2021.82445
7002.57106	2022.30913
6979.65999	2023.54018
6950.68978	2025.31476
6926.64059	2027.03049
6897.18411	2032.30225
6883.07768	2034.66293
6852.47446	2040.19480
6840.83014	2040.19480
6825.48009	2043.10588
6786.25327	2049.45689
6783.37789	2050.68795
	
Math-AUGMECON-II_25:	51
6107.32330	2336.13917
6114.19790	2316.32822
6116.45715	2301.59998
6124.99107	2287.90516
6129.06748	2279.68660
6138.28372	2273.63110
6146.10397	2271.84964
6156.69008	2263.63109
6158.58281	2257.90515
6160.84894	2256.67409
6162.65922	2249.68660
6171.87547	2243.63109
6186.98695	2235.83149
6198.85947	2228.45555
6208.07573	2222.40004
6216.98916	2217.74487
6219.38170	2216.10984
6232.64425	2209.87771
6237.60795	2206.55714
6246.82420	2200.50163
6261.10264	2191.12511
6270.31889	2185.06959
6287.87199	2179.05305
6292.73751	2176.30391
6309.50895	2171.16739
6321.12821	2169.11889
6337.63132	2161.94390
8090.69516	1959.70821
8044.87300	1960.93927
8004.05493	1963.98227
7958.23277	1965.21332
7945.34959	1966.24673
7924.95999	1966.99478
7892.33020	1969.73704
7859.62146	1970.52079
7807.28758	1973.92502
7746.72110	1975.93088
7700.34446	1976.19115
7654.52230	1977.42221
7601.50291	1980.91251
7556.57370	1982.11474
7510.75154	1983.34580
7457.73215	1986.83610
7433.68296	1988.55183
7412.61219	1995.05465
7371.73711	1997.09621
7362.00970	1997.58089
7349.34337	1997.58089
7326.43229	1998.81194
7297.51155	2000.52767
7273.78851	2001.78875
	
Math-AUGMECON-II_26:	44
6107.32330	2336.13917
6114.19790	2316.32822
6116.45715	2301.59998
6124.99107	2287.90515
6129.06748	2279.68660
6138.28373	2273.63109
6147.47383	2269.68660
6158.58281	2257.90515
6162.65922	2249.68660
6171.87547	2243.63109
6186.98695	2235.83149
6193.89577	2231.77611
6203.11202	2225.72060
6208.07572	2222.40004
6216.98916	2217.74487
6226.20540	2211.68936
6228.59794	2210.05433
6239.56562	2203.99882
6247.22550	2199.10084
6256.20282	2193.62226
6264.95388	2189.79095
7654.52230	1977.42221
7457.73215	1986.83610
7433.68296	1988.55183
7422.52815	1992.23652
7297.51155	2000.52767
7273.78851	2001.78875
7251.39477	2002.27342
7227.96636	2003.01980
7205.57261	2003.50448
7182.66153	2004.73553
7158.61235	2006.45126
7129.64214	2008.22584
7105.59295	2009.94157
7094.43814	2013.62625
7064.98166	2018.89801
7049.01399	2020.10873
7026.62025	2020.59340
7003.70917	2021.82445
6979.65999	2023.54018
6950.68978	2025.31476
6926.64059	2027.03049
6912.53416	2029.39117
6897.18411	2032.30225
	
Math-AUGMECON-II_27:	45
6107.32330	2336.13917
6114.19790	2316.32822
6116.45715	2301.59998
6124.99107	2287.90515
6129.06748	2279.68660
6138.28373	2273.63109
6148.86295	2268.35245
6158.58281	2257.90515
6162.65922	2249.68660
6171.87547	2243.63109
6186.98695	2235.83149
6197.48962	2230.61858
6203.11202	2225.72060
6216.98916	2217.74487
6226.20540	2211.68936
6238.00926	2205.15635
6242.97296	2201.83579
6246.82420	2200.50163
6252.18921	2195.78027
6256.20282	2193.62226
6265.11625	2188.96709
6270.31889	2185.06959
6287.87199	2179.05305
6293.23700	2174.33169
8620.44676	1948.15116
8574.62460	1949.38222
8333.16754	1952.29330
8287.34538	1953.52435
8246.52731	1956.56735
8138.97943	1959.70821
8090.69516	1959.70821
8044.87300	1960.93927
8004.05493	1963.98227
7991.85361	1964.42957
7958.23277	1965.21332
7905.21347	1968.70362
7871.94060	1970.48508
7821.25920	1972.11474
7807.28758	1973.92502
7802.51889	1974.66292
7768.23981	1975.60505
7700.34446	1976.19115
7654.52230	1977.42221
7601.50291	1980.91251
7556.57370	1982.11474
	
Math-AUGMECON-II_28:	52
6238.00926	2205.15635
6292.73751	2176.30391
6293.23700	2174.33169
6321.12821	2169.11889
6323.61784	2165.62859
6337.63132	2161.94390
6358.39283	2155.65908
6367.60908	2149.60356
6381.62256	2145.91888
6403.20798	2141.19787
6409.18540	2137.59910
6420.19221	2134.42802
6442.21464	2126.14364
6466.50426	2121.38502
6471.34224	2118.63577
6486.60896	2113.75584
6488.52669	2113.10064
6496.36365	2110.64210
6497.49328	2107.92509
6544.70155	2098.86064
6549.19644	2094.58659
6585.07205	2086.34128
6593.15867	2083.00278
6632.28032	2077.27684
6633.89984	2074.23383
6636.77521	2073.00278
6642.86642	2069.05830
6690.50006	2061.97625
6706.29100	2060.70829
7807.28758	1973.92502
7760.96861	1975.79255
7654.52230	1977.42221
7601.50298	1980.91251
7556.57370	1982.11474
7486.70236	1985.06153
7433.68296	1988.55183
7422.52815	1992.23652
7395.16553	1996.34983
7371.73711	1997.09621
7349.34337	1997.58089
7321.56073	1998.81194
7297.51155	2000.52767
7227.96636	2003.01980
7182.66153	2004.73553
7158.61235	2006.45126
7129.64214	2008.22584
7105.59295	2009.94157
7100.18566	2013.49760
7076.13647	2015.21332
7064.98165	2018.89801
7049.01399	2020.10873
7026.62025	2020.59340
	
Math-AUGMECON-II_29:	63
6129.06748	2279.68660
6151.12908	2267.12139
6158.58281	2257.90515
6162.65922	2249.68660
6186.98694	2235.83149
6198.85948	2228.45555
6203.11202	2225.72060
6216.98916	2217.74487
6228.59794	2210.05433
6232.64425	2209.87771
6242.02286	2202.99834
6245.87410	2201.66418
6264.95388	2189.79095
6284.02076	2180.38720
6293.23700	2174.33169
6337.63132	2161.94390
6363.35863	2154.32492
6367.60908	2149.60356
6381.62256	2145.91888
6388.25643	2144.80948
6406.31003	2138.83015
6417.31684	2135.65908
6422.88772	2131.38502
6450.30126	2122.80513
6466.57324	2119.64082
6472.59548	2117.44053
6497.49328	2107.92509
6528.14511	2104.43479
6536.23173	2101.09628
6539.98019	2100.64210
6549.19644	2094.58659
6555.28766	2090.64210
6585.07205	2086.34128
6588.81486	2085.92074
7433.68296	1988.55183
7388.56300	1996.77037
7349.34337	1997.58089
7297.51155	2000.52767
7251.39477	2002.27342
7227.96636	2003.01980
7205.57261	2003.50448
7182.66153	2004.73553
7129.64214	2008.22584
7105.59297	2009.94156
7049.01399	2020.10873
7003.70917	2021.82445
6979.65999	2023.54018
6950.68978	2025.31476
6926.64059	2027.03049
6897.18411	2032.30225
6878.98576	2036.11839
6825.48009	2043.10588
6811.37366	2045.46656
6786.25327	2049.45689
6783.37789	2050.68795
6762.20408	2051.17262
6731.55225	2054.66293
6706.29100	2060.70829
6690.50006	2061.97625
6676.39363	2064.33693
6659.84823	2065.46656
6636.77521	2073.00278
6632.28032	2077.27684
	
Math-AUGMECON-II_30:	62
6114.19790	2316.32822
6116.45715	2301.59998
6129.06748	2279.68660
6138.28373	2273.63109
6156.69008	2263.63109
6161.10543	2255.74212
6171.87547	2243.63109
6186.98695	2235.83149
6198.85948	2228.45555
6208.07573	2222.40004
6219.38170	2216.10984
6234.36298	2207.89632
6238.00926	2205.15635
6251.23911	2196.94282
6259.73278	2193.28814
6261.10264	2191.12511
6268.96748	2187.63294
6292.73751	2176.30391
6309.00949	2173.13960
6321.12821	2169.11889
6323.61784	2165.62859
6366.23400	2153.09387
6381.62256	2145.91888
6400.74736	2142.09570
6409.18540	2137.59910
6420.19221	2134.42802
6422.88772	2131.38502
6471.34224	2118.63577
6483.43954	2115.29726
6486.60896	2113.75584
6505.57990	2104.58659
6529.62908	2102.87086
6536.23173	2101.09628
6546.07141	2096.69761
6555.28766	2090.64210
6579.33684	2088.92637
7510.75154	1983.34580
7486.70236	1985.06153
7422.52815	1992.23652
7395.16553	1996.34983
7371.73711	1997.09621
7349.34337	1997.58089
7321.56073	1998.81194
7297.51155	2000.52767
7273.78851	2001.78875
7251.39477	2002.27342
7158.61235	2006.45126
7152.55322	2006.99478
7129.64214	2008.22584
7105.59295	2009.94157
7100.18566	2013.49760
7076.13647	2015.21332
7064.98166	2018.89801
7049.01399	2020.10873
7044.08672	2020.59340
7026.62025	2020.59340
7003.70917	2021.82445
6979.65999	2023.54018
6950.68978	2025.31476
6926.64059	2027.03049
6912.53416	2029.39117
6897.18411	2032.30225