Numfront:	
61	
	
AUGMECON-II:	18
8288.42866	2870.23453
8298.20713	2833.89039
8307.46521	2779.54659
8311.32338	2751.96903
8326.02821	2721.77185
8335.11844	2683.55079
8349.82328	2653.35361
8377.20579	2619.56092
8403.26489	2583.22819
8431.45130	2545.47592
8474.15323	2510.31897
8543.81897	2476.41835
8597.19302	2437.24419
8691.94866	2402.32580
8797.08286	2367.35220
8869.78539	2333.17435
9008.02292	2294.52461
9112.69722	2260.38236
	
NSGA-II_1:	75
9740.87403	2229.00247
8403.99242	2838.69314
8417.95845	2767.88039
8420.29815	2699.61849
9636.63470	2240.00912
9515.32483	2243.03371
8976.75514	2392.47866
8500.09832	2638.45934
9019.99060	2371.51799
8838.15303	2411.45615
8581.27852	2548.08902
8915.11587	2393.76536
8761.63435	2441.88357
8453.15980	2649.32906
8648.50753	2505.72834
8415.29323	2797.43870
8800.20163	2412.43397
9725.59539	2231.36315
9291.69726	2271.93568
9177.37604	2336.29210
9374.12270	2269.07814
9079.72345	2352.32162
8415.76374	2773.18785
8404.46293	2814.44229
8596.55716	2545.72834
8549.24472	2565.85979
9096.66491	2342.24452
9411.08550	2254.04036
8540.06252	2577.09085
8528.95423	2597.35076
9251.88130	2297.50306
9268.13435	2290.15422
8472.65089	2644.90969
9026.49341	2355.66012
9276.41862	2274.29636
8769.91862	2426.02571
8702.68961	2468.38639
9687.64399	2232.34098
8631.75237	2521.13843
8564.52336	2563.49911
9196.89094	2330.09666
8406.65765	2809.13483
8694.40534	2484.24425
9329.64866	2270.95785
8432.86932	2680.82002
9209.18961	2316.65704
8440.58864	2668.12752
9233.03975	2308.08228
8732.97262	2454.79465
9500.04619	2245.39439
9462.09479	2246.37222
9041.77205	2353.29944
8899.83723	2396.12604
8861.88584	2397.10387
9236.60266	2299.86373
8846.60720	2399.46455
8519.77203	2608.58182
9651.91334	2237.64844
9446.81615	2248.73290
8986.67745	2381.22750
8784.92299	2414.79465
8717.69398	2457.15533
8616.47373	2523.49911
9395.82062	2262.23008
8682.39913	2499.87736
9081.38627	2344.60520
8512.97848	2623.28692
9126.24958	2340.52879
8607.29152	2534.73017
8677.17091	2502.86689
8508.76604	2625.34560
9001.95609	2378.86682
9153.79221	2337.80737
9224.46825	2314.29636
8437.08176	2678.76134
	
NSGA-II_2:	83
10109.29079	2211.63870
8484.84110	2911.88174
8511.34646	2850.45303
8522.18233	2792.53165
9858.17432	2230.10268
9737.54686	2233.44119
9963.09607	2219.40995
10083.72353	2216.07144
9666.66484	2249.74635
8575.36010	2685.70934
9576.06621	2249.87828
9062.09785	2363.52186
9937.52881	2223.84268
8540.79389	2733.63276
8532.20115	2743.62588
9317.41909	2306.68795
9252.60392	2328.99404
9280.03871	2327.76298
9523.06415	2255.54207
9384.66984	2279.88952
8578.24869	2660.89141
9711.97960	2237.87392
8525.95156	2770.71480
8527.08807	2764.21198
9069.47092	2350.01541
9440.26593	2272.25020
9883.74159	2225.66995
9125.06701	2342.37609
8545.90697	2713.04665
8780.15147	2479.60710
9308.20001	2321.35471
9178.06906	2336.71230
9002.31058	2372.02413
8748.27464	2499.69808
8838.52045	2435.75545
8798.70449	2461.32283
8783.71438	2471.38856
8802.26740	2453.10429
9010.96333	2367.95460
9174.02980	2340.53656
8675.70761	2542.02663
8695.47565	2532.31711
8906.89853	2405.23083
8842.08336	2427.53691
8715.52357	2516.45925
9696.69367	2246.53977
8492.79344	2868.73730
8601.66693	2604.47828
8592.49938	2646.28856
9465.83319	2267.81746
8561.29512	2698.32529
8640.26786	2570.33615
8504.70641	2865.92979
9225.16433	2336.10382
8946.71449	2379.66345
9357.23505	2281.12058
9338.68203	2299.40485
8823.53034	2445.82118
8928.16147	2397.94772
8651.35832	2567.95022
9225.16433	2336.10382
8655.65969	2557.88449
8620.21995	2586.19401
8897.67945	2419.89759
8888.34551	2423.51510
9467.46807	2263.18139
8974.14928	2378.43239
9096.90571	2348.78436
9494.90286	2261.95033
9412.83114	2273.48126
8491.09068	2884.79282
8486.54386	2895.82622
8763.26474	2489.63235
8744.71173	2507.91662
9550.49894	2254.31101
8615.91857	2596.25974
8598.74897	2619.19964
8595.41734	2631.56720
10109.29079	2211.63870
9353.67214	2289.33912
8943.15158	2387.88199
8729.77521	2508.24071
8869.51815	2426.30585
	
NSGA-II_3:	92
10306.84400	2207.47851
8421.06456	2730.23618
10046.49985	2223.91560
10215.28929	2223.08475
8491.68908	2583.86439
8457.06083	2642.12681
8436.91841	2670.12747
8432.73476	2727.32510
8478.77076	2614.44326
8436.29983	2697.86862
8455.96078	2666.30429
8436.44790	2694.37832
8881.27747	2396.21961
9825.76135	2259.12034
8688.15896	2490.88372
8653.24547	2495.03274
8515.47101	2575.06662
8468.87909	2635.72542
8792.21396	2430.99931
9014.84040	2382.48844
9977.99117	2229.61479
8696.42129	2476.16236
8810.78123	2411.54971
8471.39859	2615.35536
8780.59118	2449.37654
8643.20169	2509.75410
9119.06932	2363.81678
9916.99374	2240.49966
9708.24774	2268.26207
9692.19842	2272.85151
9259.85570	2334.56895
9862.99302	2246.06692
9468.60169	2306.80654
9560.21002	2300.92308
8995.72908	2391.80111
9068.07044	2379.14994
8864.01127	2408.21121
8934.50751	2392.88110
9090.02347	2368.45720
8743.55222	2453.91039
8617.99735	2510.36284
9993.26981	2227.25411
9378.13999	2323.19846
9066.26704	2380.93139
9522.25862	2301.90091
9415.37166	2310.14504
9136.12942	2353.23756
9453.32305	2309.16722
9174.08082	2352.25973
9654.24702	2273.82933
10291.56536	2209.83919
9244.57706	2336.92963
9861.21156	2254.28547
9565.99688	2294.26159
8558.91809	2541.50371
9746.19914	2267.28424
9787.80995	2260.09817
8582.70002	2532.70594
8605.90407	2521.59390
8538.62760	2572.99468
9393.41863	2320.83778
9400.09302	2312.50572
9191.34702	2340.26813
9189.35946	2349.89905
10238.33533	2213.17770
9954.94513	2239.52184
10230.56793	2220.72407
8724.98495	2473.35999
8862.20787	2409.99266
8932.70411	2394.66256
8795.77687	2422.78077
8728.54786	2465.14145
9307.60202	2334.06817
8808.99978	2419.76826
8741.77077	2462.12894
9638.96838	2276.19001
9120.85078	2355.59824
9900.94442	2245.08910
9013.83811	2389.37155
8550.76834	2552.72352
8786.58050	2443.58440
9637.18692	2284.40856
9606.49754	2287.42107
9506.97998	2304.26159
10031.22121	2226.27628
9340.18859	2324.17629
9206.62566	2337.90745
8538.67506	2563.95458
9324.90995	2326.53697
9322.88066	2331.70749
9621.77618	2285.06039
10253.61397	2210.81702
	
NSGA-II_4:	80
10010.77618	2213.81188
8496.31126	2767.83558
9733.22436	2233.31941
8511.38387	2738.76756
9268.78486	2289.33802
9958.77357	2219.28817
8523.86025	2704.03480
9864.58146	2221.58312
9639.03225	2235.61436
9758.79162	2228.88667
9284.17301	2274.61666
8542.51418	2662.22452
8531.62686	2696.87969
8505.21554	2743.09873
8505.13428	2765.85648
8604.34050	2591.31118
8532.47040	2676.94588
9587.02964	2241.09065
8896.37612	2362.24755
8790.94817	2418.98450
8659.16147	2519.20015
9121.67787	2324.76680
9510.16678	2250.98756
9443.40946	2252.05145
9054.92055	2325.83069
9144.20954	2308.99294
9200.77451	2295.11060
9536.60213	2249.94400
9001.91850	2331.49448
9390.40740	2257.71524
9416.97411	2253.09500
9984.34083	2214.85543
9838.14611	2222.62667
9812.57884	2227.05941
8781.58761	2434.19742
8935.66719	2358.10541
9141.29158	2323.71430
9363.97206	2258.75880
8975.48315	2332.53804
9351.50187	2266.97734
8545.31575	2644.09205
8574.53121	2628.03654
8555.35953	2629.37069
9335.30754	2270.18393
8584.57499	2613.31518
8822.08293	2403.21959
8743.60959	2451.09305
9147.77245	2300.77439
8795.64759	2404.26314
8832.18050	2396.62382
8753.70716	2444.49728
8685.59681	2518.15660
8860.06096	2386.32396
8533.60690	2670.44307
8703.79883	2476.41066
8717.17424	2452.13660
8713.61133	2460.35515
8618.69586	2565.83489
8700.88087	2491.13202
8639.11355	2535.05802
8835.74342	2388.40528
8757.27007	2436.27874
8615.98237	2575.25567
8688.30697	2508.38977
8792.08467	2412.48169
8635.55064	2543.27656
8699.94884	2492.33425
9227.20986	2294.06705
8874.75462	2374.55363
8603.20400	2597.81399
8623.39527	2551.11353
9028.48520	2326.87424
9174.20780	2299.73084
8953.41964	2348.39590
9612.59690	2236.65792
9563.16883	2245.32376
9310.60836	2273.57311
8871.19171	2382.77218
8634.41413	2549.77938
8963.01296	2340.75658
	
NSGA-II_5:	87
10156.40510	2187.91022
8410.21869	2731.96535
8450.18906	2693.65583
8459.68396	2647.19398
8492.18660	2567.38303
8885.39544	2377.13697
8430.50918	2700.47438
8416.61007	2731.95837
9862.34722	2207.64064
9283.20267	2246.84621
10087.89642	2193.60940
8471.89611	2598.87400
8711.59504	2437.10709
8465.64653	2625.96292
8486.22404	2588.61409
9047.04414	2310.38346
8947.31314	2332.85524
9784.66117	2209.71270
10010.21038	2195.68146
9360.88871	2244.77415
8894.88997	2361.72562
8659.96883	2464.17613
9930.85589	2201.94146
9691.02524	2218.37855
9544.83052	2226.14979
9615.99801	2225.97638
8842.68201	2380.72870
8465.93355	2620.10506
9149.03847	2271.38037
9743.81527	2216.50612
8606.96391	2484.98055
8577.61244	2492.51875
8682.24357	2444.64529
8912.80541	2350.49456
9257.63540	2251.27894
10141.12646	2190.27090
9877.62586	2205.27996
9675.74660	2220.73923
10103.17506	2191.24872
9376.16735	2242.41347
8548.10953	2534.68457
8990.02658	2329.26351
8556.87199	2520.83794
8569.03695	2503.85093
9194.38870	2258.91826
9044.40734	2319.25383
9984.64311	2200.11419
9132.44618	2277.78864
8929.39770	2344.08630
8824.76657	2391.95976
8806.39283	2406.58657
8536.58150	2552.32891
9429.39739	2239.07496
9151.67527	2262.51000
9179.11006	2261.27894
9111.85931	2288.07737
8944.67634	2341.72562
8911.02396	2358.71311
8840.04521	2389.59908
9089.75757	2306.79172
9117.16754	2280.14932
8548.29650	2532.17012
8528.00601	2563.66109
9219.95597	2254.48553
8722.98048	2425.77492
8618.34935	2473.64837
9491.82846	2231.81358
9099.25210	2291.38037
9459.78662	2238.04844
8764.59996	2416.30267
9523.03332	2230.40912
8527.81905	2566.17554
9025.83848	2322.85524
8773.50724	2408.08413
9915.57725	2204.30214
9414.11875	2241.43564
9637.79520	2221.71705
8668.87611	2455.95759
8537.07492	2548.51266
8808.17428	2398.36802
8436.90056	2700.46740
9092.63023	2303.35602
9267.92403	2249.20689
8738.25912	2423.41424
8633.62799	2471.28770
9529.55188	2228.51047
9622.51656	2224.07773
	
NSGA-II_6:	78
9708.28052	2235.12901
8567.52836	2844.74531
9149.76606	2359.92511
9221.76329	2352.14346
8826.15240	2488.48890
9018.63650	2405.49249
9343.32031	2321.44980
9070.65903	2389.63463
9148.02664	2369.05540
9097.74354	2375.78298
8943.66451	2439.40065
8893.38141	2446.12822
8742.08121	2577.43514
9452.50131	2295.59194
8698.92991	2621.57247
8945.40393	2430.27036
9583.51952	2254.32538
8697.80727	2641.44547
9529.86892	2275.01271
9299.26163	2325.77209
8869.39795	2478.64758
9096.00411	2384.91327
9247.23911	2341.62996
9370.53556	2301.80602
8633.42177	2738.04197
9531.60835	2265.88243
8684.62776	2643.68350
8635.58923	2721.56821
9492.06754	2280.13807
9057.92758	2401.35035
8567.99887	2820.49446
9623.27077	2247.72961
9545.75048	2257.66388
9472.63277	2293.29699
9235.90542	2343.92491
9291.42852	2331.51553
8580.35955	2806.35232
9477.97713	2285.07844
8979.53545	2428.56899
9345.05973	2312.31951
8673.00499	2662.06072
8664.33728	2675.17447
8730.45844	2595.81236
8802.16894	2521.00826
9017.40116	2422.48870
8815.14610	2506.12822
9628.61514	2239.51107
9420.53658	2295.99594
8791.16264	2538.64758
8612.78596	2748.26559
8785.32677	2567.59382
8652.20136	2701.77023
8796.93901	2537.87910
8588.28936	2789.00349
8772.95556	2570.39846
8601.16318	2766.64281
9365.19119	2310.02456
8632.90862	2746.26051
9273.78581	2336.28559
9396.97090	2300.76247
8652.71450	2693.55169
9057.92758	2401.35035
8891.64198	2455.25851
8785.48340	2553.41097
9009.71361	2423.39172
9681.84517	2236.17256
9557.08417	2255.36893
9655.05048	2238.46751
8805.86191	2519.97987
8592.49547	2779.75656
9681.84517	2236.17256
8721.79073	2608.92611
9603.13932	2250.02456
8568.51201	2812.27592
8878.17492	2472.63104
8890.48353	2462.89783
8612.27282	2756.48413
8718.09776	2609.95450
	
NSGA-II_7:	88
9896.90600	2202.32102
8346.35738	2910.06005
9750.71128	2210.09227
9418.40610	2239.85105
9853.18192	2208.15166
9315.93547	2241.79165
8445.13454	2668.23126
8364.96664	2758.93096
9233.09276	2257.64952
8351.09484	2873.21199
8358.24654	2810.27073
8612.63303	2499.38423
8905.49054	2372.48158
8701.12841	2442.82682
8396.33044	2698.81048
8679.49980	2457.52025
8939.38080	2359.82103
8476.01075	2618.20514
9477.45779	2228.80396
8573.93937	2522.05166
8717.95857	2440.74550
8727.69014	2423.23853
9110.89532	2311.35362
8581.02417	2511.75179
9123.25656	2299.34740
9608.37387	2223.39340
8399.90003	2687.10163
8565.65510	2537.90952
9521.03962	2227.52774
8786.01420	2416.66909
8353.09358	2845.47084
9002.29528	2329.03831
8790.60676	2412.24760
8640.93253	2486.96985
8351.56536	2848.96114
8924.10216	2362.18171
8958.71039	2344.12527
8496.30124	2586.71417
8664.22116	2459.88093
9163.07252	2273.78002
8364.49613	2783.18181
8358.71705	2786.01988
8610.59166	2507.60278
9085.13799	2313.18045
8346.82789	2885.80920
8832.18155	2399.58705
8865.67458	2398.04895
9870.47066	2203.36458
9206.65741	2258.69307
9435.69484	2235.06396
9289.50012	2242.83521
8376.03995	2730.30145
8456.00994	2651.88872
9036.69754	2327.99476
9706.98719	2215.92291
8392.12222	2717.68086
8502.55082	2559.62525
8899.56484	2385.38841
8467.61743	2631.45458
8482.26034	2591.11622
8357.81494	2821.87222
8547.78533	2540.75488
8416.23025	2677.09475
8649.21680	2471.11199
9272.21138	2247.62229
9536.31826	2225.16706
9147.77125	2297.26608
9667.23435	2219.75650
9623.65251	2221.03272
8742.96879	2420.87785
9682.51299	2217.39582
8547.39696	2553.11556
9562.75361	2224.12351
8456.00994	2651.88872
8378.08132	2722.08290
8373.35996	2745.68152
9067.84925	2317.96754
8884.28620	2387.74909
8880.95323	2395.68827
9189.36867	2263.48016
8985.00654	2333.82540
9462.13019	2234.02041
8816.90291	2401.94773
8498.98123	2571.33410
8478.69074	2602.82507
9724.27594	2211.13582
9149.55271	2289.04753
8532.11832	2555.47624
	
NSGA-II_8:	86
9778.67360	2310.25512
8529.89627	3090.97030
9553.12439	2324.28636
9721.77114	2324.17285
8542.39042	2971.70583
8545.33385	2909.42709
8534.61763	3023.22955
8529.95111	3073.53502
8552.60571	2859.91699
8825.79102	2567.69195
9496.22193	2338.20409
9424.43184	2347.65369
9362.93079	2349.72574
9174.59803	2412.88746
9061.69056	2432.45431
8957.05943	2480.32777
9737.80424	2315.95430
8638.04870	2719.70027
8799.15266	2571.73302
8764.11259	2584.19513
9231.18764	2397.84396
8665.19492	2691.40225
8789.70331	2580.85663
8967.59649	2468.53216
8540.14663	2982.33861
8736.61406	2604.19513
8563.92128	2848.25893
8906.96379	2494.68989
8644.55151	2703.84241
9439.71048	2345.29301
9337.34007	2353.06425
9763.39496	2312.61580
9200.18875	2409.54895
9097.81834	2417.32020
8565.77344	2823.40729
9251.56519	2370.75504
8617.05298	2723.84241
8547.57763	2898.79430
8586.57749	2774.27568
9001.96495	2468.33617
9072.22762	2420.65870
8869.51504	2523.52456
8922.24243	2492.32921
9026.87356	2444.45575
8693.76968	2644.05342
8659.83015	2701.48173
8594.51871	2765.96616
8868.74372	2536.32167
9036.09984	2435.79281
8931.46871	2483.66627
8900.46097	2510.54776
9113.09698	2414.95952
8550.76495	2882.33817
9239.47191	2381.98609
8673.47919	2675.54439
8685.48541	2659.91129
9147.46544	2414.76352
8538.21629	3002.30397
9301.80626	2363.11572
9465.30120	2341.95450
8538.21629	3002.30397
8709.03487	2630.56603
8762.20478	2600.85663
8886.80268	2520.63873
8834.07530	2551.83408
8575.95844	2804.46499
8578.29322	2790.13354
9008.03201	2455.03498
9362.93079	2349.72574
9266.84383	2368.39436
8721.26821	2624.05342
9217.43030	2403.29839
8550.76495	2882.33817
9527.53368	2327.62486
8583.29411	2789.06965
8842.01651	2543.52456
8763.71291	2600.04254
9011.59492	2446.81643
9512.25504	2329.98554
9322.06143	2355.42493
9215.46739	2407.18827
8606.86798	2742.78471
8596.76249	2755.33338
8728.67284	2612.50465
9277.15591	2367.41653
8609.11176	2732.15193
	
NSGA-II_9:	80
9921.93057	2203.81188
8376.02204	2776.94714
9350.11536	2237.68444
9245.63463	2242.05145
9869.92796	2209.28817
8437.51819	2642.90204
8551.25124	2543.42633
9775.73585	2211.58312
8635.83460	2487.80011
9031.43064	2330.15467
8599.46979	2493.06498
9063.52808	2324.81073
9114.57511	2277.17141
9523.75129	2226.65792
8432.66663	2670.90271
8556.10281	2515.42566
8953.41293	2330.49254
8423.73052	2674.39301
8639.18781	2473.06498
8532.62802	2571.13173
8599.16196	2508.34362
8542.31514	2546.91663
8474.47281	2637.63717
8507.72134	2612.62270
8752.36378	2416.58454
8423.26001	2698.64386
8513.56780	2589.44125
8739.72942	2431.30590
8390.47970	2725.13617
8785.24030	2409.33366
8376.69203	2756.62714
9734.02186	2214.98735
9429.46985	2231.42444
9895.49522	2204.85543
9074.75915	2302.73879
8862.28206	2367.58146
8838.09306	2386.58454
8792.08180	2396.58454
8480.88517	2620.54136
8807.36044	2394.22386
8678.11695	2461.02230
9096.54061	2284.52025
9121.07793	2261.31355
9081.26197	2286.88093
9471.18383	2228.02021
9669.94602	2218.88667
9617.37856	2220.24897
8938.13429	2332.85322
8705.61508	2458.66162
8927.44555	2341.07176
8896.71293	2348.71108
8389.13672	2740.09908
9199.60327	2251.31355
9575.66457	2223.65320
8446.45430	2639.41174
9136.35657	2258.95287
9219.19928	2243.09500
9590.94321	2221.29252
9365.39400	2235.32376
9444.74849	2229.06376
8893.35972	2363.44620
8497.18795	2618.76679
8417.18114	2707.43513
9162.79192	2257.90932
8402.92439	2708.60811
8565.03892	2511.93536
8894.93147	2356.92963
9203.92064	2245.45568
8837.74474	2390.78816
9696.38136	2217.84312
9391.82935	2234.28021
8856.89697	2374.27846
8707.60661	2452.28045
8708.99680	2438.94522
8521.50901	2581.13173
9749.30050	2212.62667
9550.18664	2225.61436
8708.99680	2438.94522
8398.42091	2716.82665
8394.98318	2716.91763
	
NSGA-II_10:	70
9946.57125	2302.29785
8406.57539	2718.38947
9905.72535	2309.09126
9680.17614	2323.12250
9096.35822	2375.92037
9800.37653	2310.06909
9574.82733	2324.10033
8480.14895	2553.71119
8468.53028	2583.58633
8991.00940	2376.89820
9299.34152	2362.60197
8422.42924	2658.28075
8421.95873	2682.53160
9216.55861	2362.86696
8672.45878	2441.11136
8793.57508	2402.33758
8440.23732	2640.73427
8570.31005	2475.04033
8613.47773	2458.77903
8674.94118	2427.16687
9456.06368	2344.97015
9353.69327	2352.74140
8440.29857	2623.38682
8965.44214	2381.33093
9721.02205	2316.32909
9774.80927	2314.50182
8942.59188	2387.38645
8535.87918	2493.91071
8585.58869	2472.67965
9695.45478	2320.76182
9549.26006	2328.53307
9128.15107	2370.90153
9379.26053	2348.30866
8718.10886	2410.90557
8698.38040	2422.10043
8640.51031	2446.03725
8458.10666	2605.84034
8497.95703	2536.16471
8418.45140	2709.62052
8460.58906	2591.89585
8500.43943	2522.22022
9181.93829	2369.07427
8637.80942	2454.64378
9326.25847	2353.97245
8508.38065	2513.91071
8567.82765	2488.98482
8534.87030	2503.34985
8419.47633	2696.47609
8844.81096	2398.99908
9511.13117	2336.94926
9137.20412	2369.12696
8567.82765	2488.98482
9428.62889	2346.20121
8426.02097	2649.51181
9481.63094	2340.53742
8829.53232	2401.35976
8488.09016	2545.40167
8448.23979	2615.07730
8742.44055	2406.77032
8769.24339	2406.47284
8981.95635	2378.67277
8533.39678	2507.85519
8927.31324	2389.74713
8895.94549	2394.56634
8880.66685	2396.92702
9310.97983	2356.33313
9533.98142	2330.89375
9921.00399	2306.73058
8871.61380	2398.70160
9428.62889	2346.20121
	
NSGA-II_11:	81
10205.62266	2228.46716
8510.10818	3047.25682
8973.90449	2451.16164
9740.24280	2258.93549
8529.24202	2852.35228
8527.69349	2905.14354
8919.84669	2471.16164
9834.03663	2258.24275
10073.86729	2241.80566
9980.07346	2242.49840
8961.68460	2468.80096
8735.37518	2632.03669
8893.41060	2486.49175
9661.71746	2268.93549
9379.27913	2336.92005
9404.57443	2330.25856
9687.01276	2262.27399
9241.24703	2384.58337
8566.54882	2790.79559
8682.61072	2662.18958
8841.42275	2505.36213
9442.52583	2329.28073
8745.59485	2603.10122
8806.16623	2561.74609
8763.11857	2582.42056
9863.59672	2253.47623
8648.37450	2721.12799
8516.11974	2991.10613
9567.10299	2312.50813
9523.68537	2316.59880
9508.40672	2318.95948
8659.82262	2693.38493
9301.36349	2372.53649
9147.04430	2397.58900
9032.35661	2415.73397
9185.22522	2392.11959
8856.70139	2503.00145
9017.35225	2426.96503
8633.09586	2723.48867
8534.60833	2838.85510
9926.84342	2245.83691
8521.68193	2961.29423
8619.72420	2741.24779
8607.37493	2764.42924
8591.00966	2777.20385
8522.45538	2932.66471
8772.34133	2570.47552
9308.13365	2351.48961
9326.04909	2340.25856
9582.38163	2310.14745
8760.87349	2600.74054
9964.79482	2244.85908
9623.76607	2269.91331
9131.76566	2399.94968
10190.34402	2230.82784
9724.96416	2261.29617
9093.81427	2400.92750
9341.32773	2337.89788
9608.48743	2272.27399
8510.88163	3018.62730
8510.88163	3018.62730
8691.62884	2649.05027
8525.91596	2906.75488
8514.34222	2992.71747
8814.11655	2541.38027
8554.89881	2807.36413
8575.73102	2779.56453
9601.98461	2288.13186
8825.76655	2524.81173
8799.04040	2569.96463
10127.09732	2238.46716
10152.39262	2231.80566
9467.66356	2324.13503
8543.79053	2827.62404
9078.53562	2403.28818
8621.44586	2740.05722
8706.90748	2646.68959
8672.82825	2677.52707
9283.78858	2373.52669
8876.67087	2490.03202
10089.14593	2239.44498
	
NSGA-II_12:	78
10060.62094	2218.92001
8686.53236	2644.71700
8688.49642	2635.45490
8700.54924	2560.16088
9693.31035	2258.41760
9538.80659	2258.71617
10058.42272	2221.35330
9814.77570	2230.04789
9960.97042	2222.27664
9914.03139	2227.34309
9177.15631	2296.77614
9041.73989	2327.51230
9117.36600	2300.13278
8764.73084	2527.95888
8846.79595	2464.12612
9392.61187	2266.48741
9024.56973	2346.92619
9538.41177	2259.36800
9472.37292	2262.07280
8863.03504	2446.48680
9326.17819	2269.84404
8844.27529	2481.44918
9067.07738	2314.56551
9236.81388	2274.56540
9296.20936	2271.86060
8915.79274	2401.75665
9382.61377	2267.44599
9017.77631	2352.49346
8735.34705	2538.24750
9914.42622	2226.69125
8912.36863	2414.70344
9744.21510	2241.03808
9442.40409	2264.08936
8974.51088	2369.87298
9959.16702	2224.05810
8873.04423	2443.87647
9788.81361	2235.13245
8873.28509	2434.11733
9062.61986	2322.33675
8995.39085	2364.69743
8769.74231	2508.53810
8784.64812	2500.31956
8717.41911	2542.68024
8809.36948	2490.31956
9091.79873	2304.56551
9186.52525	2288.99814
8999.84837	2356.92619
9693.92647	2255.47082
8898.62258	2421.17055
8942.84126	2392.02913
8702.51330	2550.89878
8742.14047	2532.68024
8834.93674	2485.88682
9789.20844	2234.48062
9739.59263	2244.07913
9211.24661	2278.99814
9718.64783	2245.47082
9085.00532	2310.13278
9711.85442	2251.03808
8802.57606	2495.88682
8933.72068	2397.32392
8767.77825	2517.80020
9325.78337	2270.49587
9471.97809	2262.72463
9296.60419	2271.20877
9204.45320	2284.56540
8888.37253	2433.54001
8893.54020	2429.95707
8955.60154	2391.17933
8702.51330	2550.89878
9442.79891	2263.43753
8968.17875	2379.08234
8968.17875	2379.08234
8963.72123	2386.85358
9814.38088	2230.69972
9236.41905	2275.21723
9210.85179	2279.64997
8960.76921	2387.59639
	
NSGA-II_13:	81
10444.74338	2213.21839
8390.60293	2725.23723
8415.06204	2671.86980
10283.27002	2223.35031
10102.03390	2224.59206
8403.77066	2688.72754
10418.09741	2218.98330
10298.54866	2220.98963
8694.55811	2445.47857
8940.34335	2332.03349
8677.37982	2452.82324
9239.74590	2302.99097
10086.75526	2226.95274
10012.23478	2229.31342
9640.49085	2251.11590
9715.01133	2248.75522
9514.62182	2264.45440
9922.24762	2236.00280
8432.53498	2647.90833
9351.68966	2293.37625
8537.30894	2529.00622
8850.99086	2377.54627
9955.83918	2232.36330
9051.12259	2319.38221
8522.07298	2550.68982
8894.33967	2336.38094
8973.43654	2321.45426
8756.51445	2397.84613
8717.73529	2415.48545
9440.10134	2266.81508
9165.22542	2305.35165
9369.60510	2282.14519
9408.78960	2277.39431
8698.89373	2426.06468
8857.58267	2358.19122
8670.19394	2478.33602
9829.28293	2240.43553
8515.81404	2577.10983
9529.90046	2262.09372
8646.25832	2490.11748
8568.04927	2515.41806
8654.20264	2482.81636
8488.55803	2599.11092
8461.05950	2619.11092
8485.82314	2610.33672
9996.95614	2231.67409
9730.28997	2246.39454
9054.63503	2316.32947
8513.67272	2583.14148
8603.87263	2494.83884
9594.89670	2259.44727
8572.74869	2500.69670
9255.02454	2300.63029
8569.18577	2508.91525
8876.42422	2347.61199
8458.32461	2630.33672
8519.15502	2565.41118
9309.61674	2299.36186
8672.68040	2467.54460
8861.14558	2349.97267
9866.04006	2237.08466
9104.35263	2316.04370
8545.25016	2520.69670
8835.71222	2379.90695
8789.70854	2384.25440
9624.45775	2259.33444
9786.68557	2243.34466
8440.47620	2639.59881
9354.32646	2284.50587
8774.42990	2386.61508
8771.79309	2395.48545
8879.06103	2338.74162
9771.40693	2245.70534
9424.82270	2269.17576
9625.21221	2253.47658
8958.15790	2323.81494
8702.45665	2417.84613
9311.42014	2297.58041
9149.94678	2307.71233
9119.63127	2313.68302
9424.06824	2275.03363
	
NSGA-II_14:	77
10391.98191	2203.65113
8475.29975	2765.94708
10020.23798	2225.45362
10366.41465	2208.08387
10245.78719	2211.42238
10140.86544	2222.11511
8526.23469	2596.47281
9208.05035	2319.96181
9860.53878	2241.89071
8489.55794	2710.20526
9955.20983	2241.31148
8476.07320	2737.31756
8605.19459	2534.40600
10166.43271	2217.68238
9503.93444	2294.21484
8598.94500	2561.49492
8482.32279	2710.22864
8496.58097	2654.48683
8490.33139	2681.57575
8490.33139	2681.57575
8502.91013	2640.64020
9702.58294	2265.51981
8687.35307	2487.93682
9994.67072	2229.88635
8917.85612	2389.53646
9367.74955	2303.52473
8660.70440	2505.69920
9834.97152	2246.32344
9771.17400	2249.66195
9303.95250	2303.81335
9529.50171	2289.78211
9054.88852	2328.02168
9593.29876	2289.49348
9144.25330	2320.25044
8712.92034	2483.50408
8714.85160	2467.93682
8856.09906	2396.18574
8511.96431	2618.62896
8591.15871	2564.76396
8563.66018	2584.76396
8621.36783	2518.35048
9118.68557	2327.73306
8780.05677	2450.47702
9677.01567	2269.95255
8960.73019	2348.31228
10220.21993	2215.85511
9740.26237	2262.31323
9023.97689	2340.67296
9401.74664	2298.50262
8802.04125	2416.18574
8939.25184	2367.76188
9450.14722	2296.04211
9242.04744	2314.93971
9981.16624	2238.55220
9618.86602	2285.06075
8510.85135	2632.33068
8780.56290	2435.63534
9745.60674	2254.09468
9029.32126	2332.45442
8635.13714	2510.13194
8827.60852	2411.75300
8986.29746	2343.87954
8570.56219	2575.40892
9278.38524	2308.24609
8881.66632	2391.75300
9659.10023	2281.18360
8675.42564	2498.35048
8924.69013	2380.32788
8958.94874	2356.53082
8740.41887	2463.50408
8784.12581	2427.41680
9675.23422	2278.17109
8759.16718	2457.40991
8551.80195	2592.04008
8827.60852	2411.75300
8549.89087	2592.98251
8616.02347	2526.56903
	
NSGA-II_15:	67
9767.56364	2288.52904
8465.18864	2731.03334
8505.24742	2632.69563
8502.26695	2685.22220
9741.99638	2292.96177
9445.12829	2309.34133
9621.36892	2296.30028
8687.16303	2485.01734
8679.29759	2512.84182
8880.10235	2430.52420
8528.04556	2601.20466
8516.96446	2631.70543
8582.20456	2550.00931
8614.37397	2520.62543
9060.45875	2379.26495
8760.11607	2443.59209
8714.15870	2481.66646
8579.03681	2571.93019
9194.82185	2344.63047
9407.84398	2314.76426
9516.53878	2308.23855
8726.97898	2459.44996
8539.76260	2600.21446
8605.50712	2540.14873
9340.29815	2321.27960
8479.46881	2716.71317
8753.97466	2456.09908
8559.40643	2581.50027
8886.60517	2414.66634
8482.63227	2699.56143
9392.56534	2317.12494
9074.45309	2371.52532
8825.03969	2435.80848
9089.73173	2369.16464
9004.37486	2381.23130
8667.58055	2513.83202
8813.32265	2436.79868
8901.88381	2412.30566
8567.31977	2572.92039
9016.09190	2380.24111
9554.03871	2306.99302
8720.30011	2469.15947
8951.16828	2388.02472
9169.25459	2349.06321
9221.81753	2341.27960
9606.09028	2298.66096
8938.34800	2410.24122
9099.17445	2361.52532
8597.48320	2547.64863
8787.11175	2440.24122
8641.36965	2517.27456
9254.93937	2336.10239
8962.88532	2387.03452
8978.16396	2384.67384
9576.04437	2303.93076
8492.29351	2692.54152
9287.73521	2329.06321
9270.21801	2333.74171
9151.73739	2353.74171
9136.45875	2356.10239
9114.45309	2359.16464
8947.60537	2396.24326
9314.73088	2325.71233
8926.63096	2411.23142
8942.88401	2403.88258
9595.80165	2300.73301
9243.22233	2337.09258
	
NSGA-II_16:	71
10583.78042	2233.38038
8567.57123	2632.91449
10422.30706	2243.51230
10204.24599	2243.51343
10032.48400	2255.71741
9828.12672	2255.87411
8582.95456	2597.05662
8603.71556	2541.31481
8583.42507	2572.80578
9390.19941	2297.41679
9523.78022	2277.67659
9759.61805	2261.57330
10135.73731	2249.21262
10437.58570	2241.15162
8963.47320	2387.37895
10058.05126	2251.28467
9681.93200	2263.64535
10530.55039	2236.71888
8966.39116	2372.65759
8629.05305	2528.36802
8911.81888	2397.58427
9549.34748	2273.24386
9411.07938	2292.24125
8907.36136	2405.35551
8736.23242	2504.42353
9602.57752	2269.90535
9456.38280	2277.67659
9198.43203	2335.98875
9131.03461	2335.98875
8810.43978	2470.24057
8877.29278	2416.64184
9042.01727	2345.27807
9016.45001	2349.71081
8700.97192	2516.65229
8814.47211	2454.44878
9656.36474	2268.07809
9331.01655	2326.39024
9009.65659	2355.27807
8984.31911	2368.22486
10568.50178	2235.74106
10188.96735	2245.87411
9267.56648	2331.24683
10151.01595	2246.85194
9587.29888	2272.26603
9277.22933	2328.21751
8654.62031	2523.93529
9375.72093	2310.03739
9223.99929	2331.55601
8740.68994	2496.65229
9105.46735	2340.42149
8801.75152	2472.02202
8794.18163	2485.93975
8624.59553	2536.13926
8851.72552	2421.07457
8766.25720	2492.21956
8715.35245	2509.59908
8937.38614	2393.15153
9415.53689	2284.47001
9371.26342	2317.80863
8847.37950	2427.58427
8826.38803	2434.02136
8886.48139	2410.53105
8991.11252	2362.65759
9774.89669	2259.21262
9812.84808	2258.23479
9356.58381	2321.95751
8822.04201	2440.53105
8795.31813	2479.43694
8815.60862	2447.94597
9430.81553	2282.10933
8991.72865	2359.71081
	
NSGA-II_17:	87
9652.66290	2283.84467
8349.09347	2919.41212
9373.84476	2296.94325
9583.39976	2295.40172
9289.30298	2310.86098
9148.29556	2310.97449
8364.94732	2859.30341
8484.45318	2604.42713
8355.34306	2892.32320
8464.16269	2635.91810
8463.69218	2660.16895
8457.44259	2687.25787
8957.88955	2376.53874
9637.38426	2286.20535
9095.06552	2314.31300
8850.83795	2397.87397
8812.88656	2398.85180
8364.47681	2883.55426
8383.92073	2812.28750
8721.14044	2443.22807
8390.64082	2760.94773
8980.17985	2359.09270
8349.09347	2919.41212
8390.17031	2785.19858
8457.91310	2663.00702
8384.39124	2788.03665
8786.91918	2409.43102
8543.07080	2565.53839
8749.10176	2427.37021
8616.11568	2493.25332
8651.55543	2464.94380
8590.79224	2502.88299
8446.37106	2701.14724
8988.46412	2343.23484
8771.46520	2414.70966
8606.07088	2500.52231
8692.97679	2449.08594
8527.79215	2567.89907
8562.47347	2538.28143
8899.11163	2388.74762
8618.29077	2482.88299
9358.56612	2299.30393
9320.61473	2300.28176
9133.01692	2313.33517
8919.93815	2377.51656
9599.43286	2287.18317
9024.56928	2329.64310
9062.52068	2328.66528
9079.78688	2316.67368
8973.16819	2374.17806
8738.20054	2432.64885
8479.44801	2624.20925
8570.75774	2522.42356
8550.46725	2553.91453
8406.48127	2744.41966
8975.15575	2364.54714
8426.77176	2712.92870
8756.18656	2417.07034
8371.19691	2832.21449
8368.53739	2848.14536
8410.93131	2729.45676
9077.79932	2326.30460
9009.29064	2332.00378
9003.74276	2340.87416
8904.65951	2379.87724
9584.15422	2289.54385
9304.58162	2308.50030
8682.28805	2457.30448
8722.92190	2435.00953
8797.60792	2401.21248
8579.90336	2520.34224
8644.47063	2475.24367
8374.78697	2821.05644
8507.67971	2584.40876
8519.89292	2576.11761
8478.20359	2631.51605
9305.33609	2302.64244
8633.56941	2480.52231
8666.83407	2462.58312
8581.68481	2512.12370
8398.58204	2752.63821
8418.83054	2721.23821
8410.93131	2729.45676
8499.73850	2592.71828
8883.83299	2391.10830
8866.11659	2395.51329
8492.35241	2596.20859
	
NSGA-II_18:	81
10024.10023	2219.18838
8349.07406	2804.32137
9502.28198	2253.00758
9383.08293	2257.42795
9057.73475	2315.74010
9159.73679	2312.24292
8676.94632	2425.35477
8395.90355	2706.67830
9336.49124	2268.99737
8547.42627	2501.47875
9959.51302	2222.53925
9877.90551	2226.95962
8349.54457	2780.07052
8375.61306	2738.16926
8355.79416	2752.98160
8582.86602	2473.16923
9243.42964	2299.31562
9517.56062	2250.64690
8496.97968	2563.01055
8752.48142	2407.07722
9206.32849	2300.67350
8406.55665	2679.59784
8526.59694	2542.29951
8439.95967	2599.06606
8496.08593	2574.34470
8355.32365	2777.23245
9705.51829	2236.61566
9974.79166	2220.17857
8407.02716	2655.34699
9005.86547	2326.78176
8406.55665	2679.59784
8902.99927	2351.07021
8533.08835	2520.34912
8538.94622	2519.11807
8376.08464	2721.49063
8575.86389	2489.22474
9690.23965	2238.97634
9267.96696	2276.10893
9828.59694	2227.94981
8467.45820	2579.06606
8555.36749	2493.16923
8885.08383	2362.30127
9250.05151	2287.33998
8411.72797	2638.86655
8939.98197	2343.29146
8369.83506	2748.57955
8860.14620	2390.45408
9030.73907	2319.09098
8620.10145	2465.52991
8876.79955	2378.15913
8797.20623	2402.83292
9798.55103	2233.21962
8710.31773	2418.24321
9652.35631	2240.99086
8632.57165	2457.31136
8664.85304	2436.58583
8461.53994	2591.32007
9754.82686	2235.62546
8432.01845	2607.37558
8656.56876	2452.44369
9608.63214	2243.39670
8822.02749	2397.51418
9559.32357	2244.38690
8861.92765	2382.23554
9294.96264	2272.75805
9640.63927	2241.98105
9265.33015	2284.97930
9179.33281	2304.02438
8427.31764	2623.85602
9021.14411	2324.42108
8512.79786	2551.84009
9176.93379	2311.31974
8427.31764	2623.85602
9559.32357	2244.38690
8942.61877	2334.42108
8737.20278	2409.43790
8969.61445	2331.07021
8647.85029	2454.95068
8957.89741	2332.06040
9367.80429	2259.78863
9356.08725	2260.77882
	
NSGA-II_19:	76
10395.71617	2223.15969
8424.20634	2754.75344
8463.70890	2750.90144
8466.76658	2644.92031
8512.89709	2622.55963
8516.23675	2569.26010
8928.15864	2428.84596
9810.15884	2257.96781
10141.05686	2242.95874
10354.87026	2229.95311
10249.52144	2230.93093
8531.51539	2566.89942
9915.50766	2256.98998
10035.70805	2243.93657
9304.64050	2331.60618
8593.92053	2526.32019
8965.17118	2411.56297
8846.25556	2428.99713
8548.02747	2546.89942
9504.62244	2322.00767
9279.07323	2336.03892
10223.95418	2235.36367
9956.35356	2250.19657
9363.76586	2330.91698
8830.97692	2431.35781
8800.36250	2449.57636
8563.30611	2544.53874
8752.60947	2458.44673
8721.99505	2476.66528
9061.72091	2363.95935
9639.02998	2285.59962
8687.56662	2496.87059
8706.71641	2479.02596
8968.07482	2393.40895
8980.16810	2382.17790
9557.47717	2303.81817
9141.00834	2356.61814
8641.67356	2517.44982
8949.89254	2413.92365
9691.67143	2284.02332
9930.78630	2254.62930
10156.33550	2240.59806
8995.44674	2379.81722
9623.75134	2287.96030
9046.44227	2366.32003
9572.75581	2301.45749
9114.36236	2362.38305
9232.84978	2336.32754
8472.59908	2643.11348
9458.39898	2322.29630
8478.05469	2631.27569
9718.31741	2278.25841
10181.90277	2236.16532
9998.40497	2249.39491
9450.83522	2323.83494
9545.38388	2315.04922
8767.88811	2456.08605
8785.08386	2451.93704
9421.09591	2327.75465
8647.97834	2506.32019
8458.54255	2753.52238
9379.04450	2328.55630
8672.28798	2499.23127
8663.25698	2503.95951
9717.23869	2279.59058
9125.72970	2358.97882
9784.59158	2262.40054
9742.66696	2270.52614
9165.35789	2348.88587
9180.63653	2346.52519
8626.39492	2519.81050
9207.28251	2340.76028
8493.33333	2628.91501
9757.94560	2268.16546
9530.18970	2317.57494
10370.14890	2227.59243
	
NSGA-II_20:	69
9755.76839	2296.00233
8600.83760	3053.05121
9471.89770	2362.39425
8625.08287	2939.91412
9329.02301	2362.71311
8619.11696	3026.25289
9660.89561	2312.05784
9566.67422	2316.53639
8655.93234	2821.27310
8653.09469	2873.63133
9042.26795	2436.35589
9062.70028	2423.74032
9023.98858	2463.15421
8648.34922	2908.55232
8739.92292	2698.52158
8785.87450	2637.34348
9065.05606	2405.16054
8939.37274	2491.51156
9290.89412	2371.12930
8796.92655	2631.09901
8805.93532	2602.32662
8687.21734	2778.61691
9229.03225	2379.10503
9244.31089	2376.74435
8698.85545	2756.51525
8668.93797	2805.41523
9080.97965	2396.94200
8826.94197	2579.34981
9117.07858	2389.30268
8717.13481	2729.71693
9732.91814	2302.05784
9699.02451	2303.64165
9139.92884	2383.24716
8770.86831	2687.76841
8709.90750	2750.27078
8896.80819	2546.20538
8993.18059	2470.50619
9485.29862	2338.44976
9173.80713	2383.11524
9033.69494	2455.22627
9196.95032	2379.75686
8660.81078	2818.41927
8925.97181	2515.45605
8632.72846	2935.64518
8730.14044	2713.85906
8696.50657	2774.21527
8778.64719	2657.89733
8970.33033	2476.56171
9501.22221	2330.23122
8828.72343	2571.13127
8873.95793	2552.26089
8776.14204	2676.82796
8610.35078	3048.83856
8761.42559	2695.40773
8872.17647	2560.47944
8911.31090	2533.64736
8851.57368	2565.07576
8674.21170	2794.47478
8638.08850	2924.05626
9543.82396	2322.59190
9524.07247	2324.17571
8954.40674	2484.78025
9475.51615	2353.78725
8929.59027	2506.84904
9313.74437	2365.07379
9676.17425	2309.69716
8916.58464	2522.70691
8610.62007	3037.71372
8817.15950	2594.68730
	
NSGA-II_21:	83
9899.16871	2214.74417
8516.96031	2724.05691
9115.50774	2393.82292
9852.65901	2225.87379
9483.58081	2244.47460
9711.21104	2228.77541
9625.02878	2241.57298
8997.92796	2395.37274
9325.65618	2314.46771
9279.21868	2314.81984
8626.25502	2614.57180
9671.53848	2230.44335
9664.70134	2239.90503
9124.01642	2376.40801
9358.59776	2303.47768
8771.46426	2510.87864
9202.66520	2346.59441
8917.16662	2420.64450
9338.12637	2306.24917
8802.12473	2496.09155
9392.88519	2272.10703
9183.79201	2357.96506
8662.25297	2580.98007
9405.35538	2263.88849
8595.02396	2623.34075
9468.30217	2246.83528
9883.89007	2217.10485
8980.11341	2403.59128
8641.06318	2601.10075
9155.63919	2358.03079
9437.07111	2255.60422
9420.63402	2261.52781
9235.51743	2331.80733
8948.88235	2412.36022
8934.98118	2412.42595
9203.80170	2340.09160
8576.84148	2640.75566
8727.48960	2541.32515
8626.64674	2604.96352
8713.23795	2549.54370
8693.48403	2572.21112
8824.88505	2478.67664
9155.24747	2367.63907
8885.54384	2439.02172
8739.84149	2529.25586
8807.07050	2486.89518
8536.27199	2702.82585
8903.35840	2430.80318
9216.27189	2331.87305
9266.74849	2323.03838
9247.98762	2323.58878
9150.93978	2372.75215
8880.59808	2448.21809
9373.73261	2282.26571
8997.92796	2395.37274
8896.74643	2438.28382
8916.77490	2430.25278
8542.19656	2683.36957
8556.56247	2671.33489
8521.90608	2714.86054
8838.69327	2468.51796
8646.00894	2591.90438
8756.31599	2522.94793
8865.12365	2456.66104
9368.78684	2291.46208
8693.87575	2562.60285
8566.68131	2661.56441
8561.50824	2662.13852
8571.62708	2652.36804
9389.01125	2279.90503
8767.07717	2520.29941
8677.63172	2573.52715
8966.69691	2404.14168
8789.27882	2502.66009
8580.98027	2636.31253
8590.07819	2632.53712
8659.45362	2588.43907
8537.25080	2692.56594
9867.93765	2223.51311
9452.34975	2253.24354
8734.89572	2538.45223
8849.93761	2463.00518
8712.43098	2554.29693
	
NSGA-II_22:	80
9778.46302	2293.08059
8373.27022	2780.06284
8390.97105	2771.75332
8393.22119	2694.10025
8497.78469	2609.75072
8499.57548	2581.95447
8657.23735	2495.01360
9716.31143	2294.27594
9570.11671	2302.04718
9690.74416	2298.70868
9161.68497	2346.34227
8511.66877	2570.72342
8413.51168	2662.60928
8405.31448	2682.86919
8519.86597	2550.46351
9136.11771	2350.77500
9300.72543	2326.85530
8903.94144	2401.50713
8879.78168	2407.62490
8557.63939	2524.86742
8547.23790	2536.87177
8531.95926	2539.23245
9419.40336	2320.93859
9457.34210	2316.07843
9357.25177	2322.13394
9632.26830	2300.85183
8729.11396	2457.67453
8572.91803	2522.50674
9052.15658	2356.72742
9544.54944	2306.47992
8680.49530	2486.59741
9632.26830	2300.85183
8747.63509	2450.68704
9192.25040	2345.65307
8482.48018	2622.48948
9259.87952	2333.64871
9105.15863	2351.06363
9207.52904	2343.29239
8836.69123	2421.76520
8996.56049	2364.36674
8934.87628	2379.69685
8775.00702	2437.09531
9442.06346	2318.43911
8591.43917	2515.51925
8464.77935	2630.79900
8425.60497	2651.37822
9238.48812	2343.00376
9023.99528	2363.13568
8603.53245	2504.28819
8919.59764	2382.05753
8713.83532	2460.03521
8665.21666	2488.95809
9037.80819	2362.00606
8701.74203	2471.26627
8821.41259	2424.12588
8618.81109	2501.92751
8917.81618	2390.27607
8757.94692	2447.67453
8712.05386	2468.25375
9331.68451	2326.56667
9529.27080	2308.84060
8452.68607	2642.03006
9519.64218	2312.53543
8698.17912	2479.48481
8864.12602	2420.53414
9488.68310	2312.82406
8802.44181	2435.86425
8962.31107	2378.46579
8759.72838	2439.45599
9089.87999	2353.42431
8878.00022	2415.84345
8981.28185	2366.72742
8807.44269	2434.73463
8975.19373	2374.41821
8907.50435	2393.28858
9079.59137	2355.49636
8443.30579	2643.06871
9275.15816	2331.28803
9248.77675	2340.93171
9419.40336	2320.93859
	
NSGA-II_23:	75
9699.69650	2311.98721
8324.07304	2810.12815
8331.73490	2771.81863
9186.96241	2348.15473
8417.08127	2694.83408
8324.71799	2780.12815
8479.73335	2606.78395
9109.27637	2350.22678
9631.18783	2317.68640
9553.50178	2319.75845
8337.88572	2743.61845
8625.81795	2497.76068
8566.20504	2498.41251
8344.13530	2716.52953
8486.06186	2572.06259
8425.89359	2666.54293
8495.24406	2560.83153
8737.46095	2429.04819
9443.42876	2328.42430
9297.23404	2336.19554
9496.46019	2328.37913
8479.81227	2599.15151
8938.02046	2419.59110
8367.33571	2700.00147
8479.12164	2630.59565
8499.01207	2536.80429
8792.01302	2428.79979
9240.19245	2344.81622
9202.24105	2345.79405
8686.93419	2446.73898
9350.26547	2336.15037
9281.95540	2338.55622
9255.47109	2342.45554
8423.99941	2685.41331
8660.53314	2485.14020
8955.28212	2412.82848
8987.91293	2382.40106
8477.90468	2635.88151
8450.72000	2639.99458
9365.54411	2333.78970
8677.65759	2457.38393
8515.67828	2516.10329
8722.18231	2431.40887
8702.21283	2444.37830
8550.92640	2500.77319
8530.95692	2513.74261
8979.62866	2398.25892
8830.42563	2424.61546
9021.23849	2378.74519
8645.25450	2487.50088
8641.09659	2495.40000
8666.92258	2474.40712
9684.41786	2314.34789
9646.46647	2315.32572
9428.15012	2330.78498
8868.37703	2423.63763
9390.19872	2331.76280
8672.83080	2460.39644
8977.84720	2406.47747
8905.31718	2421.60294
8492.98000	2562.64181
8970.56076	2410.46780
8444.40064	2649.17465
8351.15221	2708.22001
9072.79871	2356.24333
8508.41179	2524.32184
9033.75546	2364.95502
8430.24900	2658.32438
9031.97401	2373.17357
9538.22314	2322.11913
9511.73883	2326.01845
9049.03410	2362.59434
8499.22958	2535.55289
9093.99773	2352.58746
8984.35002	2390.61960
	
NSGA-II_24:	80
9716.79957	2224.77143
8377.61511	2919.18587
8389.63225	2878.91587
8417.08284	2722.91100
8392.02362	2819.39655
9570.60485	2232.54267
9382.64718	2246.57391
9475.83985	2244.46646
9663.79752	2230.43522
9232.60298	2276.33675
8701.92361	2488.32310
8524.66924	2614.11376
8412.50818	2754.76115
8377.80918	2886.04144
8806.56963	2417.91139
8423.33243	2695.82208
8534.75904	2581.84288
8392.21770	2786.25212
9084.94215	2318.44081
9194.91860	2280.16576
8519.31421	2630.99135
9311.91125	2261.00665
9329.64512	2252.23770
8652.52229	2498.79361
8443.62291	2664.33111
9130.88898	2293.13519
8954.70592	2356.13160
9517.60279	2238.20646
9250.33685	2267.56781
9067.20828	2327.20975
9500.31405	2242.99355
8541.26186	2565.98502
8579.25317	2526.18453
9005.63388	2333.77092
8767.86569	2445.93566
9175.17463	2291.36111
8396.91851	2769.77168
8901.33811	2397.75849
8947.31798	2371.99344
8679.95708	2497.56255
8740.03504	2452.46523
8561.55235	2534.49405
9051.92963	2329.57043
9288.06027	2264.26470
8552.56713	2564.29640
8441.06630	2687.05313
8710.20788	2472.46523
9190.45327	2289.00043
8903.79334	2391.35023
8596.98705	2517.41559
9095.86636	2306.69122
8972.62137	2344.90054
8479.05761	2647.25264
8722.30117	2461.23418
8771.13493	2434.98985
8501.61339	2639.30087
8520.45780	2615.11663
8867.19850	2403.08860
8555.04953	2550.35191
8559.06994	2548.43854
8824.48507	2406.68033
9691.23231	2229.20416
9545.03759	2236.97540
8441.03325	2687.51256
8595.20559	2525.63413
8987.90001	2342.53986
8990.35524	2336.13160
8461.32374	2656.02159
8788.83576	2426.68033
9113.15510	2301.90413
9367.36854	2248.93459
8619.50977	2509.92323
8914.30547	2383.12306
9033.06867	2332.53986
8969.98456	2353.77092
8932.03934	2374.35412
8634.78841	2507.56255
8839.76371	2404.31965
8617.08759	2515.87207
9357.07991	2251.00665
	
NSGA-II_25:	76
10188.24755	2285.07047
8415.59581	2804.73765
8434.27149	2613.36890
8428.71050	2767.88959
10041.83531	2294.09311
9759.85734	2294.68625
9393.40174	2314.87422
9547.24945	2309.25091
8454.56198	2581.87793
8504.75106	2529.86234
8499.73921	2558.99262
9693.44417	2301.47967
9613.66262	2302.45749
8422.42556	2776.10814
8481.99677	2580.64688
8484.46057	2561.35330
10121.83438	2291.86388
10042.05282	2292.84171
8542.56387	2525.61877
8666.42139	2430.11802
8663.52583	2446.90707
9096.16722	2352.88402
8659.02235	2448.68853
8549.98556	2510.99196
9112.31729	2346.47575
10137.11302	2289.50320
9562.52809	2306.89023
9708.72281	2299.11899
8985.49032	2386.38806
8958.05553	2387.61912
8845.28093	2401.65036
8743.38424	2412.42723
8793.46834	2409.12412
9326.98857	2321.66764
8565.26420	2508.63128
8520.02970	2527.50166
9214.21397	2335.69888
9155.35047	2345.69888
8587.79837	2506.74839
9282.49466	2327.67441
8709.13483	2426.52628
10172.75139	2288.68255
9053.03528	2363.56467
8619.83957	2483.06480
8646.13091	2461.60898
8639.62809	2477.46685
9229.49261	2333.33820
9265.34850	2331.26615
8995.37683	2372.73705
8728.10560	2414.78791
9598.16646	2306.06957
8603.91597	2491.28335
8942.77689	2389.97980
8910.64366	2395.98657
9744.36118	2298.29833
9053.45379	2356.47575
9369.70200	2318.07590
9206.23466	2341.75439
8993.59537	2380.95559
9170.62911	2343.33820
8681.70003	2427.75734
9342.26721	2319.30696
9068.73243	2354.11507
8596.70565	2498.52985
9037.75664	2365.92535
9010.65547	2370.37637
8872.71572	2400.41930
8770.81903	2411.19617
8644.34945	2469.82753
8713.85396	2423.00646
8895.36502	2398.34725
9280.62714	2328.90547
8830.00229	2404.01104
8808.74698	2406.76344
9198.06390	2342.10715
9598.38398	2304.81817
	
NSGA-II_26:	75
9613.34396	2287.61006
8470.60360	2669.25355
8520.09619	2615.82658
8529.62614	2560.08477
8666.27599	2525.21289
8498.90950	2652.55671
9467.14924	2295.38130
9546.93079	2294.40347
8666.73991	2495.37791
9321.38158	2308.43472
9241.60003	2309.41254
8550.50611	2554.90922
8816.15039	2449.07655
8868.23963	2445.21075
8924.87867	2425.93258
9387.79475	2301.64130
8937.88430	2410.07472
8629.86773	2528.80463
8581.88094	2543.82347
8554.96362	2547.13798
8701.25960	2471.20007
9063.65510	2348.12860
8675.92211	2484.14686
9004.65790	2401.75083
8645.14637	2526.44395
9132.50778	2330.18941
9175.18686	2316.20596
9078.93374	2345.76792
9090.30108	2342.36369
8964.53028	2404.30981
9598.06532	2289.97074
9562.20943	2292.04279
9451.87059	2297.74198
9336.66022	2306.07404
9190.46550	2313.84528
9226.32139	2311.77322
9372.51611	2304.00198
8758.48629	2463.64121
8889.11960	2440.03521
9416.01471	2299.81404
9148.54088	2321.97087
9038.31762	2361.07539
9009.11542	2393.97958
8762.94381	2455.86997
8591.93979	2533.23736
8893.57711	2432.26397
9053.59626	2358.71471
8883.51827	2442.85007
8691.20075	2481.78618
9025.31198	2376.93325
9034.75470	2369.29393
9147.78642	2327.82873
8979.80892	2401.94913
9123.20340	2334.91765
9105.57972	2340.00301
8930.75848	2418.29326
9022.14437	2385.34944
9017.02771	2392.79111
8778.22245	2453.50929
8800.87175	2451.43723
8491.48357	2664.07801
8473.57201	2665.50349
8696.80208	2478.97131
8587.48227	2541.00861
9059.19758	2355.89984
8716.53824	2468.83939
8494.45198	2660.32795
8737.60632	2468.81675
8908.85575	2429.90329
8953.16294	2407.71404
9163.81952	2319.61019
8607.21843	2530.87668
8816.15039	2449.07655
8739.18754	2466.76734
8752.88496	2466.45607
	
NSGA-II_27:	76
9933.58078	2278.17628
8609.02843	2845.99543
8623.05518	2726.72092
8687.25056	2595.28326
8617.96301	2776.61003
8682.15840	2645.17237
9857.72489	2282.60902
9918.30214	2280.53696
8611.17027	2810.62151
9013.44196	2418.60344
8613.80346	2808.55018
9123.14248	2388.39194
9095.53172	2398.09779
9664.96174	2296.07945
9791.61586	2288.30821
9731.03862	2290.38026
9604.38449	2298.15150
8748.70374	2563.93787
9201.61583	2340.51848
9355.02403	2320.46702
9028.44633	2407.37238
9842.44625	2284.96970
9806.89450	2285.94753
8897.12366	2497.12498
8865.90432	2499.48566
8803.15468	2523.23196
9265.64545	2327.54906
8927.69126	2471.88746
8724.68133	2571.10542
9255.58661	2338.13516
9407.61037	2317.41714
8699.34385	2584.05221
9567.88897	2300.38026
9107.86384	2390.75262
8838.40280	2507.90186
8677.73938	2661.31124
9468.88177	2311.15713
8665.43545	2674.54536
8654.93491	2689.75401
9062.94355	2400.96579
8850.62568	2501.84634
8815.37756	2517.17645
8635.14846	2715.48986
8642.84163	2700.98507
8953.02875	2458.94068
8962.42434	2445.91526
9439.83572	2316.77218
8830.65620	2514.81577
9694.57524	2292.60902
8977.42871	2434.68420
9339.74539	2322.82770
9542.98170	2306.43577
9505.37729	2308.92838
8682.15840	2645.17237
9280.92409	2325.18838
9604.38449	2298.15150
9160.99970	2355.82595
8910.63116	2482.46669
8897.40826	2485.47920
9186.33719	2342.87916
9176.27834	2353.46527
8937.75011	2461.30136
9542.98170	2306.43577
9142.43242	2375.27555
9391.51956	2318.23826
8995.12954	2426.37468
9238.11135	2338.28972
9317.41962	2322.95962
9731.03862	2290.38026
8912.41262	2474.24814
9145.99534	2367.05700
8764.35994	2544.48827
8777.81719	2536.17875
8762.57848	2552.70681
8752.26665	2555.71932
8790.04007	2530.12323
	
NSGA-II_28:	74
9575.06480	2292.67377
8337.40332	2833.23415
9428.87008	2300.44501
9534.21889	2299.46718
9084.48203	2332.21220
8827.85031	2391.39029
8986.38806	2332.93761
8337.59739	2800.08971
9172.60233	2316.88210
8353.45124	2739.98100
9318.79705	2309.11086
8741.83178	2394.54223
8352.78666	2797.37628
8401.77365	2613.35361
8352.98073	2764.23185
8422.06413	2581.86264
8372.54582	2731.76246
9242.65580	2316.50052
9388.85052	2308.72928
8468.42094	2522.03708
8373.74173	2708.49003
8400.45967	2659.12168
8385.91980	2673.46233
8515.76235	2495.47592
8385.07633	2694.97954
8460.22374	2542.29700
8448.13046	2553.52805
8420.86823	2605.13507
9549.49753	2297.10650
8401.30313	2637.60446
8605.65277	2482.81224
8971.10942	2335.29829
8726.55314	2396.90291
8631.89442	2439.32194
8558.82149	2488.39388
8441.15872	2573.64410
8617.15630	2469.31506
9277.95115	2315.90427
8714.08295	2405.12146
8958.63923	2343.51683
8891.45507	2366.48626
8918.23724	2350.62840
8673.68096	2412.23302
8916.45578	2358.84694
8623.61015	2455.17980
8506.85507	2503.69447
8625.39161	2455.17980
8437.34277	2579.50196
8417.05229	2610.99293
8480.51423	2510.80603
8473.51478	2518.54678
8646.89879	2428.09088
8658.67660	2423.46408
8590.37413	2485.17292
9132.58278	2325.16637
9303.51841	2311.47154
9242.65580	2316.50052
8611.60394	2470.81291
8889.67361	2374.70480
9156.04181	2320.19661
9107.01552	2329.59910
8688.95960	2409.87234
8933.51588	2348.26772
9413.59143	2302.80569
8485.60806	2507.31572
9091.73688	2331.95978
8876.45070	2377.71732
8855.59915	2380.81107
9575.06480	2292.67377
9388.85052	2308.72928
8903.23288	2361.85945
9303.51841	2311.47154
8840.32051	2383.17175
8986.38806	2332.93761
	
NSGA-II_29:	71
10329.55578	2290.33003
8480.03225	2721.62877
9710.64887	2310.65901
10008.20155	2306.31981
10303.98851	2294.76276
10183.36106	2298.10127
10105.29171	2306.18789
8621.28851	2529.24383
8655.21664	2473.26688
8897.97415	2434.69154
9218.63848	2392.40263
8634.92615	2504.75785
8563.80516	2572.23849
8486.86200	2692.99925
8480.50277	2697.37792
8487.33251	2668.74840
9371.51280	2360.32660
9133.72802	2395.89293
9107.17334	2400.62117
9685.08161	2315.09175
9484.75940	2343.88952
9398.86152	2347.67532
9599.18373	2318.87756
9022.26288	2404.11147
9510.32666	2339.45678
8649.06829	2496.53931
8805.71596	2435.10169
9567.11365	2339.16816
9299.02362	2360.88202
8572.03892	2552.45637
8987.16656	2422.57545
8793.99892	2436.09189
9573.61647	2323.31029
9273.45636	2365.31476
8549.34768	2600.72937
8551.74843	2583.94734
10154.39627	2298.54857
8521.84915	2620.72937
8603.79968	2533.72433
8595.81269	2539.75733
8534.01741	2616.79936
9266.95354	2381.17262
8680.69246	2462.75338
8558.03337	2575.72879
8751.77943	2442.46278
9373.29426	2352.10806
8996.69561	2408.54421
8726.21217	2446.89552
8700.73635	2457.40902
8507.62300	2637.25743
8507.33046	2648.73003
8720.86780	2455.11406
8669.35877	2465.04834
8578.32386	2544.23783
9254.32653	2384.48713
8646.64319	2503.76765
8666.93368	2472.27669
8540.30234	2608.58082
8513.90794	2629.03889
8493.61745	2660.52986
8994.91416	2416.76275
10128.82901	2302.98131
8513.90794	2629.03889
8501.55866	2652.22034
9571.83501	2331.52884
9271.67490	2373.53330
8951.91069	2427.33045
8914.62638	2432.75338
10183.36106	2298.10127
8940.19365	2428.32065
8712.45338	2456.41882
	
NSGA-II_30:	82
11371.06071	2284.87138
9245.63801	3192.37966
11106.23110	2291.65242
10916.28451	2293.36815
11181.11412	2286.58711
11371.06071	2284.87138
10213.85462	2392.40584
9258.08930	3087.15266
9864.90809	2427.80757
9249.70939	3150.84316
10901.00587	2295.72883
10102.44699	2397.81641
10789.59823	2301.13939
10764.26075	2314.08618
10658.51412	2315.12285
9991.59436	2420.03633
10462.07833	2330.53341
10061.83086	2413.12387
9262.16069	3045.61616
9285.10078	3013.17558
9261.12402	3081.47402
9288.39106	2979.33336
9426.84062	2760.20994
9514.70195	2643.66517
9306.49599	2971.39542
9643.98527	2539.69874
10314.77168	2358.00522
10643.23548	2317.48353
10385.85058	2357.87330
11165.83547	2288.94779
9991.59436	2420.03633
10399.90089	2351.06747
9346.52699	2845.55390
9714.74480	2536.94954
9787.56903	2505.13238
10531.82784	2322.89409
9493.82198	2648.84071
9839.57060	2440.75436
9543.09019	2621.75179
10259.16430	2365.64454
9601.37391	2601.20243
10233.82681	2378.59132
10588.76461	2322.76217
10436.74085	2343.48020
9344.29047	2867.46728
9452.17810	2747.26316
9486.59467	2669.39456
9568.42768	2608.80501
9461.08880	2730.98137
9309.99068	2949.88391
9321.39732	2931.25308
9618.64779	2552.64553
9469.56165	2708.19233
9612.14497	2568.50339
10516.54920	2325.25477
9367.05482	2841.69493
9370.34510	2807.85272
9337.46233	2869.59202
9332.29192	2887.42633
9377.57241	2787.29886
9326.33200	2910.13225
9810.97186	2476.45354
9762.23155	2518.07917
9740.08228	2524.00276
9837.78914	2448.97290
10243.24071	2373.86308
10087.16835	2400.17709
10077.10950	2410.76319
9764.01300	2509.86062
9738.30083	2532.22130
9642.20382	2547.91728
9450.55860	2753.92127
9387.77518	2780.97272
9489.78128	2665.92963
9804.46905	2492.31141
9601.61477	2591.44329
9369.17130	2829.91995
9476.78896	2687.63848
9402.90990	2774.35208
9476.78896	2687.63848
9541.30873	2629.97034
9836.30935	2463.50676
	
Math-AUGMECON-II_1:	64
8288.42866	2870.23453
8291.61136	2839.65531
8307.46521	2779.54659
8311.32338	2751.96903
8324.22431	2730.05565
8327.17723	2691.86031
8335.11844	2683.55079
8347.46771	2660.36935
8359.69015	2644.11665
8362.17255	2630.17216
8383.70377	2616.07062
8392.54383	2596.28850
8395.34652	2588.47339
8403.26489	2583.22819
8416.47057	2562.03708
8423.55538	2551.73722
8438.24471	2539.90866
8451.33890	2529.67640
8465.21712	2513.80927
8480.75236	2507.54798
8501.79068	2497.01586
8515.03746	2489.38778
8534.72682	2477.95141
8552.38541	2469.67402
8572.12981	2459.06136
8582.18866	2448.47525
8587.75030	2444.88351
8608.46667	2434.45422
8620.82173	2425.29522
8623.47103	2423.22317
8630.26445	2417.65590
10103.40157	2160.15020
10065.72214	2163.35678
9907.50810	2172.02263
9881.94078	2176.45536
9844.26134	2179.66195
9734.47669	2197.73418
9708.90943	2202.16692
9695.50208	2205.68009
9653.01069	2208.62136
9548.48098	2215.75248
9506.81597	2216.39260
9491.53733	2218.75328
9464.81570	2222.85025
9433.08584	2226.11437
9407.80877	2227.16948
9382.24151	2231.60221
9349.19083	2234.43406
9336.31959	2234.72268
9293.95104	2236.47936
9278.67240	2238.84004
9243.35491	2239.15542
9219.85110	2241.20072
9166.43823	2249.48499
9112.69722	2260.38236
9087.12996	2264.81510
9062.40860	2274.81510
9061.79247	2277.76188
9008.02292	2294.52461
9001.22951	2300.09187
8971.60573	2313.47417
8938.80504	2319.91631
8923.52640	2322.27698
8897.63100	2329.32282
	
Math-AUGMECON-II_2:	71
8324.22431	2730.05565
8326.02821	2721.77185
8327.17723	2691.86031
8341.88206	2661.66313
8362.17255	2630.17216
8387.05859	2614.04753
8403.26489	2583.22819
8416.47057	2562.03708
8423.55538	2551.73722
8438.24471	2539.90866
8451.33890	2529.67640
8458.42371	2519.37654
8474.15323	2510.31897
8475.31944	2509.38778
8508.24405	2494.95504
8513.87125	2490.31897
8545.59200	2475.24128
8548.30212	2471.44859
8565.33640	2464.62862
8572.12981	2459.06136
8580.34076	2453.39756
8582.18866	2448.47525
8590.39961	2442.81146
8615.26009	2428.88696
8630.26445	2417.65590
8671.11035	2410.86249
8678.15830	2408.89014
8681.34900	2406.05622
8724.46150	2396.17672
8730.14428	2393.11987
8732.79358	2391.04781
8739.58700	2385.48055
8765.15426	2381.04781
8776.98912	2379.96777
8780.43290	2378.68713
8797.08286	2367.35220
8803.87628	2361.78493
8818.88064	2350.55388
10275.16373	2147.94621
10221.93364	2151.28472
10206.65488	2153.64540
10038.42412	2166.61207
10013.34396	2167.30127
9985.19409	2169.95057
9907.50827	2172.02262
9892.22940	2174.38331
9844.26145	2179.66194
9818.69408	2184.09468
9783.12419	2187.58989
9742.58167	2196.21941
9701.73576	2203.01282
9687.43086	2206.88085
9653.01069	2208.62136
9629.26956	2210.86431
9612.65189	2211.67124
9599.78066	2211.95987
9548.48098	2215.75248
9506.81597	2216.39260
9464.81570	2222.85025
9441.31189	2224.89555
9407.80884	2227.16947
9392.53013	2229.53016
9366.04582	2233.42948
9336.31959	2234.72268
9293.95104	2236.47936
9243.35491	2239.15542
9204.57246	2243.56140
9181.71687	2247.12431
9166.43823	2249.48499
9127.97586	2258.02168
9112.69722	2260.38236
	
Math-AUGMECON-II_3:	65
8311.32338	2751.96903
8324.22431	2730.05565
8327.17723	2691.86031
8341.16388	2676.06080
8341.88206	2661.66313
8362.17255	2630.17216
8370.11376	2621.86265
8390.06142	2610.23299
8392.54383	2596.28850
8395.34652	2588.47339
8416.47057	2562.03708
8428.56386	2550.80603
8431.45130	2545.47592
8438.24471	2539.90866
8451.33890	2529.67640
8463.43219	2518.44535
8465.21712	2513.80927
8480.75236	2507.54798
8508.58410	2491.44859
8513.87125	2490.31897
8545.59200	2475.24128
8572.12981	2459.06136
8582.18866	2448.47525
8590.39961	2442.81146
8608.46667	2434.45422
8613.41219	2433.80927
8630.26445	2417.65590
8667.22730	2412.32580
8691.94866	2402.32580
8724.46150	2396.17672
8739.58700	2385.48055
10000.47273	2167.58989
9907.50814	2172.02262
9844.26134	2179.66195
9828.98270	2182.02263
9798.40283	2185.22921
9757.55693	2192.02263
9727.30303	2198.58009
9629.26956	2210.86431
9599.78066	2211.95987
9584.50202	2214.32055
9548.48098	2215.75248
9506.81597	2216.39260
9441.31189	2224.89555
9407.80877	2227.16948
9389.54963	2231.38418
9349.19083	2234.43406
9293.95104	2236.47936
9278.67249	2238.84002
9243.35491	2239.15542
9219.85110	2241.20072
9192.00549	2245.05225
9166.43823	2249.48499
9140.54283	2256.53082
9112.69722	2260.38236
9050.71276	2283.76466
9023.30157	2292.16393
9001.22951	2300.09187
8971.60573	2313.47417
8961.66063	2316.35339
8949.09366	2317.84425
8923.52640	2322.27698
8885.06403	2330.81367
8869.78539	2333.17435
8859.49677	2335.24641
	
Math-AUGMECON-II_4:	70
8324.22431	2730.05565
8327.17723	2691.86031
8359.69015	2644.11665
8370.11376	2621.86265
8375.05603	2619.96435
8392.54383	2596.28850
8395.34652	2588.47339
8416.47057	2562.03708
8423.55538	2551.73722
8431.45130	2545.47592
8451.33890	2529.67640
8458.42371	2519.37654
8490.19508	2499.90866
8508.58410	2491.44859
8527.93340	2483.51867
8546.80105	2473.40444
8552.38541	2469.67402
8567.06974	2463.16868
8575.39524	2454.04251
8590.39961	2442.81146
8605.81737	2436.52628
8620.82173	2425.29522
8623.47103	2423.22317
8645.54309	2415.29522
8681.34900	2406.05622
8714.17288	2398.24878
8732.79358	2391.04781
8739.58700	2385.48055
8776.98912	2379.96777
8784.64847	2374.57342
8804.49240	2358.83815
8809.43792	2358.19320
8819.49677	2347.60709
8837.42470	2343.17436
8844.21813	2337.60709
8882.35236	2331.68350
10128.96883	2155.71746
10088.12298	2162.51087
10065.72214	2163.35678
10000.47273	2167.58989
9907.50804	2172.02263
9866.66214	2178.81604
9844.26134	2179.66195
9783.12419	2187.58989
9742.58167	2196.21941
9687.43086	2206.88085
9653.01069	2208.62136
9629.26956	2210.86431
9612.65189	2211.67124
9506.81597	2216.39260
9491.53733	2218.75328
9441.31189	2224.89555
9428.74492	2226.38641
9407.80877	2227.16948
9366.04582	2233.42948
9349.19099	2234.43404
9278.67240	2238.84004
9243.35491	2239.15542
9219.85110	2241.20072
9192.00549	2245.05225
9179.00520	2247.99413
9140.54283	2256.53082
9127.97586	2258.02168
9112.69722	2260.38236
9102.40860	2262.45442
9087.12996	2264.81510
9044.49316	2286.04615
9037.07111	2287.76188
9023.30157	2292.16393
8983.30157	2304.52461
	
Math-AUGMECON-II_5:	53
8291.61136	2839.65531
8304.28251	2810.12582
8304.80086	2804.71723
8307.46521	2779.54659
8311.32338	2751.96903
8319.26460	2743.65951
8324.22431	2730.05565
8326.70672	2716.11116
8327.17723	2691.86031
8341.88206	2661.66313
8362.17255	2630.17216
8375.05603	2619.96435
8392.54383	2596.28850
8395.34652	2588.47339
8411.16081	2576.96689
8416.47057	2562.03708
8423.55538	2551.73722
8448.53334	2537.83660
8458.42371	2519.37654
8483.40167	2505.47592
8524.15987	2488.24691
8534.72682	2477.95141
8548.30212	2471.44859
8572.12981	2459.06136
8575.39524	2454.04251
8587.75030	2444.88351
8597.19302	2437.24419
8615.26009	2428.88696
9701.73576	2203.01282
9653.01069	2208.62136
9612.65189	2211.67124
9599.78184	2211.95978
9548.48098	2215.75248
9506.81597	2216.39260
9491.53733	2218.75328
9464.81570	2222.85025
9441.31189	2224.89555
9407.80877	2227.16948
9392.53013	2229.53016
9366.04582	2233.42948
9349.19083	2234.43406
9336.31959	2234.72268
9293.95104	2236.47936
9285.01992	2238.51530
9243.35491	2239.15542
9219.85110	2241.20072
9140.54283	2256.53082
9087.12996	2264.81510
9062.40861	2274.81509
9054.99906	2283.32914
9008.02292	2294.52461
8978.84405	2312.29585
8938.80504	2319.91631
	
Math-AUGMECON-II_6:	76
8288.42866	2870.23453
8291.61136	2839.65531
8304.28251	2810.12582
8307.46521	2779.54659
8311.32338	2751.96903
8319.26460	2743.65951
8324.22431	2730.05565
8326.02821	2721.77185
8326.70672	2716.11116
8327.17723	2691.86031
8335.11844	2683.55079
8341.88206	2661.66313
8359.69015	2644.11665
8362.17255	2630.17216
8383.70377	2616.07062
8392.54383	2596.28850
8395.34652	2588.47339
8403.26489	2583.22819
8416.47057	2562.03708
8421.56441	2558.54678
8423.55538	2551.73722
8438.24471	2539.90866
8448.53334	2537.83660
8458.42371	2519.37654
8474.15323	2510.31897
8480.75236	2507.54798
8501.79068	2497.01586
8525.28410	2485.59073
8552.38541	2469.67402
8572.12981	2459.06136
8572.74594	2456.11457
8590.39961	2442.81146
8597.19302	2437.24419
8623.47103	2423.22317
8630.26445	2417.65590
8645.54309	2415.29522
9892.22940	2174.38331
9866.66214	2178.81604
9844.26134	2179.66195
9749.75533	2195.37350
9724.18807	2199.80624
9701.73576	2203.01282
9653.01069	2208.62136
9612.65189	2211.67124
9599.78066	2211.95987
9548.48098	2215.75248
9506.81610	2216.39258
9464.81570	2222.85025
9441.31189	2224.89555
9433.08584	2226.11437
9407.80877	2227.16948
9293.95132	2236.47932
9285.01992	2238.51530
9243.35491	2239.15542
9219.85110	2241.20072
9204.57246	2243.56140
9181.71687	2247.12431
9155.23461	2254.48553
9140.54283	2256.53082
9112.69722	2260.38236
9102.40860	2262.45442
9080.33654	2270.38236
9062.40860	2274.81510
9033.59019	2290.09187
9001.22951	2300.09187
8983.30157	2304.52461
8957.96408	2317.47139
8938.80504	2319.91631
8923.52640	2322.27698
8897.63100	2329.32282
8882.35236	2331.68350
8869.78539	2333.17435
8859.49677	2335.24641
8832.06374	2346.11624
8812.08723	2356.12114
8784.64847	2374.57342
	
Math-AUGMECON-II_7:	57
8288.42866	2870.23453
8291.61136	2839.65531
8304.28251	2810.12582
8306.99470	2803.79744
8307.46521	2779.54659
8311.32338	2751.96903
8324.22431	2730.05565
8326.02821	2721.77185
8326.70672	2716.11116
8327.17723	2691.86031
8335.11844	2683.55080
8341.88206	2661.66313
8349.82328	2653.35361
8362.17255	2630.17216
8370.11376	2621.86265
8390.06142	2610.23299
8392.54383	2596.28850
8403.26489	2583.22819
8411.16081	2576.96689
8416.47057	2562.03708
8423.55538	2551.73722
8438.24471	2539.90866
8451.33890	2529.67640
9772.83557	2189.66195
9757.55693	2192.02263
9734.47669	2197.73418
9717.01440	2200.65214
9548.48098	2215.75248
9506.81597	2216.39260
9491.53733	2218.75328
9464.81570	2222.85025
9433.08584	2226.11437
9407.80877	2227.16948
9349.19083	2234.43406
9336.31959	2234.72268
9293.95104	2236.47936
9243.35491	2239.15542
9219.85110	2241.20072
9207.28413	2242.69157
9192.00549	2245.05225
9166.43823	2249.48499
9140.54283	2256.53082
9112.69722	2260.38236
9087.12996	2264.81510
9062.40860	2274.81510
9057.95108	2282.58634
9033.59019	2290.09187
9023.30157	2292.16393
9008.02292	2294.52461
9001.22951	2300.09187
8964.37230	2315.48357
8949.09371	2317.84424
8923.52640	2322.27698
8912.32278	2327.27752
8897.63100	2329.32282
8885.06403	2330.81367
8859.49677	2335.24641
	
Math-AUGMECON-II_8:	65
8311.32338	2751.96903
8324.22431	2730.05565
8326.02821	2721.77185
8326.70672	2716.11116
8327.17723	2691.86031
8341.88206	2661.66313
8362.17255	2630.17216
8375.05603	2619.96435
8383.70377	2616.07062
8390.06142	2610.23299
8395.34652	2588.47339
8411.16081	2576.96689
8416.47057	2562.03708
8431.45130	2545.47592
8438.24471	2539.90866
8465.21712	2513.80927
8474.15323	2510.31897
8480.75236	2507.54798
8508.58410	2491.44859
8525.28410	2485.59073
8548.30212	2471.44859
8572.12981	2459.06136
8572.74594	2456.11457
8582.18866	2448.47525
8597.19302	2437.24419
8615.26009	2428.88696
8645.54309	2415.29522
8678.15830	2408.89014
8724.46150	2396.17672
8730.14428	2393.11987
8739.58700	2385.48055
9907.50804	2172.02263
9892.22940	2174.38331
9866.66214	2178.81604
9772.83557	2189.66195
9742.58167	2196.21941
9727.30303	2198.58009
9695.50208	2205.68009
9653.01069	2208.62136
9612.65189	2211.67124
9584.50202	2214.32055
9548.48098	2215.75248
9506.81597	2216.39260
9464.81570	2222.85025
9441.31189	2224.89555
9428.74492	2226.38641
9389.54970	2231.38417
9349.19083	2234.43406
9243.35491	2239.15542
9207.28413	2242.69157
9192.00549	2245.05225
9155.23461	2254.48553
9127.97586	2258.02168
9112.69722	2260.38236
9087.12996	2264.81510
9080.33654	2270.38236
9062.40860	2274.81510
9023.30157	2292.16393
8949.09366	2317.84425
8936.09337	2320.78613
8923.52640	2322.27698
8885.06403	2330.81367
8859.49677	2335.24641
8856.78510	2336.11624
8837.42471	2343.17435
	
Math-AUGMECON-II_9:	61
8326.70672	2716.11116
8327.17723	2691.86031
8341.16388	2676.06080
8349.82328	2653.35361
8359.69015	2644.11665
8362.17255	2630.17216
8370.11376	2621.86265
8387.05859	2614.04753
8392.54383	2596.28850
8395.34652	2588.47339
8403.26489	2583.22819
8423.55538	2551.73722
8438.24471	2539.90866
8451.33890	2529.67640
8458.42371	2519.37654
8465.21712	2513.80927
8480.75236	2507.54798
8490.19508	2499.90866
8508.58410	2491.44859
8524.15987	2488.24691
8546.80105	2473.40444
8548.30212	2471.44859
8572.74594	2456.11457
8575.39524	2454.04251
8587.75030	2444.88351
8597.19302	2437.24419
8620.82173	2425.29522
8630.26445	2417.65590
8671.11035	2410.86249
8681.34900	2406.05622
8691.94866	2402.32580
8698.89424	2400.60946
9907.50804	2172.02263
9892.22940	2174.38331
9798.40283	2185.22921
9772.83557	2189.66195
9717.01440	2200.65214
9687.43086	2206.88085
9653.01069	2208.62136
9548.48098	2215.75248
9506.81597	2216.39260
9481.24871	2220.82534
9441.31189	2224.89555
9407.80877	2227.16948
9378.76273	2232.78453
9349.19083	2234.43406
9325.68702	2236.47936
9293.95104	2236.47936
9207.28413	2242.69157
9181.71687	2247.12431
9127.97586	2258.02168
9087.12996	2264.81510
8983.30157	2304.52461
8978.84405	2312.29585
8964.37230	2315.48357
8938.80504	2319.91631
8923.52640	2322.27698
8885.06403	2330.81367
8869.78539	2333.17435
8844.21813	2337.60709
8819.49677	2347.60709
	
Math-AUGMECON-II_10:	57
8288.42866	2870.23453
8291.61136	2839.65533
8296.48980	2836.80147
8304.28251	2810.12582
8304.45672	2806.80147
8307.46521	2779.54659
8311.32338	2751.96903
8324.22431	2730.05565
8326.02821	2721.77185
8326.70672	2716.11116
8327.17723	2691.86031
8341.16388	2676.06080
8341.88206	2661.66313
8359.69015	2644.11665
8362.17255	2630.17216
8392.54383	2596.28850
8408.27337	2582.29700
8416.47057	2562.03708
8421.56441	2558.54678
8438.24471	2539.90866
8458.13232	2524.10914
8490.19508	2499.90866
8515.03746	2489.38778
8525.28410	2485.59073
8552.38541	2469.67402
10176.78142	2155.58553
10128.96883	2155.71746
10113.69019	2158.07814
10088.12293	2162.51088
10065.72214	2163.35678
9907.50841	2172.02261
9844.26134	2179.66195
9828.98270	2182.02263
9739.21705	2197.44556
9724.18807	2199.80624
9653.01069	2208.62136
9612.65189	2211.67124
9599.78066	2211.95987
9548.48098	2215.75248
9506.81597	2216.39260
9464.81570	2222.85025
9441.31189	2224.89555
9392.53013	2229.53016
9378.76273	2232.78453
9336.31959	2234.72268
9293.95109	2236.47936
9278.67240	2238.84004
9219.85110	2241.20072
9181.71687	2247.12431
9140.54283	2256.53082
9127.97586	2258.02168
9087.12996	2264.81510
9077.68724	2272.45442
9023.30157	2292.16393
9008.02292	2294.52461
8971.60573	2313.47417
8961.66063	2316.35339
	
Math-AUGMECON-II_11:	59
8359.69015	2644.11665
8362.17255	2630.17216
8421.56441	2558.54678
8428.56386	2550.80603
8438.24471	2539.90866
8448.53334	2537.83660
8451.33890	2529.67640
8456.43274	2526.18610
8465.21712	2513.80927
8480.75236	2507.54798
8490.19506	2499.90867
8507.07783	2495.88623
8513.87125	2490.31897
8525.28410	2485.59073
8534.72682	2477.95141
8567.06974	2463.16868
8587.75030	2444.88351
8590.39961	2442.81146
8613.41219	2433.80927
8615.26009	2428.88696
8630.26445	2417.65590
8655.83171	2413.22317
8698.89424	2400.60946
8724.46150	2396.17672
8732.79358	2391.04781
8739.58700	2385.48055
8780.43290	2378.68713
8794.43356	2369.42425
8803.87628	2361.78493
8812.08723	2356.12114
8818.88064	2350.55388
8832.06374	2346.11624
8912.32278	2327.27752
8923.52640	2322.27698
10053.70278	2164.25138
9907.50804	2172.02263
9798.40283	2185.22921
9783.12419	2187.58989
9742.58167	2196.21941
9739.21705	2197.44556
9717.01440	2200.65214
9708.90943	2202.16692
9687.43086	2206.88085
9506.81597	2216.39260
9464.81570	2222.85025
9441.31189	2224.89555
9392.53013	2229.53016
9382.24151	2231.60221
9325.68702	2236.47936
9293.95104	2236.47936
9219.85110	2241.20072
9207.28413	2242.69157
9192.00549	2245.05225
9181.71687	2247.12431
9166.43823	2249.48499
9112.69722	2260.38236
9087.12996	2264.81510
9080.33654	2270.38236
9062.40860	2274.81510
	
Math-AUGMECON-II_12:	70
8326.02821	2721.77185
8335.11843	2683.55083
8341.88206	2661.66313
8359.69015	2644.11665
8362.17255	2630.17216
8383.70377	2616.07062
8390.06142	2610.23299
8392.54383	2596.28850
8408.27337	2582.29700
8411.16081	2576.96689
8416.47057	2562.03708
8431.45130	2545.47592
8456.43274	2526.18610
8458.42371	2519.37654
8465.21712	2513.80928
8480.75236	2507.54798
8490.19508	2499.90866
8508.58410	2491.44859
8515.03746	2489.38778
8533.99831	2482.75697
8534.72682	2477.95141
8565.00212	2465.59073
8582.18866	2448.47525
8587.75030	2444.88351
8620.82173	2425.29522
8630.26445	2417.65590
8645.54309	2415.29522
8724.46150	2396.17672
8730.14428	2393.11987
8739.58700	2385.48055
8754.86564	2383.11987
8780.43290	2378.68713
8784.64847	2374.57342
8812.08723	2356.12114
8819.49677	2347.60709
8844.21813	2337.60709
8856.78510	2336.11624
8882.35236	2331.68350
10432.20416	2139.61414
10402.33072	2141.55429
10275.16356	2147.94622
10088.12293	2162.51088
10065.72214	2163.35678
10000.47273	2167.58989
9985.19409	2169.95057
9907.50804	2172.02263
9844.26134	2179.66195
9828.98270	2182.02263
9783.12419	2187.58989
9757.55693	2192.02263
9727.30303	2198.58009
9708.90943	2202.16692
9629.26956	2210.86431
9612.65189	2211.67124
9584.50201	2214.32055
9506.81597	2216.39260
9433.08584	2226.11437
9407.80877	2227.16948
9366.04582	2233.42948
9349.19085	2234.43406
9293.95104	2236.47936
9243.35491	2239.15542
9219.85110	2241.20072
9155.23461	2254.48553
9140.54283	2256.53082
9112.69722	2260.38236
9102.40860	2262.45442
9050.71276	2283.76466
8971.60573	2313.47417
8957.96408	2317.47139
	
Math-AUGMECON-II_13:	64
8311.32338	2751.96903
8324.22431	2730.05565
8327.17723	2691.86031
8341.16388	2676.06080
8349.82328	2653.35361
8362.17255	2630.17216
8383.70377	2616.07062
8392.54383	2596.28850
8395.34652	2588.47339
8403.26489	2583.22819
8416.47057	2562.03708
8421.56441	2558.54678
8451.33890	2529.67640
8456.43274	2526.18610
8465.21712	2513.80927
8475.31944	2509.38778
8483.40166	2505.47593
8501.79068	2497.01586
8525.28410	2485.59073
8529.67972	2483.11524
8562.67404	2467.60196
8567.06974	2463.16868
8572.74594	2456.11457
8582.18866	2448.47525
8608.46667	2434.45422
8620.82173	2425.29522
8645.54309	2415.29522
8671.11035	2410.86249
8724.46150	2396.17672
8732.79358	2391.04781
8739.58700	2385.48055
8776.98912	2379.96777
10354.51804	2141.68622
10221.93352	2151.28472
10206.65488	2153.64540
10128.96894	2155.71746
10013.34439	2167.30125
9985.19409	2169.95057
9907.50804	2172.02263
9844.26134	2179.66195
9828.98270	2182.02263
9757.55693	2192.02263
9742.58167	2196.21941
9739.21705	2197.44556
9701.73576	2203.01282
9653.01069	2208.62136
9612.65189	2211.67124
9584.50202	2214.32055
9506.81597	2216.39260
9491.53733	2218.75328
9441.31189	2224.89555
9392.53013	2229.53016
9366.04582	2233.42948
9293.95104	2236.47936
9243.35491	2239.15542
9219.85110	2241.20072
9207.28413	2242.69157
9140.54283	2256.53082
9112.69722	2260.38236
9050.71276	2283.76466
9023.30157	2292.16393
8983.30157	2304.52461
8957.96408	2317.47139
8938.80504	2319.91631
	
Math-AUGMECON-II_14:	55
8324.22431	2730.05565
8326.70672	2716.11116
8327.17723	2691.86031
8335.11844	2683.55079
8362.17255	2630.17216
8392.54383	2596.28850
8411.16081	2576.96689
8416.47057	2562.03708
8431.45130	2545.47592
8438.24471	2539.90866
8458.42371	2519.37654
8465.21712	2513.80927
8474.15323	2510.31897
8527.93340	2483.51867
8534.72682	2477.95141
8556.46270	2468.74283
8572.12981	2459.06136
8575.39524	2454.04251
8590.39961	2442.81146
8597.19302	2437.24419
8605.81737	2436.52628
8608.46667	2434.45422
8615.26009	2428.88696
8655.83171	2413.22317
8671.11035	2410.86249
8678.15830	2408.89014
9757.55693	2192.02263
9739.21705	2197.44556
9612.65189	2211.67124
9599.78066	2211.95987
9584.50202	2214.32055
9548.48098	2215.75248
9506.81597	2216.39260
9441.31189	2224.89555
9407.80877	2227.16948
9392.53013	2229.53016
9336.31959	2234.72268
9293.95174	2236.47928
9285.01992	2238.51530
9243.35491	2239.15542
9219.85110	2241.20072
9192.00549	2245.05225
9166.43823	2249.48499
9140.54283	2256.53082
9127.97586	2258.02168
9112.69722	2260.38236
9087.12996	2264.81510
9062.40860	2274.81510
9057.95108	2282.58634
9008.02292	2294.52461
9001.22951	2300.09187
8975.89202	2313.03866
8961.66063	2316.35339
8949.09366	2317.84425
8938.80504	2319.91631
	
Math-AUGMECON-II_15:	65
8362.17255	2630.17216
8392.54383	2596.28850
8416.47057	2562.03708
8438.24471	2539.90866
8451.33890	2529.67640
8456.43274	2526.18610
8458.42371	2519.37654
8465.21712	2513.80927
8475.31944	2509.38778
8490.19508	2499.90866
8504.10095	2496.41835
8508.58410	2491.44859
8525.28410	2485.59073
8534.72682	2477.95141
8548.30212	2471.44859
8552.38541	2469.67402
8575.39524	2454.04251
8587.13418	2447.83030
8597.19302	2437.24419
8613.41219	2433.80927
8620.82173	2425.29522
8630.26445	2417.65590
8645.54309	2415.29522
8678.15830	2408.89014
8691.94866	2402.32580
8724.46150	2396.17672
8730.14428	2393.11987
8739.58700	2385.48055
8794.43356	2369.42425
8797.08286	2367.35220
8803.87628	2361.78493
8804.49240	2358.83815
8818.88064	2350.55388
8819.49677	2347.60709
8834.77540	2345.24641
10575.92798	2133.71931
10539.59612	2133.78306
10500.71276	2133.91498
10432.20408	2139.61416
10393.40142	2141.55429
10167.85266	2155.58552
10128.96883	2155.71746
10053.70276	2164.25139
10013.34396	2167.30127
9818.69408	2184.09468
9798.40283	2185.22921
9772.83557	2189.66195
9757.55693	2192.02263
9653.01069	2208.62136
9599.78066	2211.95987
9584.50202	2214.32055
9548.48098	2215.75248
9506.81597	2216.39260
9441.31189	2224.89555
9428.74492	2226.38641
9407.80877	2227.16948
9389.54963	2231.38418
9366.04582	2233.42948
9349.19083	2234.43406
9325.68702	2236.47936
9243.35491	2239.15542
9219.85110	2241.20072
9192.00549	2245.05225
9127.97586	2258.02168
9102.40860	2262.45442
	
Math-AUGMECON-II_16:	66
8288.42866	2870.23453
8291.61136	2839.65531
8299.55258	2831.34579
8304.28251	2810.12582
8307.46521	2779.54659
8311.32338	2751.96903
8319.26460	2743.65951
8326.02821	2721.77185
8326.70672	2716.11116
8327.17723	2691.86031
8335.11844	2683.55079
8341.88206	2661.66313
8349.82328	2653.35361
8362.17255	2630.17216
8370.11376	2621.86265
8392.54383	2596.28850
8395.34652	2588.47339
8403.26489	2583.22819
8413.98817	2575.98157
8416.47057	2562.03708
8423.55538	2551.73722
8448.53334	2537.83660
8458.42371	2519.37654
8474.15323	2510.31897
8490.19508	2499.90866
8508.58410	2491.44859
8533.99831	2482.75697
8534.72682	2477.95141
8545.59200	2475.24128
9651.20729	2210.40282
9629.26956	2210.86431
9597.37325	2214.03192
9548.48098	2215.75248
9366.04582	2233.42948
9349.19083	2234.43406
9293.95104	2236.47936
9285.01992	2238.51530
9140.54286	2256.53082
9127.97586	2258.02168
9087.12996	2264.81510
9077.68724	2272.45442
9062.40860	2274.81510
9023.30157	2292.16393
9008.02292	2294.52461
9001.22951	2300.09187
8983.30157	2304.52461
8978.84405	2312.29585
8971.60573	2313.47417
8949.09366	2317.84425
8912.32278	2327.27752
8897.63100	2329.32282
8882.35236	2331.68350
8859.49677	2335.24641
8844.21813	2337.60709
8812.08723	2356.12114
8797.08286	2367.35220
8784.64847	2374.57342
8765.15426	2381.04781
8754.86564	2383.11987
8739.58700	2385.48055
8732.79358	2391.04781
8717.51592	2397.89306
8691.94866	2402.32580
8681.34900	2406.05622
8655.83171	2413.22317
8645.54309	2415.29522
	
Math-AUGMECON-II_17:	70
8306.99470	2803.79744
8307.46521	2779.54659
8311.32338	2751.96903
8319.26460	2743.65951
8324.22431	2730.05565
8326.70672	2716.11116
8327.17722	2691.86033
8341.16388	2676.06080
8349.82328	2653.35361
8362.17255	2630.17216
8370.11376	2621.86265
8392.54383	2596.28850
8395.34652	2588.47339
8411.16081	2576.96689
8416.47057	2562.03708
8423.55538	2551.73722
8438.24471	2539.90866
8458.42371	2519.37654
8463.43219	2518.44535
8490.19508	2499.90866
8508.58410	2491.44859
8524.15987	2488.24691
8548.30212	2471.44859
8565.33640	2464.62862
8572.74594	2456.11457
8575.39524	2454.04251
8582.18866	2448.47525
8605.81737	2436.52628
8620.82173	2425.29522
8630.26445	2417.65590
8678.15830	2408.89014
8681.34900	2406.05622
8691.94866	2402.32580
8724.46150	2396.17672
8739.58700	2385.48055
10013.34424	2167.30125
9907.50804	2172.02263
9866.66214	2178.81604
9818.69408	2184.09468
9798.40283	2185.22921
9754.49570	2195.08488
9701.73576	2203.01282
9687.43086	2206.88085
9651.20729	2210.40282
9629.26956	2210.86431
9599.78066	2211.95987
9548.48098	2215.75248
9506.81597	2216.39260
9491.53744	2218.75327
9382.24151	2231.60221
9366.04582	2233.42948
9349.19083	2234.43406
9336.31959	2234.72268
9293.95104	2236.47936
9243.35491	2239.15542
9204.57246	2243.56140
9179.00520	2247.99413
9166.43823	2249.48499
9155.23461	2254.48553
9054.99906	2283.32914
9023.30157	2292.16393
9020.58989	2293.03375
9001.22951	2300.09187
8964.37230	2315.48357
8949.09366	2317.84425
8938.80504	2319.91631
8897.63100	2329.32282
8885.06403	2330.81367
8869.78539	2333.17435
8859.49677	2335.24641
	
Math-AUGMECON-II_18:	60
8311.32338	2751.96903
8319.26460	2743.65951
8359.69015	2644.11665
8362.17255	2630.17216
8370.11376	2621.86265
8416.47057	2562.03708
8431.45130	2545.47592
8438.24471	2539.90866
8456.43274	2526.18610
8458.42371	2519.37654
8465.21712	2513.80927
8483.40167	2505.47592
8490.19508	2499.90866
8501.79068	2497.01586
8504.10095	2496.41835
8534.72682	2477.95141
8543.81897	2476.41835
8572.74594	2456.11457
8575.39524	2454.04251
8582.18866	2448.47525
8615.26009	2428.88696
8620.20560	2428.24201
8655.83171	2413.22317
8671.11035	2410.86249
8730.14428	2393.11987
8765.15426	2381.04781
8780.43290	2378.68713
8803.87628	2361.78493
8804.49240	2358.83815
8812.08723	2356.12114
10393.40145	2141.55430
10354.51804	2141.68622
10221.93392	2151.28471
10167.85223	2155.58554
10128.96883	2155.71746
10013.34396	2167.30127
9998.06532	2169.66195
9907.50804	2172.02263
9798.40283	2185.22921
9783.12419	2187.58989
9757.55693	2192.02263
9742.58167	2196.21941
9717.01440	2200.65214
9687.43086	2206.88085
9629.26956	2210.86431
9612.65189	2211.67124
9548.48098	2215.75248
9506.81597	2216.39260
9491.53733	2218.75328
9441.31189	2224.89555
9407.80877	2227.16948
9378.76273	2232.78453
9349.19083	2234.43406
9293.95104	2236.47936
9278.67240	2238.84004
9219.85110	2241.20072
9204.57246	2243.56140
9179.00520	2247.99413
9155.23461	2254.48553
9140.54283	2256.53082
	
Math-AUGMECON-II_19:	48
8288.42866	2870.23453
8304.28251	2810.12582
8304.80086	2804.71723
8307.46521	2779.54659
8311.32338	2751.96903
8319.26460	2743.65951
8326.02821	2721.77185
8327.17723	2691.86031
8335.11844	2683.55080
8341.88206	2661.66313
8349.82328	2653.35361
8362.17254	2630.17217
8392.54383	2596.28850
8395.34652	2588.47339
8411.16081	2576.96689
8416.47057	2562.03708
8421.56441	2558.54678
8423.55538	2551.73722
8431.45130	2545.47592
9754.49570	2195.08488
9727.30303	2198.58009
9695.50208	2205.68009
9653.01069	2208.62136
9548.48098	2215.75248
9506.81597	2216.39260
9491.53733	2218.75328
9481.24873	2220.82533
9464.81570	2222.85025
9293.95104	2236.47936
9285.01992	2238.51530
9243.35491	2239.15542
9219.85110	2241.20072
9192.00549	2245.05225
9166.43823	2249.48499
9127.97586	2258.02168
9112.69722	2260.38236
9080.33654	2270.38236
9062.40860	2274.81510
9037.07111	2287.76188
9033.59019	2290.09187
9023.30157	2292.16393
8983.30157	2304.52461
8964.37230	2315.48357
8949.09366	2317.84425
8938.80504	2319.91631
8923.52640	2322.27698
8912.32278	2327.27752
8897.63100	2329.32282
	
Math-AUGMECON-II_20:	64
8326.02821	2721.77185
8327.17723	2691.86031
8341.16388	2676.06080
8341.88206	2661.66313
8347.46771	2660.36936
8355.40893	2652.05983
8362.17255	2630.17216
8370.11376	2621.86265
8387.05859	2614.04753
8392.54383	2596.28850
8395.34652	2588.47339
8397.49627	2588.06996
8411.16081	2576.96689
8416.47057	2562.03708
8423.55538	2551.73722
8431.45130	2545.47592
8438.24471	2539.90866
8448.53334	2537.83660
8456.43274	2526.18610
8458.42371	2519.37654
8474.15323	2510.31897
8490.19508	2499.90866
8507.07783	2495.88623
8525.28410	2485.59073
8534.72682	2477.95141
8562.67404	2467.60196
8572.12981	2459.06136
8572.74594	2456.11457
8587.13418	2447.83030
8597.19302	2437.24419
8615.26009	2428.88696
9892.22940	2174.38331
9881.94079	2176.45536
9866.66214	2178.81604
9844.26134	2179.66195
9708.90943	2202.16692
9653.01069	2208.62136
9612.65189	2211.67124
9481.24871	2220.82534
9464.81570	2222.85025
9441.31189	2224.89555
9433.08584	2226.11437
9407.80877	2227.16948
9392.53013	2229.53016
9382.24151	2231.60221
9366.04582	2233.42948
9349.19083	2234.43406
9336.31959	2234.72268
9293.95104	2236.47936
9278.67251	2238.84002
9243.35491	2239.15542
9219.85110	2241.20072
9207.28413	2242.69157
9192.00549	2245.05225
9181.71687	2247.12431
9155.23461	2254.48553
9140.54283	2256.53082
9112.69722	2260.38236
8995.86853	2303.03375
8978.84405	2312.29585
8964.37230	2315.48357
8938.80504	2319.91631
8923.52640	2322.27698
8912.32278	2327.27752
	
Math-AUGMECON-II_21:	67
8307.46521	2779.54659
8311.32338	2751.96903
8327.17722	2691.86031
8341.16388	2676.06080
8341.88206	2661.66313
8359.69015	2644.11665
8362.17255	2630.17216
8370.11376	2621.86265
8392.54383	2596.28850
8411.16081	2576.96689
8416.47057	2562.03708
8431.45130	2545.47592
8448.53334	2537.83660
8451.33890	2529.67640
8458.13232	2524.10914
8458.42371	2519.37654
8465.21712	2513.80928
8490.19508	2499.90866
8508.24405	2494.95504
8524.15987	2488.24691
8525.28410	2485.59073
8534.72682	2477.95141
8552.38541	2469.67402
8562.67404	2467.60196
8572.12981	2459.06136
8572.74594	2456.11457
8582.18866	2448.47525
8587.75030	2444.88351
8597.19302	2437.24419
8605.81737	2436.52628
8608.46667	2434.45422
8623.47103	2423.22317
8630.26445	2417.65590
8645.54309	2415.29522
8681.34900	2406.05622
9772.83557	2189.66195
9708.90943	2202.16692
9687.43086	2206.88085
9629.26956	2210.86431
9548.48098	2215.75248
9506.81597	2216.39260
9481.24871	2220.82534
9441.31189	2224.89555
9407.80877	2227.16948
9349.19083	2234.43406
9325.68702	2236.47936
9293.95104	2236.47936
9243.35491	2239.15542
9219.85110	2241.20072
9207.28413	2242.69157
9192.00549	2245.05225
9155.23461	2254.48553
9127.97586	2258.02168
9102.40860	2262.45442
9087.12996	2264.81510
9077.68724	2272.45442
9050.71276	2283.76466
9037.07111	2287.76188
9023.30157	2292.16393
8995.86853	2303.03375
8978.84405	2312.29585
8971.60573	2313.47417
8961.66063	2316.35339
8923.52640	2322.27698
8912.32278	2327.27752
8897.63100	2329.32282
8869.78539	2333.17435
	
Math-AUGMECON-II_22:	62
8304.45672	2806.80147
8307.46521	2779.54659
8311.32338	2751.96903
8324.22431	2730.05565
8327.17723	2691.86031
8335.11844	2683.55080
8341.88206	2661.66313
8349.82328	2653.35361
8359.69015	2644.11665
8362.17255	2630.17216
8392.54383	2596.28850
8416.47057	2562.03708
8421.56441	2558.54678
8451.33890	2529.67640
8458.13232	2524.10914
8465.21712	2513.80927
8470.22560	2512.87808
8490.19508	2499.90866
8501.79068	2497.01586
8508.24405	2494.95504
8525.28410	2485.59073
8527.93340	2483.51867
8546.80105	2473.40444
8572.12981	2459.06136
8572.74594	2456.11457
8587.75030	2444.88351
8590.39961	2442.81146
8615.26009	2428.88696
9695.50208	2205.68009
9653.01069	2208.62136
9629.26956	2210.86431
9548.48098	2215.75248
9506.81597	2216.39260
9491.53733	2218.75328
9441.31189	2224.89555
9407.80877	2227.16948
9389.54963	2231.38418
9349.19090	2234.43406
9293.95104	2236.47936
9278.67240	2238.84004
9243.35491	2239.15542
9219.85110	2241.20072
9192.00549	2245.05225
9181.71687	2247.12431
9102.40860	2262.45442
9087.12996	2264.81510
9062.40860	2274.81510
9044.49316	2286.04615
9033.59019	2290.09187
9023.30157	2292.16393
9020.58989	2293.03375
8983.30157	2304.52461
8978.84405	2312.29585
8975.89202	2313.03866
8964.37230	2315.48357
8949.09366	2317.84425
8936.09337	2320.78613
8897.63100	2329.32282
8859.49677	2335.24641
8819.49681	2347.60709
8784.64847	2374.57342
8732.79358	2391.04781
	
Math-AUGMECON-II_23:	67
8288.42866	2870.23453
8304.28251	2810.12582
8307.46521	2779.54659
8311.32338	2751.96903
8326.02821	2721.77185
8327.17723	2691.86031
8335.11844	2683.55079
8341.88206	2661.66313
8349.82328	2653.35361
8359.69015	2644.11665
8362.17255	2630.17216
8387.05859	2614.04753
8411.16081	2576.96689
8416.47057	2562.03708
8431.45130	2545.47592
8451.33890	2529.67640
8458.13232	2524.10914
8465.21712	2513.80927
8475.31944	2509.38778
8480.75236	2507.54798
8501.79068	2497.01586
8524.15987	2488.24691
8548.30212	2471.44859
8572.12981	2459.06136
8582.18866	2448.47525
8587.75030	2444.88351
8608.46667	2434.45422
8620.82173	2425.29522
8630.26445	2417.65590
9708.90943	2202.16692
9687.43086	2206.88085
9653.01069	2208.62136
9548.48098	2215.75248
9506.81597	2216.39260
9491.53733	2218.75328
9464.81570	2222.85025
9382.24151	2231.60221
9366.04582	2233.42948
9349.19085	2234.43406
9325.68702	2236.47936
9293.95104	2236.47936
9285.01992	2238.51530
9243.35491	2239.15542
9219.85110	2241.20072
9192.00549	2245.05225
9181.71687	2247.12431
9166.43823	2249.48499
9127.97586	2258.02168
9112.69722	2260.38236
9087.12996	2264.81510
9080.33654	2270.38236
9062.40860	2274.81510
9050.71276	2283.76466
9023.30157	2292.16393
9001.22951	2300.09187
8983.30157	2304.52461
8971.60573	2313.47417
8964.37230	2315.48357
8949.09366	2317.84425
8938.80504	2319.91631
8923.52640	2322.27698
8912.32278	2327.27752
8897.63100	2329.32282
8859.49677	2335.24641
8837.42471	2343.17435
8819.49677	2347.60709
8804.49240	2358.83815
	
Math-AUGMECON-II_24:	65
8304.80086	2804.71723
8311.32338	2751.96903
8390.06142	2610.23299
8411.16081	2576.96689
8421.56441	2558.54678
8451.33890	2529.67640
8456.43274	2526.18610
8458.13232	2524.10914
8474.15323	2510.31897
8480.75236	2507.54798
8483.40167	2505.47592
8501.79068	2497.01586
8513.87125	2490.31897
8533.99831	2482.75697
8541.50871	2477.01586
8552.38541	2469.67402
8572.12981	2459.06136
8582.18866	2448.47525
8587.75030	2444.88351
8615.26009	2428.88696
8620.82173	2425.29522
8630.26445	2417.65590
8655.83171	2413.22317
8667.22730	2412.32580
8671.11035	2410.86249
8678.15830	2408.89014
8681.34900	2406.05622
8691.94866	2402.32580
8698.89424	2400.60946
8707.22730	2399.96512
8714.17288	2398.24878
8730.14428	2393.11987
8739.58700	2385.48055
10167.85221	2155.58552
10128.96883	2155.71746
10113.69022	2158.07813
10038.42414	2166.61206
9757.55693	2192.02263
9742.58167	2196.21941
9701.73576	2203.01282
9687.43086	2206.88085
9612.65197	2211.67123
9597.37325	2214.03192
9548.48098	2215.75248
9506.81597	2216.39260
9392.53013	2229.53016
9366.04582	2233.42948
9336.31959	2234.72268
9293.95104	2236.47936
9278.67240	2238.84004
9243.35491	2239.15542
9219.85110	2241.20072
9207.28413	2242.69157
9204.57246	2243.56140
9192.00549	2245.05225
9166.43823	2249.48499
9155.23461	2254.48553
9102.40860	2262.45442
9087.12996	2264.81510
9062.40860	2274.81510
9050.71276	2283.76466
9037.07111	2287.76188
9008.02292	2294.52461
8983.30157	2304.52461
8957.96408	2317.47139
	
Math-AUGMECON-II_25:	61
8341.88206	2661.66313
8349.82328	2653.35361
8355.40893	2652.05983
8387.05859	2614.04753
8421.56441	2558.54678
8423.55538	2551.73722
8431.45130	2545.47592
8438.24471	2539.90866
8451.33890	2529.67640
8456.43274	2526.18610
8458.13232	2524.10914
8508.24405	2494.95504
8527.93340	2483.51867
8534.72682	2477.95141
8552.38541	2469.67402
8556.46270	2468.74283
8565.00212	2465.59073
8567.06974	2463.16868
8575.39524	2454.04251
8580.34076	2453.39756
8582.18866	2448.47525
8587.75030	2444.88351
8590.39961	2442.81146
8597.19302	2437.24419
8615.26009	2428.88696
8620.82173	2425.29522
9612.65189	2211.67124
9597.37325	2214.03192
9548.48098	2215.75248
9506.81597	2216.39260
9464.81570	2222.85025
9441.31189	2224.89555
9407.80877	2227.16948
9382.24151	2231.60221
9366.04582	2233.42948
9336.31959	2234.72268
9293.95120	2236.47934
9219.85110	2241.20072
9181.71687	2247.12431
9166.43823	2249.48499
9155.23461	2254.48553
9140.54283	2256.53082
9127.97586	2258.02168
9112.69722	2260.38236
9102.40860	2262.45442
9087.12996	2264.81510
9077.68724	2272.45442
9062.40860	2274.81510
9057.95108	2282.58634
9050.71276	2283.76466
9037.07111	2287.76188
9033.59019	2290.09187
9023.30157	2292.16393
9020.58989	2293.03375
9008.02292	2294.52461
9001.22951	2300.09187
8978.84405	2312.29585
8964.37230	2315.48357
8949.09366	2317.84425
8936.09337	2320.78613
8923.52640	2322.27698
	
Math-AUGMECON-II_26:	64
8291.61136	2839.65531
8304.28251	2810.12582
8304.45672	2806.80147
8311.32338	2751.96903
8326.02821	2721.77185
8327.17723	2691.86031
8335.11844	2683.55080
8341.88206	2661.66313
8347.46771	2660.36935
8359.69015	2644.11665
8395.34652	2588.47339
8403.26489	2583.22819
8416.47057	2562.03708
8423.55538	2551.73722
8438.24471	2539.90866
8451.33890	2529.67640
8458.42371	2519.37654
8465.21712	2513.80927
8480.75236	2507.54798
8490.19508	2499.90866
8501.79068	2497.01586
8527.03042	2485.18730
8534.72682	2477.95141
8546.80105	2473.40444
8548.30212	2471.44859
8572.12981	2459.06136
8572.74594	2456.11457
8587.75030	2444.88351
8608.46667	2434.45422
8620.82173	2425.29522
8630.26445	2417.65590
9907.50804	2172.02263
9844.26134	2179.66195
9828.98270	2182.02263
9798.40283	2185.22921
9783.12419	2187.58989
9727.30303	2198.58009
9687.43086	2206.88085
9653.01069	2208.62136
9599.78066	2211.95987
9548.48098	2215.75248
9506.81597	2216.39260
9491.53733	2218.75328
9464.81570	2222.85025
9433.08584	2226.11437
9392.53013	2229.53016
9389.54963	2231.38418
9349.19094	2234.43405
9336.31959	2234.72268
9293.95104	2236.47936
9278.67240	2238.84004
9243.35491	2239.15542
9219.85110	2241.20072
9192.00549	2245.05225
9181.71687	2247.12431
9166.43823	2249.48499
9155.23461	2254.48553
9140.54283	2256.53082
9112.69722	2260.38236
9102.40860	2262.45442
9087.12996	2264.81510
9062.40860	2274.81510
9023.30157	2292.16393
9008.02292	2294.52461
	
Math-AUGMECON-II_27:	60
8299.55258	2831.34579
8307.46521	2779.54659
8311.32338	2751.96903
8324.22431	2730.05565
8327.17722	2691.86034
8341.88206	2661.66313
8349.82328	2653.35361
8362.17255	2630.17216
8390.06142	2610.23299
8392.54383	2596.28850
8411.16081	2576.96689
8416.47057	2562.03708
8423.55538	2551.73722
8438.24471	2539.90866
8458.42371	2519.37654
8463.43219	2518.44535
8474.15323	2510.31897
8483.40167	2505.47592
8490.19508	2499.90866
8508.24405	2494.95504
8524.15987	2488.24691
8527.93340	2483.51867
8533.99831	2482.75697
8552.38541	2469.67402
8556.46270	2468.74283
8575.39524	2454.04251
8597.19302	2437.24419
8620.82173	2425.29522
8623.47103	2423.22317
8671.11035	2410.86249
8678.15830	2408.89014
9548.48098	2215.75248
9506.81706	2216.39251
9428.74492	2226.38641
9407.80877	2227.16948
9382.24151	2231.60221
9293.95104	2236.47936
9243.35491	2239.15542
9219.85110	2241.20072
9166.43823	2249.48499
9155.23461	2254.48553
9127.97586	2258.02168
9102.40860	2262.45442
9087.12996	2264.81510
9080.33654	2270.38236
8983.30157	2304.52461
8964.37230	2315.48357
8957.96408	2317.47139
8923.52640	2322.27698
8912.32278	2327.27752
8897.63100	2329.32282
8885.06403	2330.81367
8869.78539	2333.17435
8844.21813	2337.60709
8837.42471	2343.17435
8819.49677	2347.60709
8739.58700	2385.48055
8724.46150	2396.17672
8707.22730	2399.96512
8685.52919	2405.48055
	
Math-AUGMECON-II_28:	56
8326.70672	2716.11116
8327.17723	2691.86031
8341.88206	2661.66313
8347.46771	2660.36935
8355.40893	2652.05983
8359.69015	2644.11665
8362.17255	2630.17216
8370.11376	2621.86265
8375.05603	2619.96435
8383.70377	2616.07062
8392.54383	2596.28850
8403.26489	2583.22819
8416.47057	2562.03708
8423.55538	2551.73722
8438.24471	2539.90866
8448.53334	2537.83660
8451.33890	2529.67640
8456.43274	2526.18610
8490.19508	2499.90866
8504.10095	2496.41835
8548.30212	2471.44859
8565.33640	2464.62862
8572.12981	2459.06136
8572.74594	2456.11457
8575.39524	2454.04251
8587.75030	2444.88351
8597.19302	2437.24419
8608.46667	2434.45422
10328.95080	2146.11895
10275.16356	2147.94622
10167.85219	2155.58553
10128.96883	2155.71746
10113.69019	2158.07814
10103.40157	2160.15020
10000.47273	2167.58989
9708.90943	2202.16692
9653.01069	2208.62136
9597.37325	2214.03192
9548.48098	2215.75248
9506.81597	2216.39260
9481.24871	2220.82534
9392.53013	2229.53016
9366.04582	2233.42948
9293.95104	2236.47936
9243.35491	2239.15542
9207.28413	2242.69157
9127.97586	2258.02168
9102.40860	2262.45442
9020.58989	2293.03375
8995.86853	2303.03375
8983.30157	2304.52461
8949.09366	2317.84425
8938.80504	2319.91631
8912.32278	2327.27752
8897.63100	2329.32282
8804.49240	2358.83815
	
Math-AUGMECON-II_29:	46
8288.42866	2870.23453
8291.61136	2839.65534
8304.28251	2810.12582
8304.80086	2804.71723
8307.46521	2779.54659
8311.32338	2751.96903
8319.26460	2743.65951
8324.22431	2730.05565
8327.17722	2691.86034
8335.11844	2683.55080
8341.88206	2661.66313
8359.69015	2644.11665
8362.17255	2630.17216
8370.11376	2621.86265
8375.05603	2619.96435
8392.54383	2596.28850
8395.34652	2588.47339
8416.47057	2562.03708
8423.55538	2551.73722
8431.45130	2545.47592
8448.53334	2537.83660
10747.68997	2121.51533
10601.49525	2129.28657
10586.21660	2131.64725
10531.82784	0
10500.71276	2133.91498
10447.48272	2137.25348
10432.20408	2139.61416
10393.40140	2141.55430
10354.51804	2141.68622
10314.04692	2147.81430
10221.93352	2151.28472
10206.65501	2153.64539
10088.12295	2162.51087
10065.72214	2163.35678
10053.70276	2164.25139
9985.19409	2169.95057
9844.26134	2179.66195
9828.98270	2182.02263
9798.40283	2185.22921
9783.12419	2187.58989
9757.55693	2192.02263
9739.21705	2197.44556
9734.47669	2197.73418
9708.90943	2202.16692
9629.26956	2210.86431
	
Math-AUGMECON-II_30:	62
8296.48980	2836.80147
8304.28251	2810.12582
8304.45672	2806.80147
8307.46521	2779.54659
8311.32338	2751.96903
8327.17723	2691.86031
8341.16388	2676.06080
8341.88206	2661.66313
8359.69015	2644.11665
8362.17255	2630.17216
8370.11375	2621.86267
8392.54383	2596.28850
8411.16081	2576.96689
8416.47057	2562.03708
8431.45130	2545.47592
8451.33890	2529.67640
8458.42371	2519.37654
8483.40167	2505.47592
8490.19508	2499.90866
8501.79068	2497.01586
8527.93340	2483.51867
8562.67404	2467.60196
8572.74594	2456.11457
8575.39524	2454.04251
8597.19302	2437.24419
8620.82173	2425.29522
8655.83171	2413.22317
8667.22730	2412.32580
8671.11035	2410.86249
9739.21705	2197.44556
9724.18807	2199.80624
9687.43086	2206.88085
9651.20729	2210.40282
9629.26956	2210.86431
9506.81597	2216.39260
9491.53733	2218.75328
9441.31189	2224.89555
9407.80877	2227.16948
9392.53013	2229.53016
9366.04582	2233.42948
9293.95104	2236.47936
9285.01992	2238.51530
9243.35491	2239.15542
9219.85110	2241.20072
9207.28413	2242.69157
9192.00549	2245.05225
9166.43823	2249.48499
9140.54283	2256.53082
9125.26419	2258.89150
9087.12996	2264.81510
9080.33654	2270.38236
9077.68724	2272.45442
9037.07111	2287.76188
9023.30157	2292.16393
9008.02292	2294.52461
9001.22951	2300.09187
8983.30157	2304.52461
8975.89202	2313.03866
8912.32278	2327.27752
8897.63100	2329.32282
8859.49677	2335.24641
8844.21813	2337.60709