Numfront:	
61	

AUGMECON-II:	19
5265.30475	2030.23987
5273.92525	2015.05749
5281.07990	2006.28854
5282.89822	1995.31398
5298.00166	1985.63671
5319.02112	1976.45048
5343.55259	1952.75565
5367.42758	1943.40060
5402.39263	1930.68359
5427.51855	1923.04427
5501.54475	1912.33359
5577.35343	1900.67345
5669.64463	1890.03864
5729.64463	1880.03864
5852.07879	1866.34381
6025.80085	1856.63441
6242.32470	1847.96659
6492.65744	1836.47573
6729.99787	1823.37027
	
NSGA-II_1:	80
6819.98508	1907.24903
5596.44918	2179.80055
6591.19902	1911.48411
6591.19902	1911.48411
6430.06137	1913.26557
5604.58978	2169.76159
5607.53364	2143.94269
6310.06137	1923.26557
6043.65367	1948.87378
6088.87887	1948.16077
6243.86420	1924.88835
6430.06137	1913.26557
6363.86420	1914.88835
6089.95883	1942.81827
6136.29654	1938.58318
5617.66298	2123.21098
5620.74114	2110.58165
5832.79607	2002.91970
5746.76797	2017.55008
5800.55180	2003.85525
5692.50942	2036.61453
5645.06480	2054.70473
5950.65618	1967.74416
6030.93366	1958.45137
5779.01224	2016.61453
5960.59045	1965.96270
5906.80662	1979.65753
5996.96135	1961.68864
6317.52649	1919.12343
6181.39517	1932.36910
5651.56762	2050.56260
6343.11043	1918.09504
6176.80526	1934.15056
5946.64219	1974.44462
6151.22133	1935.17895
5943.17752	1975.38348
5866.60897	1993.60202
6197.52649	1929.12343
5896.87235	1981.43899
5623.16952	2102.27213
5627.18351	2095.57166
5856.67470	1995.38348
5846.85696	1997.79974
6042.57371	1954.21628
5736.83369	2019.33154
5790.61752	2005.63671
5696.63604	2033.27603
5836.92269	1999.58119
5613.64899	2129.91145
5629.28488	2088.24089
5611.54762	2137.24223
6227.70034	1926.31359
5636.43952	2079.47194
5643.42701	2060.60157
5661.50189	2048.78114
5600.46317	2173.10009
5732.70707	2022.67005
5728.69309	2029.37051
5640.45351	2072.77148
5637.31165	2074.63281
5626.85649	2096.55040
5641.32564	2067.93234
6223.11043	1928.09504
5633.29886	2081.54042
5728.69309	2029.37051
6040.86794	1956.66991
6006.89562	1959.90719
5892.85836	1988.13945
5706.57032	2031.49457
5688.49544	2043.31500
5623.16952	2102.27213
5892.46932	1990.32738
5643.42701	2060.60157
5688.49544	2043.31500
6089.95883	1942.81827
6347.70034	1916.31359
5882.53505	1992.10883
5786.49090	2008.97521
5783.13886	2013.27603
6363.86420	1914.88835
	
NSGA-II_2:	74
6097.27254	1960.73167
5653.71039	2140.76313
6036.05470	1980.13677
5996.54634	1980.73167
6046.66655	1976.78718
6077.69408	1969.25680
5670.76360	2130.76313
5673.17764	2121.39571
5659.23538	2133.12381
5930.40476	1995.97294
5704.17157	2103.82212
5733.39466	2084.54765
5974.83061	1981.37662
5952.54577	1984.72621
5798.17440	2050.91855
5714.08239	2097.12165
5840.17852	2030.23132
5723.04898	2091.94611
5731.49730	2089.48233
5678.70263	2113.75639
5690.23085	2111.39571
5737.63516	2082.97952
5738.91965	2076.90833
6086.66068	1964.08126
5959.00584	1983.01048
5908.39986	1999.06599
5697.71150	2105.53785
5743.16015	2075.34020
5660.95111	2132.47886
5846.01297	2028.08396
5884.52487	2008.42104
5783.26600	2055.09805
5945.06513	1990.58407
5718.91965	2096.90833
5869.88796	2018.72891
5774.29941	2060.27359
5768.62909	2065.40593
5875.55828	2013.59658
5838.89403	2036.30251
5912.64036	1997.49786
5811.38149	2044.17487
5963.24634	1981.44235
5822.96576	2044.10914
5829.14589	2042.64995
5901.93978	2000.78172
5800.68091	2047.45873
5856.42122	2023.72162
6084.06545	1967.47534
5851.70674	2027.87064
5950.03925	1988.18602
5755.16235	2070.39863
5935.13085	1992.36553
5833.87198	2039.04254
5778.53991	2058.70546
5879.79878	2012.02845
5694.94533	2107.24669
5791.71432	2052.63427
5892.97319	2005.95726
5838.11248	2037.47441
5924.22463	1997.43213
5680.41836	2113.11144
5750.44787	2074.54765
5898.69964	2005.07145
5855.94724	2026.30251
5754.68837	2072.97952
5807.14099	2045.74300
5762.16901	2067.12165
6040.29519	1978.56864
6090.90117	1962.51312
5924.22463	1997.43213
5939.37135	1990.79739
5899.43327	2004.24154
5860.66172	2022.15349
5865.64746	2020.29705
	
NSGA-II_3:	85
6216.77149	1887.91614
5544.60799	2098.89412
5949.15542	1905.68738
6033.18711	1903.97166
5564.61825	2033.13423
5546.44053	2076.73108
5560.05215	2054.81771
6113.00318	1895.68738
5545.04753	2098.44681
6180.46633	1893.97166
5867.86576	1914.81099
5922.60788	1913.97166
6106.63182	1897.46884
6052.92373	1897.91614
5595.80346	1997.07872
5617.78090	1981.22086
5576.33398	2018.99210
5716.68952	1946.42689
5595.01971	2005.16534
6207.80490	1893.09169
5610.02715	1988.99210
5575.55023	2027.07872
5628.71288	1975.16534
5558.15626	2062.58895
6043.95714	1903.09169
5560.05215	2054.81771
5557.37251	2070.67557
5629.49663	1967.07872
5576.33398	2018.99210
5638.46322	1961.90318
5782.65094	1932.09398
5584.08773	2011.22086
6210.40013	1889.69760
5584.08773	2011.22086
5698.45141	1947.81662
5826.54342	1922.97395
5682.20318	1949.92407
5801.49440	1926.59245
5791.61753	1926.91844
5930.48957	1911.61098
5604.77005	1991.90318
5679.78557	1953.74021
5573.43305	2027.27637
5836.42029	1922.64796
5772.95168	1932.84203
5723.53733	1945.84766
5766.54342	1932.97395
5626.74749	1976.04531
5593.05432	2006.04531
5739.78557	1943.74021
5820.17206	1924.75541
5807.86576	1924.81099
5552.29840	2074.37040
5656.68952	1956.42689
5698.01186	1948.26393
5845.24617	1918.69990
5785.24617	1928.69990
5842.65094	1922.09398
5654.71146	1959.79573
5629.49663	1967.07872
5760.17206	1934.75541
5861.49440	1916.59245
5851.61753	1916.91844
5924.11821	1913.39243
5758.45141	1937.81662
5732.79704	1945.54692
5681.76363	1950.37137
5672.79704	1955.54692
6046.55237	1899.69760
6207.80490	1893.09169
5940.18882	1910.86293
5733.37730	1943.87214
5672.93775	1954.31944
5654.57074	1961.02321
5747.87757	1938.89755
5939.74928	1911.31023
5942.34451	1907.91614
6046.55237	1899.69760
5742.20318	1939.92407
5557.37251	2070.67557
5757.13728	1938.59680
5942.34451	1907.91614
5663.53733	1955.84766
5647.72293	1961.60243
5741.50621	1940.67900
	
NSGA-II_4:	73
6754.95866	1900.58263
5628.98064	2147.23957
6619.60209	1904.52711
6246.23119	1936.11092
5634.03632	2132.03353
6477.21827	1917.53963
5634.87899	2110.71150
6315.13023	1924.10817
6164.41707	1938.05266
5979.58031	1967.27936
6393.53235	1918.47160
5673.16402	2018.90902
6103.84737	1949.12343
5847.77726	1979.77527
5908.34696	1968.70449
6393.53235	1918.47160
6033.36414	1953.58453
5777.29403	1984.23636
5650.15763	2085.99014
5650.51487	2069.04094
6528.88893	1914.52711
5668.10834	2034.11505
6291.78394	1931.26282
5639.93467	2095.50547
5655.57055	2053.83491
5634.87899	2110.71150
5650.51487	2069.04094
6590.31276	1912.81139
6251.14853	1931.48411
5666.17653	2037.77939
5683.38698	2009.39369
5665.79351	2044.31958
5896.96954	1975.04703
5700.80189	2001.75437
5632.96561	2140.71150
5901.88689	1970.42022
5656.50419	2052.60385
5674.09766	2017.67796
6596.25580	1911.68176
5632.96561	2140.71150
6153.03965	1944.39519
5754.58572	1988.05954
5753.41904	1993.59141
5699.63521	2007.28624
5665.79351	2044.31958
5628.98064	2147.23957
6004.07482	1961.86880
5878.54060	1977.57486
6300.34081	1926.75587
5649.67220	2090.36297
6157.95700	1939.76838
6300.34081	1926.75587
6010.65583	1957.40770
6141.07079	1945.20730
5693.32125	2007.61223
5717.05013	1999.64692
5770.83396	1985.95209
5995.07842	1962.13595
6017.11591	1955.69198
6120.09560	1947.01598
5864.02549	1977.66782
5987.82658	1963.97625
5737.17081	1995.69886
5723.51020	1997.93119
5650.15763	2085.99014
5885.00068	1975.85914
5640.86830	2094.27441
6134.61071	1946.92303
6026.90406	1955.30026
5707.26197	2000.03864
5761.04580	1986.34381
5747.10508	1993.91740
6135.12775	1946.33693
	
NSGA-II_5:	57
6767.32784	1882.26410
5897.80035	2105.01841
6602.21687	1893.49515
6451.06080	1894.00818
6613.14884	1887.43964
6727.51540	1886.56305
6376.14713	1907.43964
6216.45702	1929.80032
5933.38749	2029.51329
5926.40000	2048.38367
6440.12883	1900.06369
6300.34765	1907.95267
6140.65754	1930.31335
5905.04106	2087.53777
6009.82096	1980.64292
5916.81697	2065.46213
5915.97304	2081.48225
5916.81697	2065.46213
6000.85436	1995.30543
6120.17371	1943.29750
6387.07911	1901.38413
6086.87370	1944.00818
6075.94173	1950.06369
6075.29725	1959.99797
6282.95560	1915.72391
6062.04925	1965.23924
5984.99650	2001.87397
6129.72556	1936.36886
5980.17535	2009.76295
6246.56382	1921.64750
6020.75293	1974.58741
5944.31946	2023.45778
6036.61080	1968.01886
6025.67882	1974.07438
5949.24535	2022.94475
5969.24337	2015.81846
6387.07911	1901.38413
6227.38900	1923.74481
6140.65754	1930.31335
5995.92847	1995.81846
6743.87645	1884.39990
6289.41567	1914.00818
6034.89507	1968.66381
5958.46160	2017.53419
5974.08817	2011.61060
5909.57625	2082.94277
6240.10374	1923.36323
6074.53676	1960.89257
5960.17733	2016.88924
6293.88757	1909.66840
6743.87645	1884.39990
6227.38900	1923.74481
6293.88757	1909.66840
5914.00766	2082.36222
5995.92847	1995.81846
6246.56382	1921.64750
6300.34765	1907.95267
	
NSGA-II_6:	56
6904.01537	1895.39678
5899.78585	2163.06370
6514.95007	1898.40930
6897.64401	1897.17824
5912.31176	2093.22894
6499.61211	1905.36630
6272.82400	1906.18054
5934.14095	2062.49542
5940.99417	2024.29925
5914.67148	2084.40880
6014.71767	1971.19052
5930.64908	2078.09630
6212.82400	1916.18054
5974.68733	1994.29925
5973.21153	2003.56135
6244.27635	1914.39908
6163.40965	1929.18617
5931.78124	2071.31556
5996.31011	1980.15711
6065.89541	1952.58026
5981.81316	1986.08070
6134.86200	1937.40471
6103.40965	1939.18617
6074.86200	1947.40471
6103.40965	1939.18617
5948.11999	2016.08070
5940.99417	2024.29925
5977.43647	1993.55120
6206.45264	1917.96199
6184.27635	1924.39908
6161.64626	1934.79080
6155.27490	1936.57226
5973.21153	2003.56135
5962.61694	2010.15711
6047.48785	1961.54685
6023.68426	1966.01498
6134.86200	1937.40471
5962.61694	2010.15711
5948.11999	2016.08070
6177.90499	1926.18054
6257.48604	1913.13754
6052.23191	1957.79643
6074.86200	1947.40471
5996.31011	1980.15711
6023.68426	1966.01498
5987.34352	1985.33266
6266.45264	1907.96199
6263.85741	1911.35608
6508.57870	1900.19075
6505.98347	1903.58484
6052.23191	1957.79643
6047.48785	1961.54685
6897.64401	1897.17824
5987.34352	1985.33266
5981.81316	1986.08070
6904.01537	1895.39678
	
NSGA-II_7:	71
6364.75798	1872.35017
5418.37288	2086.15237
5977.49413	1890.32236
6104.00517	1887.36543
6260.98966	1880.12141
6130.10116	1885.20240
5559.27922	1980.72454
5873.72582	1898.09360
5951.39814	1892.48539
5556.67189	1995.60271
6260.98966	1880.12141
6328.45281	1878.40568
5496.06786	2018.45841
5495.79865	2027.46950
5427.38397	2080.22878
5429.82146	2068.67173
5780.53429	1906.37787
5828.96398	1906.18023
5438.83255	2062.74814
5441.53719	2052.81387
5512.50495	2012.53482
5618.40345	1960.09760
5622.11200	1957.86884
5478.38374	2035.10882
5450.10873	2047.33758
5713.10354	1922.45828
5661.22560	1939.39039
5643.52937	1952.45828
5465.41217	2043.45882
6328.45281	1878.40568
6130.10116	1885.20240
5735.77245	1914.46450
5492.50495	2032.53482
5643.81068	1947.02971
5423.14347	2085.93905
5467.96319	2039.25096
5574.23651	1977.02971
5576.69413	1973.08522
5507.73435	2016.89028
5603.44616	1963.79243
5426.94442	2080.67609
5476.06786	2038.45841
5434.59205	2068.45841
5446.30778	2052.60055
5529.91986	2004.89550
5873.28627	1898.54090
5847.62983	1900.25663
5754.43829	1908.54090
5780.09474	1906.82518
5462.74487	2046.67695
5977.49413	1890.32236
5951.39814	1892.48539
5546.69487	1999.81058
5519.94285	2009.10336
5493.48277	2030.81909
5679.89144	1933.46679
5706.64347	1924.17401
5667.68567	1937.67466
5694.43770	1928.38187
5591.65142	1969.39039
5753.99875	1908.98821
5847.19028	1900.70394
5539.25697	2003.24203
5643.81068	1947.02971
5735.77245	1914.46450
5828.96398	1906.18023
5438.39300	2063.19544
5687.97762	1930.09760
5686.35152	1931.75107
5637.06930	1954.17401
5595.35998	1967.16163
	
NSGA-II_8:	71
6229.12316	1870.25663
5508.54989	2099.67901
6003.05343	1884.20112
6175.33933	1883.95147
5960.75847	1890.12471
5867.56694	1898.40898
6186.82821	1876.18023
5781.55435	1922.10382
5811.72673	1919.25846
5909.86189	1892.48539
5853.26612	1908.40898
5909.86189	1892.48539
6229.12316	1870.25663
5532.89822	2038.85013
5813.78311	1912.10382
5751.68747	1937.73692
6184.77183	1883.33487
5525.12041	2063.73017
5865.51056	1905.56363
5583.52523	2020.20230
5604.28107	1999.58803
5530.84184	2046.00478
5518.75608	2066.48945
5516.32770	2074.79897
5512.98919	2090.65683
5516.69970	2073.64410
5776.20998	1934.46450
5529.55971	2054.70800
5655.22677	1981.95560
5600.56099	2003.73705
5724.93544	1947.02971
5586.86616	2007.22735
5510.60627	2092.52436
5617.97590	1996.09773
5542.83249	2037.06867
5613.61819	1997.93457
5668.54096	1969.94079
5813.78311	1912.10382
5584.80978	2014.38200
5655.36127	1977.02971
5514.27132	2081.95362
5744.20893	1942.10382
5577.06516	2021.91803
5779.49797	1929.25846
5525.91073	2057.72051
5627.31302	1994.44427
5637.81185	1989.59492
5700.76972	1959.94079
5513.03465	2084.21484
5856.07806	1906.18023
5707.52053	1954.66903
5711.98018	1952.10382
5647.88063	1982.88757
5682.11330	1967.73692
5637.94635	1984.66903
5570.46804	2026.00478
5631.03310	1990.29525
5778.71927	1933.33487
5734.27256	1945.37624
5550.31313	2031.21081
5576.93189	2025.51163
5663.61507	1973.43109
5596.80043	2005.44590
5546.59305	2035.35983
5642.79917	1984.66903
5589.58125	2005.99630
5693.12874	1964.66214
5695.84383	1963.43109
5682.11330	1967.73692
5556.77321	2029.49508
5564.00796	2027.72051
	
NSGA-II_9:	62
6298.74297	1866.38278
5635.95384	2075.37819
6106.94381	1870.61787
6092.64300	1880.61787
5997.52946	1893.62350
5652.52436	2039.42935
5650.46276	2054.80943
5750.28494	1951.01316
5686.32388	2002.44187
6042.08572	1892.97855
5744.84926	1964.60490
6056.38653	1882.97855
5645.53687	2058.29973
5711.14834	1981.21081
5716.87713	1968.64560
5692.05268	1989.87666
5644.76863	2069.52033
5854.62606	1924.95765
5800.84222	1938.65248
5670.52160	2027.17011
5893.18835	1919.67901
6100.57245	1872.39932
5671.99383	2017.51598
5770.09505	1947.31833
5823.87888	1933.62350
5983.85051	1898.25719
6046.78862	1886.09415
5933.29323	1910.61787
5721.80302	1965.15530
5744.84926	1964.60490
5874.43616	1921.26282
5809.28778	1934.85455
5859.84506	1922.49387
5755.50395	1948.54939
6042.08572	1892.97855
5962.88805	1901.26970
5696.97857	1986.38635
5918.70213	1911.84892
5969.25941	1899.48824
5909.10422	1914.96453
5946.97218	1905.98418
5823.87888	1933.62350
5672.58320	2011.79003
5721.80302	1965.15530
5711.14834	1981.21081
5692.05268	1989.87666
5666.26504	2030.08119
5706.22245	1984.70111
5640.87972	2071.88789
5681.39800	2005.93217
5677.50909	2008.29973
5657.45024	2035.93905
5943.74563	1907.31833
5770.09505	1947.31833
5706.22245	1984.70111
5661.33915	2033.57149
5716.87713	1968.64560
5672.58320	2011.79003
5804.06877	1937.31833
5912.33077	1913.63038
6050.01517	1884.76000
5665.59571	2030.66041
	
NSGA-II_10:	75
6412.80050	1854.75510
5456.80938	2061.55699
6067.43404	1866.05188
6256.04182	1864.66214
6052.64463	1868.69958
5963.66572	1873.82312
5895.38601	1887.56996
5812.95257	1887.76761
5919.14201	1879.74671
6360.24968	1856.44360
5463.96403	2052.78805
5464.47592	2040.91204
5803.54643	1893.39046
5477.15556	2024.50378
5478.61806	2013.27272
6256.48136	1864.21484
5521.85991	1986.19068
6412.80050	1854.75510
6308.59264	1862.97364
5768.42885	1893.69120
5531.20450	1982.59207
5484.14305	2005.63340
5560.00537	1969.74671
5517.25297	1990.97777
5744.55387	1903.04625
5459.52447	2060.32594
5640.17718	1936.44034
6309.03219	1862.52634
5685.02999	1920.58247
5904.35260	1882.39442
6343.88863	1858.60674
5717.87157	1906.05188
5601.83733	1953.62547
5649.14377	1931.26479
5474.34567	2030.91204
5470.00091	2033.27272
5488.45210	2003.82312
5711.41150	1907.76761
5579.52070	1960.78012
5552.36439	1974.46807
5693.99659	1915.40693
5761.96878	1895.40693
5666.55869	1923.62547
5708.90498	1911.22742
5481.33315	2012.04167
5467.19102	2039.68099
5948.43676	1876.91813
5664.05217	1927.08529
5564.61231	1964.95963
5553.54530	1971.46244
5509.61199	1995.69913
5609.46512	1949.10176
5626.88003	1941.46244
5948.87631	1876.47083
5901.29421	1886.88764
6343.88863	1858.60674
5493.37799	2000.33282
5536.13039	1979.10176
5649.14377	1931.26479
5806.05294	1889.93064
5582.02722	1957.32031
5759.46226	1898.86674
5623.80629	1944.85653
5588.48729	1955.60458
5510.79290	1992.69350
5503.15192	1997.41486
5673.01876	1921.90974
5693.99659	1915.40693
5544.57871	1976.63799
5753.00219	1900.58247
5702.44491	1912.94315
5573.06063	1962.49585
5617.91344	1946.63799
5812.51302	1888.21491
5963.22618	1874.27042
	
NSGA-II_11:	80
6329.69967	1893.95860
5461.81328	2130.13583
6177.09264	1899.07856
6272.19978	1897.44890
5944.59910	1923.04964
5509.48143	2057.70942
5470.27175	2129.33220
5471.74756	2107.70942
5508.00562	2079.33220
6015.04497	1922.87545
5483.05090	2105.27089
5521.06570	2057.64370
5495.12428	2093.05812
6164.56807	1902.23050
6317.17510	1897.11054
6119.59275	1902.56886
6054.06776	1912.56886
5521.55481	2045.49665
5879.07411	1933.04964
5483.82094	2095.49665
6272.19978	1897.44890
6099.04308	1912.23050
5749.63140	1963.04964
5921.25282	1930.20429
6103.91624	1905.72080
5830.72959	1946.32553
5497.30647	2083.74044
5743.26003	1964.83110
5605.82808	2008.23891
5842.31387	1946.25980
5691.36462	1984.96302
5572.16974	2027.79161
5624.06516	2007.65968
5593.75469	2020.45168
5560.58547	2027.85733
5674.02717	1985.22640
5820.80734	1954.96302
5701.28687	1976.32553
5780.12361	1962.38104
6030.72148	1919.72351
6038.39125	1915.72080
5798.75049	1958.04126
6099.04308	1912.23050
5629.17436	2001.08426
5803.46989	1955.22640
5736.21743	1969.10516
5712.87115	1976.25980
5865.66015	1939.10516
5533.13909	2045.43093
5556.48537	2038.27628
5499.54715	2080.13583
5724.63316	1969.17088
5854.07588	1939.17088
5668.01833	1992.11767
5921.25282	1930.20429
5583.93175	2020.70269
5698.40722	1980.68896
5602.55863	2016.36290
5559.80993	2034.09677
5822.09677	1950.88661
5791.81010	1960.20429
5579.21234	2023.51755
5692.65405	1980.88661
5872.70275	1934.83110
5544.90109	2038.34201
5650.68089	1992.38104
5719.91375	1971.98575
5849.35647	1941.98575
5540.18169	2041.15687
5647.41144	2000.50504
5669.30777	1988.04126
5791.70788	1962.31532
5602.55863	2016.36290
5559.80993	2034.09677
5624.45496	2003.89912
5656.43406	1992.18340
5647.80124	1996.74448
5605.43828	2011.99947
5579.21234	2023.51755
5647.41144	2000.50504
	
NSGA-II_12:	76
6282.10408	1895.78653
5585.21679	2131.57741
5970.05053	1920.08734
6173.71515	1917.40930
5609.08003	2074.45310
5592.50951	2110.40194
5599.14576	2109.18134
5589.56273	2126.25980
5606.13325	2090.31096
5757.70496	1996.51470
5784.93001	1982.40290
5601.78731	2095.62857
5683.67114	2029.07991
6203.24614	1915.53687
5891.19259	1939.83769
5884.03794	1943.78218
6173.71515	1917.40930
5620.79576	2060.31096
5858.18007	1957.92431
6224.58979	1912.68794
5739.46955	2005.99463
5619.01431	2072.67164
5944.97642	1926.14286
5916.26670	1933.78218
5693.60541	2027.29845
5630.73003	2058.52951
5794.86428	1980.62144
6233.81649	1908.74346
5916.26670	1933.78218
5858.96383	1949.83769
5970.05053	1920.08734
6282.10408	1895.78653
6257.02997	1901.84204
5944.97642	1926.14286
5663.28479	2046.61613
5827.41903	1968.70806
5734.29815	2010.43207
5620.01201	2068.39759
5858.96383	1949.83769
5682.88738	2037.16653
5782.77907	1990.45919
5638.21068	2052.67164
5701.08605	2021.44059
5802.34492	1974.76358
5707.54612	2019.72486
5835.55702	1963.75506
5808.80499	1973.04785
5745.92962	2004.27891
6257.02997	1901.84204
5722.05463	2013.63395
5664.96270	2043.37886
5829.09695	1965.47079
5757.51389	2004.21318
5847.14130	1963.68934
5671.42278	2041.66313
5731.98890	2011.85250
6228.32025	1909.48136
5720.35744	2018.00567
5853.61946	1962.19837
5657.48206	2049.23672
5779.58564	1994.76358
5719.13040	2019.65913
5656.25502	2050.89019
5854.17106	1959.41528
5782.77907	1990.45919
5772.68165	1994.98612
5620.01201	2068.39759
5681.88968	2041.44059
5682.88738	2037.16653
5757.51389	2004.21318
5820.38927	1972.98212
5644.67075	2050.95592
5644.67075	2050.95592
5681.88968	2041.44059
5602.09255	2093.32348
5821.61631	1971.32866
	
NSGA-II_13:	56
6274.45100	1856.91615
5415.98012	2028.55818
5954.12854	1873.58453
5807.89287	1876.92303
6274.45100	1856.91615
6121.84397	1862.03611
5797.99430	1884.56235
5704.12455	1884.69427
5420.98851	2009.62207
6103.21905	1869.19076
6018.07566	1869.80735
5437.98778	1993.91900
5960.49990	1871.80307
5425.91439	2006.13177
6018.07566	1869.80735
5512.44532	1948.45483
5679.08734	1892.39932
5644.12455	1894.69427
6121.84397	1862.03611
6103.21905	1869.19076
5487.44903	1957.39094
5801.52151	1878.70449
5483.92183	1963.24880
5574.23453	1918.25719
5561.98097	1923.63038
5534.55588	1936.09415
5522.30232	1941.46735
5619.08734	1902.39932
5606.83378	1907.77251
5553.22173	1930.17056
5467.44620	1977.82225
5515.93095	1943.24880
5456.61270	1986.76435
5462.52031	1981.31256
5555.60961	1925.41183
5470.44976	1973.09401
5454.39631	1991.98964
5625.45871	1900.61787
5637.75319	1896.47573
5697.75319	1886.47573
5685.45871	1890.61787
5580.60589	1916.47573
5592.90038	1912.33359
5547.68015	1933.63038
5475.37565	1969.60371
5501.14807	1953.72659
5479.51958	1965.60948
5506.07396	1950.23629
5452.09421	1993.91900
5425.91439	2006.13177
5493.82040	1955.60948
5540.92724	1934.31270
5552.08240	1931.26970
5466.92256	1978.95188
5600.46242	1909.55397
5599.27174	1910.55214
	
NSGA-II_14:	72
6321.34862	1858.83151
5442.55049	2005.99303
6095.27888	1872.77599
6086.31229	1877.95154
6217.58030	1866.60275
6312.38202	1864.00705
6016.87676	1878.41256
6173.05659	1872.52634
5456.69263	1978.35371
5455.23013	1989.58477
5448.07548	1998.35371
5982.54397	1885.72278
6208.61371	1871.77829
5762.39528	1900.12829
5636.06371	1915.66016
5455.23013	1989.58477
5839.72061	1899.18259
5591.54000	1921.58375
5462.21762	1970.71439
5497.47471	1960.38840
5449.70514	1997.22409
5497.59738	1954.07966
5456.69263	1978.35371
5442.55049	2005.99303
5717.87157	1906.05188
5913.10844	1886.18380
5804.60303	1899.48334
5678.27146	1915.01521
5952.89506	1885.78850
6178.96480	1871.84402
5752.98914	1905.75113
6312.38202	1864.00705
5506.56397	1948.90411
5678.27146	1915.01521
5848.49121	1898.63386
5551.41678	1933.04625
5702.44491	1912.94315
5612.91586	1919.93064
5473.74584	1968.35371
5897.87948	1889.27881
5619.81548	1917.76761
5868.58473	1892.10739
5546.68719	1937.44162
5585.07993	1923.29948
5991.07102	1880.99454
6217.14075	1867.05005
5848.68720	1894.00705
5991.51057	1880.54723
5478.46032	1964.20470
5849.12675	1893.55975
5568.83170	1925.40693
5566.32518	1928.86674
5523.97888	1941.26479
5521.47236	1944.72461
5711.41150	1907.76761
5755.49566	1902.29132
5706.54694	1911.19907
5515.01229	1946.44034
5559.86510	1930.58247
5487.68656	1960.78012
5629.60364	1917.37589
5530.43896	1939.54906
5575.29177	1923.69120
5540.22711	1939.15734
5866.16360	1892.35705
5753.42869	1905.30383
5898.31903	1888.83151
5912.66889	1886.63110
5515.01229	1946.44034
5542.45019	1938.22179
5481.22648	1962.49585
5464.31818	1970.12829
	
NSGA-II_15:	67
6561.45640	1897.85858
5578.58017	2094.79373
6355.28646	1902.97855
6225.63507	1914.81558
6034.12764	1915.79341
6546.79388	1902.00072
6340.62394	1907.12068
6240.29758	1910.67345
6005.16431	1929.93554
5698.07115	2008.15409
5941.90250	1931.32528
5857.24014	1959.93554
5799.93194	1963.10674
5806.30330	1961.32528
5636.22835	2039.71802
5862.58451	1947.57486
5741.64782	1973.43273
5935.53114	1933.10674
5755.94864	1963.43273
5641.25346	2021.58555
5581.01156	2086.66126
5638.82207	2029.71802
5861.64239	1957.57486
5740.70570	1983.43273
5656.06967	2009.71802
5891.54783	1933.43273
5599.72166	2049.89507
5597.29027	2058.02754
5700.11602	2001.74225
5587.35600	2080.45395
5749.57728	1965.21419
5870.51396	1939.35632
6013.09376	1921.71700
5866.98675	1945.21419
5746.05007	1971.07205
6009.56656	1927.57486
5590.30278	2070.45395
5736.30345	1985.79341
5590.94583	2064.23485
5587.99905	2074.23485
5600.23705	2048.02754
5621.38491	2044.01195
5729.64181	1994.66379
5736.11580	1989.35632
5581.52696	2084.79373
5621.90031	2042.14443
6546.79388	1902.00072
5649.18291	2013.36700
5646.17110	2017.35734
5721.77928	1995.85914
5731.71355	1991.71700
5712.37196	1998.15409
6233.92622	1912.45490
6027.75628	1917.57486
6019.46512	1919.93554
5885.17647	1935.21419
5876.88532	1937.57486
5629.85699	2041.49948
5739.64300	1983.49846
5645.65571	2019.22487
5860.57969	1957.64059
5641.76886	2019.71802
5649.69831	2011.49948
5706.00060	1999.93554
5891.54783	1933.43273
5596.77487	2059.89507
5591.46123	2062.36732
	
NSGA-II_16:	46
6594.58853	1898.67236
5429.19792	2029.46148
6285.08593	1901.51445
5827.78900	1920.06587
6278.71457	1903.29590
6078.91599	1906.63441
6012.64182	1918.35014
5525.23757	1973.07150
5448.66740	2007.54811
5438.01271	2023.60362
5718.37465	1943.07150
5591.89952	1971.29692
5519.89320	1985.43218
5488.18435	2004.30255
5634.65192	1950.06587
5785.03660	1941.29692
5505.76809	1994.98487
5812.45105	1927.02287
5804.52160	1935.24141
5619.31396	1957.02287
5611.38451	1965.24141
5514.58289	1989.12701
5611.38451	1965.24141
5429.19792	2029.46148
5505.76809	1994.98487
6033.95894	1914.94591
5821.41764	1921.84732
5818.82241	1925.24141
5628.28056	1951.84732
5625.68533	1955.24141
6027.58758	1916.72736
6072.54463	1908.41586
6069.94939	1911.80995
6063.57803	1913.59141
5799.40754	1938.41586
5799.40754	1938.41586
5463.25850	2006.31705
5619.31396	1957.02287
6072.54463	1908.41586
6069.94939	1911.80995
6063.57803	1913.59141
6285.08593	1901.51445
6278.71457	1903.29590
6078.91599	1906.63441
6012.64182	1918.35014
5463.25850	2006.31705
	
NSGA-II_17:	69
6165.95554	1870.05899
5355.64539	2013.14080
5831.18910	1881.35577
6061.74768	1878.27753
5369.78753	1985.50148
5389.25700	1963.58810
5362.80004	2004.37186
5388.45337	1979.57789
5727.42078	1889.12701
6062.18723	1877.83023
5807.84281	1888.51042
5596.36785	1904.65888
6142.60926	1877.21363
5674.92134	1904.17063
5449.08249	1948.14918
5452.03942	1935.69555
5546.11582	1919.64692
5486.95350	1927.66451
5362.80004	2004.37186
5405.82555	1963.58810
6156.98895	1875.23453
5378.60232	1979.64362
5430.41665	1954.07278
5407.48330	1958.11181
5441.38474	1951.75107
5824.81774	1883.13722
5407.92285	1957.66451
5470.26572	1930.21926
5718.45419	1894.30255
5822.22251	1886.53131
5720.60987	1891.35577
5571.15303	1911.94187
5677.51657	1900.77654
5674.92134	1904.17063
5552.48718	1917.86547
5555.08241	1914.47138
5693.76481	1898.66910
5468.28766	1933.58810
5470.70527	1929.77196
5486.51396	1928.11181
5448.64295	1948.59649
5815.85115	1888.31277
5573.30871	1908.99509
5822.22251	1886.53131
5552.48718	1917.86547
5697.70314	1898.06311
5677.51657	1900.77654
5700.13617	1896.88764
5468.28766	1933.58810
5452.03942	1935.69555
5580.11962	1906.76633
6142.60926	1877.21363
5718.01464	1894.74986
5570.71348	1912.38918
5683.88793	1898.99509
5589.99649	1906.44034
5708.75494	1895.05060
5708.75494	1895.05060
5704.07450	1896.28166
5561.45377	1912.68992
5555.08241	1914.47138
5683.88793	1898.99509
5561.45377	1912.68992
5573.74826	1908.54779
5595.92831	1905.10618
5579.68007	1907.21363
5726.98124	1889.57431
5721.04942	1890.90847
5589.99649	1906.44034
	
NSGA-II_18:	72
6121.84397	1862.03611
5464.11205	2110.85579
6035.83138	1885.73095
5809.79042	1886.33693
5465.24855	2096.71366
6098.63049	1868.93753
5480.88444	2055.04309
5795.48960	1896.33693
5516.66534	2022.18537
5490.81871	2053.26164
5475.18283	2094.93220
5479.74793	2069.18523
6048.65772	1877.31475
5476.14973	2084.50089
5518.83914	2006.62690
5756.00658	1900.03176
6068.06014	1875.73095
5751.48809	1907.18641
5528.77341	2004.84545
5491.78561	2042.83032
5529.74031	1994.41413
5534.25881	1987.25948
5805.27192	1893.49157
5506.23838	2033.89422
5723.77783	1910.03176
5693.91095	1925.66486
5674.40652	1933.04427
5544.19308	1985.47803
5496.30410	2035.67568
5678.92501	1925.88962
5640.35045	1949.03406
5558.13379	1977.90443
5655.51821	1939.80700
5584.88582	1968.61165
5511.85165	2025.49728
5578.42575	1970.32738
5551.67372	1979.62016
5667.15892	1934.95765
5596.47010	1968.54592
5756.00658	1900.03176
5751.48809	1907.18641
5706.63528	1923.04427
5809.79042	1886.33693
5711.15377	1915.88962
5622.30610	1950.81551
5569.71807	1977.83871
6044.13922	1884.46940
5570.94511	1976.18524
5628.76618	1949.09979
5678.92501	1925.88962
5723.77783	1910.03176
5711.15377	1915.88962
5649.05813	1941.52273
6044.84666	1882.63236
5496.30410	2035.67568
5506.23838	2033.89422
5527.27132	2006.12986
5608.29263	1954.69427
5600.37270	1965.60948
5511.85165	2025.49728
5603.77413	1961.84892
5667.10248	1939.74127
5604.89119	1958.45483
5667.10248	1939.74127
5640.52139	1944.69427
5700.37102	1923.94914
5603.77413	1961.84892
5608.29263	1954.69427
5518.83914	2006.62690
5516.66534	2022.18537
5706.63528	1923.04427
5640.52139	1944.69427
	
NSGA-II_19:	76
6012.49847	1877.70188
5368.31613	2036.38833
5735.00810	1895.18252
5832.40505	1889.19274
5996.19284	1885.40693
5908.73016	1885.47312
5385.90960	2001.46244
5381.63720	2019.10176
5838.77641	1887.41128
5902.35879	1887.25458
5709.97089	1902.88757
5690.15528	1911.04039
5374.48256	2027.87071
5378.92211	2020.33282
5431.96677	1980.81749
5568.83170	1925.40693
5439.44742	1974.95963
5484.30023	1959.10176
5523.97888	1941.26479
5504.11034	1955.40693
5619.81548	1917.76761
5371.03122	2035.15727
5371.76746	2029.10176
5410.96550	1989.10176
5506.56397	1948.90411
5551.41678	1933.04625
5542.02323	1939.48334
5417.42557	1987.38603
5490.76030	1957.38603
5608.59177	1922.98052
5653.11548	1917.05693
5393.55058	1996.74108
5516.49824	1947.12266
5476.81959	1964.95963
5561.35105	1931.26479
6006.12711	1879.48334
6002.56420	1883.62547
5459.25752	1971.26479
5681.75442	1915.59443
5669.73060	1916.10746
5586.87604	1923.62547
5631.39976	1917.70188
5716.34225	1901.10611
5422.03250	1982.59895
5502.34458	1957.32031
5612.91586	1919.93064
5409.78459	1992.10739
5445.90749	1973.24390
5575.29177	1923.69120
5465.71760	1969.54906
5683.78392	1912.82184
5516.49824	1947.12266
5561.35105	1931.26479
5431.96677	1980.81749
5422.03250	1982.59895
5476.81959	1964.95963
5388.62469	2000.23139
5608.59177	1922.98052
5653.11548	1917.05693
5728.63674	1896.96398
5728.19719	1897.41128
5403.32451	1993.82312
5908.29061	1885.92043
5568.83170	1925.40693
5530.43896	1939.54906
5406.03961	1992.59207
5670.17014	1915.66016
5466.88532	1966.74108
5457.49176	1973.17817
5530.43896	1939.54906
5631.39976	1917.70188
5542.02323	1939.48334
5551.41678	1933.04625
5466.88532	1966.74108
5506.56397	1948.90411
5457.49176	1973.17817
	
NSGA-II_20:	58
6583.99108	1911.06874
5850.26625	2155.82219
6557.34946	1915.21088
6262.83226	1923.88361
5850.84548	2125.82219
5854.80277	2096.82256
5853.90817	2124.21222
5920.87534	2003.69280
5870.43865	2055.15199
5950.92311	1987.29142
5870.43865	2069.29413
5889.90813	2033.23862
5884.17934	2045.80383
5915.14655	2016.25801
6084.67679	1964.27891
5869.54405	2082.54166
5947.51696	1999.55066
6049.66589	1964.52856
6229.81928	1929.80720
6209.04843	1937.57844
6176.03545	1943.50203
6153.41791	1946.88924
6013.28599	1969.90175
6138.46062	1950.58407
6034.70860	1968.22339
5980.92477	1981.91823
6256.46090	1925.66506
6236.19064	1928.02574
6202.67707	1939.35990
6182.40681	1941.72058
6099.63408	1960.58407
5995.88206	1978.22339
5940.26842	2003.34693
5868.23479	2089.00364
6111.81900	1954.72621
5901.40587	2025.60618
5894.83402	2029.74831
6004.70694	1973.59658
6108.45895	1955.95726
6117.03800	1952.26243
5959.50216	1983.59658
5986.14378	1979.45445
6143.67962	1948.12030
6089.89579	1961.81513
6039.92761	1965.75962
5969.24045	1982.36553
6126.77629	1951.03137
6023.02428	1968.67069
5910.22066	2019.74831
5906.33176	2022.11587
5879.25345	2049.29413
5875.36454	2051.66169
5859.72866	2093.33225
5868.52528	2085.15199
5863.61756	2090.96469
5943.62847	2002.11587
6008.06698	1972.36553
5954.28315	1986.06036
	
NSGA-II_21:	58
6648.91118	1885.13667
5510.27286	2111.07675
6367.80718	1885.13667
6215.20015	1890.25663
6046.64836	1897.95154
6350.55673	1886.31215
6023.02655	1900.90847
5894.04133	1903.07150
5520.33653	2029.27130
5519.59863	2050.89408
5513.21071	2066.35334
5512.47281	2087.97612
5870.69505	1910.22615
5510.49370	2090.29783
5790.27302	1910.84274
5578.84654	1956.92661
5516.64702	2050.89408
5515.81804	2060.50236
5546.93183	1999.13938
5540.17785	1999.27130
5571.72071	1965.14515
5566.77315	1969.13938
5657.07284	1941.45032
5559.64733	1977.35792
5527.46236	2021.05276
5539.80601	2007.35792
5547.30368	1991.05276
5730.27302	1920.84274
5620.85867	1943.84837
5556.11847	1985.19489
5760.11582	1920.22615
5887.66997	1904.85295
5662.19282	1939.77196
5559.37706	1978.83999
5602.19282	1949.77196
5700.11582	1930.22615
5680.41912	1934.29567
5620.41912	1944.29567
5597.07284	1951.45032
6029.39791	1899.12701
5527.46236	2021.05276
5537.36940	2013.47916
5532.40992	2017.05853
5552.25124	1987.05853
5771.60717	1916.76633
5711.60717	1926.76633
5539.53574	2008.83999
6046.64836	1897.95154
5680.85867	1933.84837
5547.30368	1991.05276
5783.46211	1913.07150
5723.46211	1923.07150
5783.90166	1912.62419
5723.90166	1922.62419
5706.48719	1928.44469
5766.48719	1918.44469
5597.51238	1951.00302
5536.27715	2015.19489
	
NSGA-II_22:	70
6257.20055	1858.09163
5562.83167	2010.69778
5919.76931	1893.37038
6017.16627	1887.38059
6153.43223	1865.86287
6233.98707	1864.99304
6023.53763	1885.59914
5892.57774	1903.11047
5676.03614	1965.97642
5859.76931	1903.37038
5598.95457	1991.83429
5683.48603	1958.13945
6069.77921	1883.21159
6129.77921	1873.21159
5702.15188	1952.21586
5581.49751	2004.77419
5570.47265	2005.97642
6053.41816	1885.37473
6233.98707	1864.99304
5642.07749	1980.82577
5805.98548	1917.06521
5657.93536	1972.54150
5597.22468	1996.68364
6134.76639	1871.78646
6074.76639	1881.78646
5588.68906	2002.47924
5787.31964	1922.98880
5826.20638	1914.89192
5617.62042	1985.91069
5683.48603	1958.13945
6113.85771	1874.92743
5832.57774	1913.11047
6152.99269	1866.31017
6092.99269	1876.31017
5715.71479	1948.13945
6113.41816	1875.37473
5614.99589	1991.83429
5643.47781	1977.69215
5912.95840	1895.59914
5799.17457	1919.29397
5841.10347	1909.29397
5772.42254	1928.58676
5901.10347	1899.29397
5760.56761	1932.28159
6093.43223	1875.86287
5670.55941	1966.68364
5625.70660	1982.54150
5728.00928	1943.99732
5662.47323	1970.05283
5615.32546	1990.11856
5589.13850	2000.05283
5747.00470	1936.35800
6053.85771	1884.92743
5742.46682	1938.84667
5852.95840	1905.59914
5853.39795	1905.15183
5709.34343	1949.92091
5754.19625	1934.06304
5780.94827	1924.77026
5778.79391	1926.80530
5894.73211	1901.07543
5834.73211	1911.07543
5649.84917	1975.91069
5734.38064	1942.21586
5787.31964	1922.98880
5728.33885	1942.28159
5643.80738	1975.97642
5631.18333	1981.83429
5736.09546	1940.62812
5651.56399	1974.32296
	
NSGA-II_23:	72
6170.80655	1902.83317
5794.34764	2090.42405
6067.03823	1910.60442
6134.59107	1907.06826
5799.57352	2027.92119
5797.30906	2052.74565
5797.30906	2052.74565
5795.91606	2074.46138
6066.59869	1911.05172
6030.82276	1914.83950
6134.59107	1907.06826
6170.80655	1902.83317
5970.82276	1924.83950
6005.30910	1921.34232
5795.47651	2074.90868
5918.11621	1941.99415
5813.25790	2011.86568
5799.57352	2027.92119
5802.32592	2017.92119
5884.33040	1958.04966
5863.64808	1977.36734
5874.58005	1971.31183
5917.49145	1949.76539
5856.16929	1990.31924
5814.04165	2003.77906
5875.36381	1963.22521
5856.79405	1982.54800
6021.41662	1920.46235
6007.03823	1920.60442
5945.30910	1931.34232
5961.41662	1930.46235
5872.61141	1973.22521
5811.28925	2013.77906
5856.79405	1982.54800
5814.04165	2003.77906
5823.00824	1998.60352
5875.36381	1963.22521
5927.08280	1936.81861
5893.59011	1957.74892
5936.34251	1936.51786
5832.26795	1998.30277
5898.82560	1955.68898
6021.85616	1920.01505
6030.38321	1915.28681
5970.38321	1925.28681
5961.85616	1930.01505
5927.08280	1936.81861
5823.00824	1998.60352
5952.15691	1930.76310
5832.70750	1997.85547
5894.02965	1957.30162
5943.19032	1935.93864
5802.32592	2017.92119
5854.04491	1991.51459
5915.36707	1950.96074
5909.40451	1951.99415
5848.08235	1992.54800
5837.50344	1996.24284
5936.78205	1936.07056
5902.99625	1952.12607
5841.67409	1992.67992
5945.74865	1930.89502
5841.23454	1993.12723
5902.55670	1952.57338
5943.19032	1935.93864
5909.40451	1951.99415
5848.08235	1992.54800
5952.15691	1930.76310
5837.50344	1996.24284
5811.29251	2012.74565
5872.61467	1972.19180
5898.82560	1955.68898
	
NSGA-II_24:	70
5885.16469	1962.29820
5481.60732	2096.91704
5754.11176	1977.83007
5839.00995	1977.15790
5620.08556	1998.54075
5697.96615	1997.64257
5495.74945	2069.27772
5493.61808	2081.97127
5531.48368	2040.64820
5534.06877	2028.28752
5715.05507	1987.64257
5505.10450	2056.91704
5502.53178	2063.35412
5490.96236	2084.55636
5488.38965	2090.99344
5580.94016	2008.28752
5597.37725	2002.36393
5855.44704	1971.23431
5731.49216	1981.71898
5714.40324	1991.71898
5851.32042	1974.57281
5710.27662	1995.05748
5727.36554	1985.05748
5874.66671	1967.41816
5593.25063	2005.70243
5557.94376	2018.93247
5534.06877	2028.28752
5514.06877	2048.28752
5567.92077	2014.72461
5737.86352	1979.93752
5603.83733	2000.64820
5613.62549	2000.25648
5563.52525	2015.92684
5502.19436	2064.79034
5511.88683	2050.99344
5488.38965	2090.99344
5507.76021	2054.33195
5529.30175	2043.35412
5546.37924	2025.70243
5544.00304	2026.50606
5524.00304	2046.50606
5861.81840	1969.45285
5747.74040	1979.61153
5697.96615	1997.64257
5551.48368	2020.64820
5498.40516	2066.69263
5845.38132	1975.37644
5721.42644	1985.86111
5704.33751	1995.86111
5587.40024	2006.57179
5550.50586	2022.36393
5579.96234	2010.00325
5505.10450	2056.91704
5495.74945	2069.27772
5490.96236	2084.55636
5507.76021	2054.33195
5493.61808	2081.97127
5511.88683	2050.99344
5530.50586	2042.36393
5514.06877	2048.28752
5484.26303	2094.33195
5878.79333	1964.07966
5574.38084	2013.00888
5747.74040	1979.61153
5868.72760	1968.22179
5526.37924	2045.70243
5563.52525	2015.92684
5484.26303	2094.33195
5481.60732	2096.91704
5573.45952	2014.14538
	
NSGA-II_25:	74
5943.24945	1872.97855
5448.23447	2044.59802
5936.87808	1874.76000
5839.48113	1880.74979
5738.75494	1900.74979
5788.25696	1898.38911
5464.80499	2008.64918
5460.53259	2026.28850
5450.66285	2036.28850
5672.84837	1914.95765
5472.44597	2003.92782
5705.45493	1901.46046
5457.81750	2027.51955
5453.37794	2035.05744
5627.99556	1930.81551
5698.55531	1903.62350
5617.84972	1938.54939
5680.32901	1909.09979
5635.47620	1924.95765
5497.61297	1996.80199
5738.31539	1901.19709
5717.03921	1901.39474
5809.22325	1893.68922
5814.44392	1888.45483
5467.52008	2007.41812
5497.91338	1991.10771
5654.14205	1919.03406
5549.90071	1964.57607
5486.18593	2001.49453
5592.72380	1946.18871
5573.71493	1954.40725
5618.06128	1932.59697
5820.81528	1886.67338
5662.91410	1916.73911
5686.78909	1907.38406
5524.56323	1978.16781
5600.26724	1943.08522
5582.85233	1950.72454
5542.25973	1969.29743
5519.63734	1981.65811
5514.15608	1984.59802
5540.60654	1971.94871
5627.99556	1930.81551
5567.31563	1956.93675
5566.13472	1959.94238
5505.55436	1986.38635
5487.63166	1999.04778
5559.67464	1961.65811
5794.62832	1896.60765
5833.10977	1882.53124
5832.67022	1882.97855
5802.76317	1895.40495
5544.97482	1968.06638
5502.22242	1989.29743
5653.52055	1923.17619
5589.95764	1947.89755
5531.02330	1976.45208
5717.03921	1901.39474
5698.37336	1907.31833
5653.52055	1923.17619
5641.93627	1923.24192
5562.38974	1960.42706
5575.81550	1953.82114
5478.94712	2002.72559
5698.37336	1907.31833
5599.18387	1944.47298
5618.06128	1932.59697
5611.38965	1940.26511
5606.72731	1941.36949
5491.11182	1998.00423
5537.86364	1976.18182
5538.56674	1973.34859
5538.30318	1975.73452
5507.14831	1985.80713
	
NSGA-II_26:	68
6121.84397	1862.03611
5429.61809	2089.78148
6040.56398	1879.96603
5884.35703	1885.20730
5809.79042	1886.33693
5461.17950	2025.65922
5439.55236	2088.00002
5791.16549	1893.49157
5459.28494	2042.64282
6094.34781	1866.27120
5471.11377	2023.87777
5440.22407	2073.72597
5443.58603	2060.58511
5473.25288	2013.44645
5660.30009	1933.04427
5454.19201	2044.52960
5737.38166	1907.18641
5756.00658	1900.03176
5447.21156	2054.85559
6068.06014	1875.73095
5692.52885	1923.04427
5490.66780	2005.80713
6075.72289	1873.42585
5501.73480	1999.30431
5519.14971	1991.66499
6121.84397	1862.03611
5655.51821	1939.80700
5570.98674	1973.50183
5575.76862	1966.73911
5517.41982	1996.51434
5525.60979	1989.94927
5489.66142	2011.51709
5705.15290	1917.18641
5711.15377	1915.88962
5620.62144	1950.88124
5628.76618	1949.09979
5723.77783	1910.03176
5604.89119	1958.45483
5809.79042	1886.33693
5756.00658	1900.03176
5678.92501	1925.88962
5590.75456	1966.51434
5614.20365	1955.88962
5497.12787	2004.09140
5552.36182	1980.65648
5594.39355	1959.58446
5564.00253	1975.80713
5592.13952	1965.02338
5723.77783	1910.03176
5607.99738	1956.73911
5639.24636	1943.72659
5536.04475	1989.35970
5639.24636	1943.72659
5509.29272	1998.65248
5649.05813	1941.52273
5575.76862	1966.73911
5537.77464	1984.51035
5511.66907	1997.52286
5565.91163	1973.72659
5594.39355	1959.58446
5678.92501	1925.88962
5622.30610	1950.81551
5536.04475	1989.35970
5483.18715	2011.66499
5547.28670	1980.88124
5537.77464	1984.51035
5545.90174	1982.37221
5544.23471	1982.79462
	
NSGA-II_27:	58
6180.04255	1874.39877
5316.06731	2047.80988
6037.65873	1887.41128
5866.09145	1889.28569
6058.91760	1883.26915
6163.60546	1880.32236
5327.78304	2031.95202
5326.00159	2046.02843
5493.27172	1967.63569
5397.35722	2001.95202
5498.61609	1955.27501
5392.01285	2014.31270
5765.36525	1909.28569
5572.22817	1939.28569
5818.79671	1903.42783
5625.65962	1933.42783
5656.51727	1925.20928
5429.04191	1985.27501
5666.58300	1921.06715
5709.16809	1917.63569
5421.23220	1992.59697
5625.65962	1933.42783
5849.65436	1895.20928
5818.79671	1903.42783
5368.09512	2016.67338
5672.95436	1919.28569
6171.07596	1879.57431
5390.37440	2016.50606
5849.65436	1895.20928
5337.71732	2030.17056
5508.55036	1953.49355
5438.97619	1983.49355
5407.29149	2000.17056
5725.60517	1911.71210
5532.46809	1941.71210
5715.62816	1915.91996
5522.49107	1945.91996
5361.63505	2018.38911
5351.65803	2022.59697
5452.91690	1975.91996
5462.89392	1971.71210
5859.72008	1891.06715
5469.35399	1969.99637
5538.92816	1939.99637
6180.04255	1874.39877
5345.19796	2024.31270
5480.93826	1969.93064
5743.64952	1909.93064
5550.51244	1939.93064
5515.05317	1949.35142
5445.47900	1979.35142
5344.22013	2026.02843
5413.79430	1996.02843
6037.65873	1887.41128
5732.06525	1909.99637
5414.77213	1994.31270
5446.45683	1977.63569
5516.03100	1947.63569
	
NSGA-II_28:	63
6872.44747	1890.08734
5780.92221	2034.12023
6213.91814	1911.90450
6435.41050	1910.34745
6721.86545	1899.69562
6585.99253	1900.73917
5791.57689	2018.06471
6812.54042	1898.46457
5788.23838	2032.20685
5820.05881	2003.92258
5791.57689	2018.06471
5976.88563	1969.00357
5873.84264	1990.22774
5923.10180	1982.69840
6435.41050	1910.34745
6526.08548	1909.11640
6852.71085	1896.14286
5839.86891	2000.22774
5996.11486	1956.53291
5942.33103	1970.22774
6192.88426	1917.82810
6160.13431	1925.59934
6084.49533	1939.45087
5981.45234	1960.67505
5927.66851	1974.36988
6051.74538	1947.22211
5893.65275	1986.53291
6559.88454	1908.57614
6139.10043	1931.52293
6105.52921	1933.52728
6030.71150	1953.14571
6526.08548	1909.11640
5981.45234	1960.67505
5927.66851	1974.36988
5820.05881	2003.92258
5839.86891	2000.22774
6045.37401	1949.00357
6090.86669	1937.66942
6145.47179	1929.74147
6579.62116	1902.52063
6199.25563	1916.04664
6099.15785	1935.30874
5788.23838	2032.20685
6564.95865	1906.66277
6585.99253	1900.73917
6153.76295	1927.38079
6104.50379	1934.91013
6207.54678	1913.68596
6571.33001	1904.88131
6153.76295	1927.38079
6037.08286	1951.36425
6207.54678	1913.68596
6571.33001	1904.88131
6089.84128	1939.05227
6090.86669	1937.66942
6037.08286	1951.36425
6050.71996	1948.60497
6036.05745	1952.74710
6051.74538	1947.22211
6089.84128	1939.05227
6036.05745	1952.74710
6050.71996	1948.60497
6045.37401	1949.00357
	
NSGA-II_29:	70
6836.92123	1903.95648
5880.13109	2118.32179
5957.07604	2058.61569
5954.97232	2074.66432
5898.66715	2102.94860
6642.29149	1921.88640
6585.04748	1924.08841
6374.79522	1943.95660
6494.18606	1934.24708
5922.74356	2084.66432
6733.15291	1911.72773
5921.92710	2096.00536
6790.58352	1908.19157
6428.92111	1942.46563
6040.87991	2019.81792
5932.99963	2076.89996
6642.47809	1920.55225
5997.72099	2046.89996
5976.15855	2049.81792
6836.92123	1903.95648
6790.58352	1908.19157
6582.82648	1924.53571
6730.93191	1912.17503
6686.81520	1915.96281
6538.70978	1928.32349
6366.20286	1946.18536
6124.90478	1993.51276
6136.97923	1991.21434
6684.59420	1916.41012
6066.65021	2012.75783
6021.79739	2028.61569
6466.49606	1939.86305
6236.64969	1966.83031
6190.76307	1977.51951
6296.21015	1957.27761
6536.48877	1928.77080
6054.02615	2018.61569
6019.64845	2038.72567
6084.36981	2008.72567
6431.14211	1942.01833
6138.34215	1986.44873
6314.79522	1953.95660
6205.44064	1970.52514
6001.92885	2042.75783
6330.27151	1949.88019
6525.04748	1934.08841
5983.82806	2049.32291
6192.12598	1972.75390
5904.20750	2100.03752
6111.12184	1999.43289
6296.64969	1956.83031
5948.60096	2076.44578
6525.04748	1934.08841
6249.52480	1965.04885
6270.27151	1959.88019
6073.10867	2009.81792
6258.49734	1960.97244
6111.59012	1995.74152
6085.73273	2003.96006
6165.37395	1982.04668
6144.71351	1984.66727
6231.74532	1970.26523
6171.74532	1980.26523
6093.40224	2003.46504
6021.01137	2033.96006
5915.00575	2098.87907
6475.25882	1938.23054
6066.73731	2011.59938
6477.47982	1937.78324
6330.27151	1949.88019
	
NSGA-II_30:	72
6967.00061	1877.42143
5555.32781	2151.11366
6724.87454	1885.19267
6532.36822	1889.13715
6774.49428	1881.36591
5571.55277	2119.09005
5572.80907	2092.06209
5585.68476	2077.69705
5589.37959	2056.11325
6101.39049	1924.95765
6427.85557	1898.84655
6181.25526	1921.75107
6507.72034	1895.63997
6343.97677	1903.08164
6017.51169	1929.19274
6101.39049	1924.95765
5690.63846	2009.43624
5650.45391	2031.40990
6264.61130	1912.88399
5685.29409	2021.79692
6205.90314	1915.24825
5623.70188	2040.70269
5640.00661	2037.46541
5958.71816	1936.76633
5794.16952	1976.09773
5575.23746	2083.75257
5908.00538	1952.39943
5820.92154	1966.80495
5668.26277	2029.27756
6285.18324	1910.65524
5751.71278	1984.73289
5724.96075	1994.02567
5599.82689	2050.05773
5701.08576	2003.38072
5613.25458	2046.75820
5714.51345	2000.08119
6319.32889	1909.58446
5992.86381	1935.69555
5560.30017	2137.80175
6191.12334	1919.83769
5677.48571	2027.00785
5556.84884	2145.08832
5568.10143	2126.37662
5847.95335	1962.40290
5860.50480	1953.55742
6003.31112	1929.64004
6191.70256	1915.69555
6518.16764	1889.58446
5938.14623	1938.99509
6329.77619	1903.52894
6760.29371	1881.81322
5566.58040	2132.40196
5806.72097	1967.25225
5779.96894	1976.54503
5874.70538	1953.11011
5765.91336	1984.28559
5833.75277	1962.85020
5741.26548	1990.78840
5859.92558	1957.69955
5739.16133	1993.57837
5637.90246	2040.25538
5920.90588	1948.87502
5555.32781	2151.11366
5778.74458	1980.33084
5952.34680	1938.54779
6517.58842	1893.72659
6002.73189	1933.78218
5937.56700	1943.13722
6329.19697	1907.67108
5805.49661	1971.03806
5927.69892	1945.05060
5678.71007	2023.22204
	
Math-AUGMECON-II_1:	9
5265.30475	2030.23987
6032.17221	1854.85295
5993.80673	1860.61787
5928.40389	1862.62420
5922.03253	1864.40565
5861.69570	1864.56235
5858.45015	1864.56235
5855.32434	1866.34381
5834.53806	1870.55214
	
Math-AUGMECON-II_2:	22
5265.30475	2030.23987
5268.75608	2022.95330
5273.92525	2015.05748
5281.07990	2006.28854
5282.89822	1995.31398
5288.06739	1987.41816
5305.48230	1979.77884
5323.70860	1974.30255
5343.55259	1952.75565
5360.96750	1945.11633
6175.64680	1849.67543
6108.78288	1853.07150
6032.17221	1854.85295
5928.40389	1862.62420
5922.03253	1864.40565
5861.69570	1864.56235
5858.45015	1864.56235
5834.53806	1870.55214
5754.68183	1872.33359
5747.87092	1874.56235
5736.01599	1878.25719
5729.64463	1880.03864
	
Math-AUGMECON-II_3:	25
5265.30475	2030.23987
5273.92525	2015.05748
5281.07990	2006.28854
5282.89822	1995.31398
5288.06739	1987.41816
5298.00166	1985.63671
5305.48230	1979.77884
6731.77932	1823.37027
6610.65437	1832.24064
6556.27592	1833.07966
6492.65744	1836.47573
6416.04676	1838.25719
6346.12331	1839.96603
6307.75783	1845.73095
6242.35499	1847.73727
6108.78288	1853.07150
6032.17221	1854.85295
6025.80085	1856.63441
6011.05718	1859.44239
5997.05228	1860.61787
5993.80673	1860.61787
5987.43537	1862.39932
5928.40389	1862.62420
5861.69570	1864.56235
5836.63688	1870.55214
	
Math-AUGMECON-II_4:	25
5265.30475	2030.23987
5268.01984	2029.00881
5268.75608	2022.95330
5270.47392	2022.34405
5273.92525	2015.05748
5281.07990	2006.28854
5282.89822	1995.31398
5285.61331	1994.08292
5305.48230	1979.77884
5323.70859	1974.30256
5324.14815	1973.85525
5342.89611	1967.09543
5343.55259	1952.75565
6731.77932	1823.37027
6702.50171	1827.60535
6608.87292	1832.24064
6561.30282	1833.07967
6416.04676	1838.25719
6346.12345	1839.96602
6279.43703	1847.73727
6242.35499	1847.73727
6224.99836	1848.83641
6172.40125	1849.67543
6108.78288	1853.07150
6032.17221	1854.85295
	
Math-AUGMECON-II_5:	18
5265.30475	2030.23987
5268.75608	2022.95330
5273.92525	2015.05748
5281.07990	2006.28854
5282.89822	1995.31398
5285.61331	1994.08292
5288.06739	1987.41816
5298.00166	1985.63671
5304.31562	1985.31071
5305.48230	1979.77884
5336.43604	1968.81116
5343.55259	1952.75565
6729.99787	1823.37027
6492.65744	1836.47573
6242.35499	1847.73727
6175.64680	1849.67543
6108.78288	1853.07150
6032.17243	1854.85294
	
Math-AUGMECON-II_6:	30
5265.30475	2030.23987
5268.75608	2022.95330
5273.92525	2015.05748
5281.07990	2006.28854
5282.89822	1995.31398
5305.48230	1979.77884
5319.02112	1976.45048
5330.16868	1972.58683
5336.43604	1968.81116
5342.89611	1967.09543
5343.55259	1952.75565
6346.12331	1839.96603
6318.62717	1844.20112
6242.35499	1847.73727
6108.78288	1853.07150
6032.17221	1854.85295
5928.40389	1862.62420
5858.45015	1864.56235
5831.29251	1870.55214
5754.68183	1872.33359
5754.24229	1872.78090
5748.31047	1874.11505
5729.64463	1880.03864
5694.68183	1882.33359
5694.24229	1882.78090
5687.87092	1884.56235
5676.01599	1888.25719
5667.23690	1892.33359
5653.95564	1892.33359
5632.23991	1892.97855
	
Math-AUGMECON-II_7:	28
5265.30475	2030.23987
5268.01984	2029.00881
5268.75608	2022.95330
5271.47118	2021.72224
5273.92525	2015.05748
5275.91073	2014.18435
5281.07990	2006.28854
5282.89822	1995.31398
5285.61331	1994.08292
5288.06739	1987.41816
5305.48230	1979.77884
6224.99836	1848.83641
6175.64702	1849.67542
6172.40125	1849.67543
5997.05228	1860.61787
5928.40389	1862.62420
5861.69570	1864.56235
5852.07879	1866.34381
5754.68183	1872.33359
5748.31047	1874.11505
5736.01599	1878.25719
5729.64463	1880.03864
5694.68183	1882.33359
5691.55603	1884.11505
5676.01599	1888.25719
5657.20119	1892.33359
5653.95564	1892.33359
5635.48546	1892.97855
	
Math-AUGMECON-II_8:	21
5265.30475	2030.23987
5268.01984	2029.00881
5268.75608	2022.95330
5273.92525	2015.05748
5281.07990	2006.28854
5282.89822	1995.31398
5288.06739	1987.41816
5298.00165	1985.63671
5305.48230	1979.77884
5342.89611	1967.09543
5343.55259	1952.75565
5353.48686	1950.97419
6242.35499	1847.73727
6032.17221	1854.85295
5993.80673	1860.61787
5928.40389	1862.62420
5863.79452	1864.56235
5858.45015	1864.56235
5852.07879	1866.34381
5754.68183	1872.33359
5748.31047	1874.11505
	
Math-AUGMECON-II_9:	33
5265.30475	2030.23987
5268.75608	2022.95330
5278.62583	2012.95330
5281.07990	2006.28854
5282.89822	1995.31398
5288.06739	1987.41816
5298.00166	1985.63671
5305.48229	1979.77884
5311.94238	1978.06311
5319.02112	1976.45048
5323.70860	1974.30255
5336.43604	1968.81116
5343.55259	1952.75565
5360.96750	1945.11633
5367.42758	1943.40060
5379.19380	1939.64004
5401.22595	1936.21546
5402.39263	1930.68359
6346.12331	1839.96603
6318.62715	1844.20112
6307.75783	1845.73095
6242.35499	1847.73727
6032.17221	1854.85295
5928.40389	1862.62420
5858.45015	1864.56235
5754.68183	1872.33359
5748.31047	1874.11505
5736.01599	1878.25719
5697.92739	1882.33359
5688.31047	1884.11505
5676.01599	1888.25719
5669.64463	1890.03864
5657.20119	1892.33359
	
Math-AUGMECON-II_10:	24
5265.30475	2030.23987
5268.75608	2022.95330
5273.92525	2015.05748
5281.07990	2006.28854
5282.89822	1995.31398
5288.06739	1987.41816
5305.48230	1979.77884
6318.62715	1844.20112
6311.00338	1845.73095
6242.35499	1847.73727
6172.40125	1849.67543
6108.78288	1853.07150
6032.17221	1854.85295
6025.80085	1856.63441
6011.05718	1859.44239
5928.40389	1862.62420
5858.45015	1864.56235
5852.07879	1866.34381
5834.53806	1870.55214
5754.68183	1872.33359
5748.31047	1874.11505
5736.01599	1878.25719
5694.68183	1882.33359
5688.31047	1884.11505
	
Math-AUGMECON-II_11:	17
5265.30475	2030.23987
5268.01984	2029.00881
5268.75608	2022.95330
5273.92525	2015.05748
5278.62583	2012.95330
5281.07990	2006.28854
5282.89822	1995.31398
6242.35499	1847.73727
6230.34273	1848.83641
6224.99836	1848.83641
6172.40125	1849.67543
5928.40389	1862.62420
5858.45015	1864.56235
5855.32434	1866.34381
5852.07879	1866.34381
5834.53806	1870.55214
5754.68183	1872.33359
	
Math-AUGMECON-II_12:	34
5268.75608	2022.95330
5281.07990	2006.28854
5282.89822	1995.31398
5288.06739	1987.41816
5298.00166	1985.63671
5305.48230	1979.77884
5311.94237	1978.06312
5319.02112	1976.45048
5330.16868	1972.58683
5336.43604	1968.81116
5343.55259	1952.75565
5360.96750	1945.11633
5377.21574	1943.00888
5379.19380	1939.64004
5402.34166	1935.36956
5402.39263	1930.68359
5408.85270	1928.96786
5420.61893	1925.20730
6242.35499	1847.73727
6108.78288	1853.07150
6032.17221	1854.85295
6011.05718	1859.44239
5928.40389	1862.62420
5754.68183	1872.33359
5694.68183	1882.33359
5676.01599	1888.25719
5632.23991	1892.97855
5620.65564	1893.04427
5614.19556	1894.76000
5601.98979	1898.96786
5577.79298	1900.22615
5571.42162	1902.00760
5561.54475	1902.33359
5555.17339	1904.11505
	
Math-AUGMECON-II_13:	37
5282.89822	1995.31398
5288.06739	1987.41816
5311.94238	1978.06311
5336.43604	1968.81116
5342.89611	1967.09543
5343.55259	1952.75565
5360.96750	1945.11633
5367.42758	1943.40060
5379.19380	1939.64004
5379.63335	1939.19274
5384.97772	1938.32291
5385.65387	1937.92431
5394.91199	1936.54146
5402.39263	1930.68359
5408.85269	1928.96787
5418.64085	1928.57615
5420.61893	1925.20730
5427.07900	1923.49158
5427.51855	1923.04427
5443.32724	1921.38413
5482.87890	1918.25719
5494.73384	1914.56235
6318.62715	1844.20112
6311.00338	1845.73095
6172.40125	1849.67543
6032.17221	1854.85295
6011.05718	1859.44239
5987.43537	1862.39932
5965.48593	1862.62420
5928.40389	1862.62420
5861.69570	1864.56235
5831.29251	1870.55214
5754.68183	1872.33359
5748.31047	1874.11505
5697.92744	1882.33359
5676.01599	1888.25719
5632.23991	1892.97855
	
Math-AUGMECON-II_14:	25
5265.30475	2030.23987
5268.01984	2029.00881
5273.92525	2015.05748
5278.62583	2012.95330
5281.07990	2006.28854
5282.89822	1995.31398
5285.61331	1994.08292
5288.06739	1987.41816
5298.00166	1985.63671
6561.30290	1833.07966
6492.65744	1836.47573
6346.12331	1839.96603
6318.62715	1844.20112
6230.34273	1848.83641
6224.99836	1848.83641
6032.17221	1854.85295
6025.80085	1856.63441
6011.05718	1859.44239
5993.80673	1860.61787
5928.40389	1862.62420
5858.45015	1864.56235
5852.07879	1866.34381
5754.68183	1872.33359
5748.31047	1874.11505
5739.26154	1878.25719
	
Math-AUGMECON-II_15:	21
5268.01984	2029.00881
5268.75608	2022.95330
5281.07990	2006.28854
5282.89822	1995.31398
5285.61331	1994.08292
5288.06739	1987.41816
5304.31562	1985.31071
5330.16868	1972.58683
5336.43604	1968.81116
5343.55259	1952.75565
5353.48686	1950.97419
5360.96750	1945.11633
5377.21574	1943.00888
5379.19380	1939.64004
5384.97772	1938.32291
6558.05726	1833.07967
6242.35499	1847.73727
6032.17221	1854.85295
6025.80085	1856.63441
6011.05718	1859.44239
5754.68183	1872.33359
	
Math-AUGMECON-II_16:	29
5278.62583	2012.95330
5282.89822	1995.31398
5304.31561	1985.31072
5311.94238	1978.06311
5343.55259	1952.75565
5353.48686	1950.97419
5360.96750	1945.11633
5402.34166	1935.36956
5402.39263	1930.68359
5408.85270	1928.96786
5420.61893	1925.20730
5482.87890	1918.25719
5494.73384	1914.56235
5495.17339	1914.11505
5501.54475	1912.33359
5517.35343	1910.67345
5541.98979	1908.96786
5542.87890	1908.25719
5553.75601	1905.20730
6108.78288	1853.07150
6032.17221	1854.85295
5830.85296	1870.99944
5754.68183	1872.33359
5697.92739	1882.33359
5694.68183	1882.33359
5688.31047	1884.11505
5676.01599	1888.25719
5669.64463	1890.03864
5577.79298	1900.22615
	
Math-AUGMECON-II_17:	27
5265.30475	2030.23987
5268.75608	2022.95330
5271.47117	2021.72224
5281.07990	2006.28854
5282.89822	1995.31398
5285.61331	1994.08292
5298.00165	1985.63671
5304.31562	1985.31071
5311.94238	1978.06311
5319.02112	1976.45048
5323.70860	1974.30255
5336.43604	1968.81116
5342.89611	1967.09543
5343.55259	1952.75565
6108.78288	1853.07150
6032.17221	1854.85295
5754.68183	1872.33359
5748.31047	1874.11505
5694.68183	1882.33359
5688.31047	1884.11505
5676.01599	1888.25719
5669.64463	1890.03864
5663.99134	1892.33359
5653.95564	1892.33359
5632.23991	1892.97855
5620.65564	1893.04427
5607.33416	1898.96786
	
Math-AUGMECON-II_18:	35
5265.30475	2030.23987
5268.01984	2029.00881
5268.75608	2022.95330
5273.92525	2015.05748
5282.89822	1995.31398
5288.06739	1987.41816
5298.00166	1985.63671
5305.48230	1979.77884
5323.70860	1974.30255
5330.16868	1972.58683
5336.43604	1968.81116
5343.55259	1952.75565
5360.96750	1945.11633
5379.19380	1939.64004
5379.63335	1939.19274
6011.05718	1859.44239
5993.80673	1860.61787
5858.45015	1864.56235
5831.29251	1870.55214
5729.64463	1880.03864
5694.68183	1882.33359
5688.31047	1884.11505
5676.01599	1888.25719
5669.64463	1890.03864
5632.23991	1892.97855
5620.65564	1893.04427
5614.19556	1894.76000
5601.98979	1898.96786
5577.79298	1900.22615
5571.42162	1902.00760
5561.54475	1902.33359
5561.10520	1902.78090
5542.87890	1908.25719
5541.98979	1908.96786
5517.79298	1910.22615
	
Math-AUGMECON-II_19:	19
5265.30475	2030.23987
5268.01984	2029.00881
5268.75608	2022.95330
5271.47118	2021.72224
5273.92525	2015.05748
5282.89822	1995.31398
5298.00166	1985.63671
5305.48230	1979.77884
6556.27581	1833.07967
6242.35499	1847.73727
6230.34273	1848.83641
6224.99836	1848.83641
6172.40125	1849.67543
6108.78288	1853.07150
6032.17221	1854.85295
6011.05718	1859.44239
5997.05228	1860.61787
5993.80673	1860.61787
5928.40389	1862.62420
	
Math-AUGMECON-II_20:	31
5265.30475	2030.23987
5268.01984	2029.00881
5273.92525	2015.05748
5278.62583	2012.95330
5281.07990	2006.28854
5282.89822	1995.31398
5288.06739	1987.41816
5298.00166	1985.63671
5305.48230	1979.77884
5311.94237	1978.06312
5319.02112	1976.45048
5336.43604	1968.81116
5343.55259	1952.75565
5353.48686	1950.97419
5360.96750	1945.11633
6626.22955	1831.14151
6351.46768	1839.96603
6346.12331	1839.96603
6175.64680	1849.67543
6032.17221	1854.85295
6025.80085	1856.63441
6011.05718	1859.44239
5858.45015	1864.56235
5754.68183	1872.33359
5729.64463	1880.03864
5694.68183	1882.33359
5676.01599	1888.25719
5653.95564	1892.33359
5620.65564	1893.04427
5620.21609	1893.49158
5601.98979	1898.96786
	
Math-AUGMECON-II_21:	27
5281.07990	2006.28854
5282.89822	1995.31398
5288.06739	1987.41816
5298.00166	1985.63671
5305.48230	1979.77884
5319.02112	1976.45048
5323.70860	1974.30255
5330.60822	1972.13952
5336.43604	1968.81116
5343.55259	1952.75565
5353.48686	1950.97419
5360.96750	1945.11633
5367.42758	1943.40060
5379.19380	1939.64004
5384.97772	1938.32291
5401.22595	1936.21546
5402.39263	1930.68359
5418.64086	1928.57614
6242.35499	1847.73727
6230.34273	1848.83641
6108.78288	1853.07150
6032.17221	1854.85295
6011.05718	1859.44239
5858.45015	1864.56235
5852.07879	1866.34381
5831.29251	1870.55214
5754.68183	1872.33359
	
Math-AUGMECON-II_22:	21
5265.30475	2030.23987
5268.75608	2022.95330
5273.92525	2015.05748
5278.62583	2012.95330
5281.07990	2006.28854
5282.89822	1995.31398
5288.06739	1987.41816
5305.48230	1979.77884
5319.02112	1976.45048
5330.16868	1972.58683
5330.60822	1972.13952
5336.43604	1968.81116
5343.55259	1952.75565
6108.78288	1853.07150
6032.17221	1854.85295
6025.80085	1856.63441
6011.05718	1859.44239
5997.05228	1860.61787
5928.40389	1862.62420
5922.03253	1864.40565
5858.45015	1864.56235
	
Math-AUGMECON-II_23:	17
5265.30475	2030.23987
5268.75608	2022.95330
5270.47392	2022.34405
5273.92525	2015.05748
5858.45015	1864.56235
5852.07879	1866.34381
5834.53806	1870.55214
5748.31047	1874.11505
5736.01599	1878.25719
5729.64463	1880.03864
5694.68183	1882.33359
5619.53993	1894.76000
5601.98979	1898.96786
5577.79298	1900.22615
5571.42162	1902.00760
5561.54475	1902.33359
5555.17339	1904.11505
	
Math-AUGMECON-II_24:	30
5265.30475	2030.23987
5268.75608	2022.95330
5281.07990	2006.28854
5282.89822	1995.31398
5288.06739	1987.41816
5298.00165	1985.63671
5305.48230	1979.77884
5311.94238	1978.06311
5319.02112	1976.45048
5323.70860	1974.30255
5330.16868	1972.58683
5336.43604	1968.81116
5342.89611	1967.09543
5343.55259	1952.75565
5359.80082	1950.64820
5360.96750	1945.11633
5928.40389	1862.62420
5831.29251	1870.55214
5754.68183	1872.33359
5736.01599	1878.25719
5694.68183	1882.33359
5676.01599	1888.25719
5669.64463	1890.03864
5653.95564	1892.33359
5653.51609	1892.78090
5632.23991	1892.97855
5620.65564	1893.04427
5617.44111	1894.76000
5601.98979	1898.96786
5577.79298	1900.22615
	
Math-AUGMECON-II_25:	25
5265.30475	2030.23987
5268.75608	2022.95330
5278.62583	2012.95330
5281.07990	2006.28854
5282.89822	1995.31398
5288.06739	1987.41816
5305.48230	1979.77884
5323.70860	1974.30255
5330.16868	1972.58683
5343.55259	1952.75565
6108.78288	1853.07150
6032.17221	1854.85295
5858.45015	1864.56235
5754.68183	1872.33359
5736.01599	1878.25719
5700.02620	1882.33359
5688.31047	1884.11505
5676.01599	1888.25719
5653.95564	1892.33359
5632.23991	1892.97855
5620.65564	1893.04427
5620.21609	1893.49158
5614.19556	1894.76000
5601.98979	1898.96786
5577.79298	1900.22615
	
Math-AUGMECON-II_26:	35
5265.30475	2030.23987
5268.01984	2029.00881
5268.75608	2022.95330
5270.47392	2022.34405
5273.92525	2015.05748
5275.91073	2014.18435
5282.89822	1995.31398
5285.61331	1994.08292
5288.06739	1987.41816
5305.48230	1979.77884
5311.94238	1978.06311
5319.02112	1976.45048
5323.70860	1974.30255
5336.43604	1968.81116
5342.89611	1967.09543
5343.55259	1952.75565
5360.96750	1945.11633
6172.40125	1849.67543
6108.78288	1853.07150
6037.51657	1854.85295
5858.45015	1864.56235
5831.29251	1870.55214
5754.68183	1872.33359
5736.01599	1878.25719
5729.64463	1880.03864
5694.68183	1882.33359
5669.64463	1890.03864
5663.99134	1892.33359
5653.95564	1892.33359
5620.65564	1893.04427
5571.42162	1902.00760
5542.87890	1908.25719
5536.50754	1910.03864
5517.79298	1910.22615
5511.42162	1912.00760
	
Math-AUGMECON-II_27:	20
5265.30475	2030.23987
5273.92525	2015.05748
5282.89822	1995.31398
5288.06739	1987.41816
5298.00166	1985.63671
5305.48230	1979.77884
5323.70859	1974.30256
5336.43604	1968.81116
5343.55259	1952.75565
5353.48685	1950.97420
5360.96750	1945.11633
5379.63334	1939.19274
6731.77932	1823.37027
6702.50174	1827.60535
6558.05726	1833.07967
6492.65744	1836.47573
6416.04676	1838.25719
6172.40125	1849.67543
6108.78288	1853.07150
6037.51657	1854.85295
	
Math-AUGMECON-II_28:	22
5265.30475	2030.23987
5268.75608	2022.95330
5273.92525	2015.05748
5281.07990	2006.28854
5282.89822	1995.31398
5288.06739	1987.41816
5298.00166	1985.63671
5305.48230	1979.77884
5319.02112	1976.45048
5330.16868	1972.58683
6729.99787	1823.37027
6663.31159	1831.14151
6626.22955	1831.14151
6556.27581	1833.07967
6492.65744	1836.47573
6416.04676	1838.25719
6346.12331	1839.96603
6318.62715	1844.20112
6313.10220	1845.73095
6242.35499	1847.73727
6230.34273	1848.83641
6172.40125	1849.67543
	
Math-AUGMECON-II_29:	30
5265.30475	2030.23987
5268.01984	2029.00881
5268.75608	2022.95330
5271.47118	2021.72224
5281.07990	2006.28854
5282.89822	1995.31398
5288.06739	1987.41816
5305.48230	1979.77884
5319.02112	1976.45048
5323.70860	1974.30255
5336.43604	1968.81116
5342.89611	1967.09543
5343.55259	1952.75565
6729.99787	1823.37027
6702.50171	1827.60535
6492.65744	1836.47573
6416.04676	1838.25719
6318.62715	1844.20112
6242.35499	1847.73727
6175.64680	1849.67543
6032.17221	1854.85295
6011.05718	1859.44239
5997.05228	1860.61787
5987.43537	1862.39932
5928.40389	1862.62420
5922.03253	1864.40565
5861.69570	1864.56235
5858.45015	1864.56235
5834.53806	1870.55214
5831.29251	1870.55214
	
Math-AUGMECON-II_30:	26
5265.30475	2030.23987
5268.01984	2029.00881
5270.47392	2022.34405
5273.92525	2015.05748
5278.62583	2012.95330
5281.07990	2006.28854
5282.89822	1995.31398
6729.99784	1823.37026
6556.27581	1833.07967
6416.04676	1838.25719
6346.12331	1839.96603
6318.62715	1844.20112
6313.10220	1845.73095
6307.75783	1845.73095
6242.35499	1847.73727
6224.99836	1848.83641
6172.40125	1849.67543
6108.78291	1853.07149
6032.17221	1854.85295
6025.80085	1856.63441
5997.05228	1860.61787
5993.80673	1860.61787
5928.40389	1862.62420
5861.69570	1864.56235
5852.07879	1866.34381
5831.29251	1870.55214
