param n=25;
param m=4;
param K = 10;
param Q = 60;
param L =18;
param HC:= 
1 207.081
2 194.513
3 167.018
4 176.108;

param o:
	1	2	3	4	5	6	7	8	9	10	11	12	13	14	15	16	17	18	19	20	21	22	23	24	25:=
1	155.5634919	76.15773106	196.977156	123.6931688	277.3084925	31.6227766	178.0449381	128.0624847	256.3201124	120.4159458	262.488095	50.99019514	250.7987241	36.05551275	76.15773106	50.99019514	230.2172887	281.7800561	141.4213562	123.6931688	230.2172887	300.8321791	284.4292531	172.0465053	298.3286778
2	141.4213562	216.3330765	70.71067812	176.9180601	30	268.3281573	111.8033989	150.3329638	10	233.4523506	10	277.8488798	22.36067977	276.5863337	220.9072203	223.6067977	101.9803903	40	155.5634919	222.0360331	72.11102551	36.05551275	50	110.4536102	164.924225
3	191.0497317	170	125.2996409	120	150.3329638	230	172.0465053	178.0449381	120	158.113883	110.4536102	230.8679276	130.3840481	266.8332813	232.594067	191.0497317	22.36067977	160.3121954	100.4987562	258.069758	167.6305461	145.6021978	89.4427191	164.0121947	64.03124237
4	236.0084744	230	162.788206	180	158.113883	290	212.6029163	228.2542442	134.1640786	215.8703314	120.8304597	290.6888371	147.6482306	325.5764119	287.923601	250.7987241	72.80109889	167.6305461	160.3121954	308.8689042	194.1648784	141.4213562	82.46211251	206.1552813	41.23105626;

param cost:
	1	2	3	4	5	6	7	8	9	10	11	12	13	14	15	16	17	18	19	20	21	22	23	24	25:=
1	0	145.6021978	76.15773106	140.3566885	140.3566885	172.0465053	30	31.6227766	131.5294644	191.0497317	143.1782106	188.6796226	120.4159458	152.6433752	89.4427191	134.1640786	169.7056275	141.4213562	133.4166406	80.62257748	82.46211251	170	180.2775638	31.6227766	254.5584412
2	145.6021978	0	155.5634919	50	234.3074903	60	156.5247584	114.0175425	208.0865205	53.85164807	210.9502311	63.2455532	206.1552813	108.1665383	107.7032961	28.28427125	161.245155	240.8318916	70.71067812	155.241747	200	252.3885893	224.7220505	147.6482306	223.6067977
3	76.15773106	155.5634919	0	125.2996409	80.62257748	202.4845673	50	80	60.8276253	183.5755975	70	214.0093456	53.85164807	206.1552813	150.3329638	158.113883	102.9563014	86.02325267	107.7032961	155.241747	50.99019514	104.4030651	104.4030651	44.72135955	186.0107524
4	140.3566885	50	125.2996409	0	198.4943324	110	141.4213562	111.8033989	169.7056275	58.30951895	170.2938637	111.8033989	170.2938637	152.3154621	134.5362405	72.80109889	111.8033989	206.1552813	22.36067977	174.9285568	174.642492	212.6029163	178.8854382	131.5294644	174.642492
5	140.3566885	234.3074903	80.62257748	198.4943324	0	283.019434	110.4536102	155.241747	31.6227766	256.1249695	40	294.1088234	28.28427125	284.6049894	225.6102835	238.5372088	131.5294644	10	178.0449381	220	60.8276253	31.6227766	76.15773106	111.8033989	194.1648784
6	172.0465053	60	202.4845673	110	283.019434	0	191.0497317	142.126704	259.4224354	94.33981132	264.0075756	20	255.5386468	67.08203932	101.9803903	44.72135955	220.9072203	288.444102	130.3840481	151.3274595	240.8318916	304.1381265	281.6025568	183.8477631	282.8427125
7	30	156.5247584	50	141.4213562	110.4536102	191.0497317	0	50	101.9803903	196.468827	114.0175425	206.1552813	90.55385138	178.8854382	117.0469991	150	150	111.8033989	130	110.4536102	53.85164807	140	152.3154621	10	234.3074903
8	31.6227766	114.0175425	80	111.8033989	155.241747	142.126704	50	0	140.3566885	160.3121954	150	158.113883	131.5294644	130	70.71067812	102.9563014	158.113883	158.113883	107.7032961	80.62257748	102.9563014	182.4828759	182.4828759	44.72135955	242.0743687
9	131.5294644	208.0865205	60.8276253	169.7056275	31.6227766	259.4224354	101.9803903	140.3566885	0	226.715681	14.14213562	269.2582404	14.14213562	266.8332813	210.9502311	214.7091055	100.4987562	41.23105626	148.6606875	212.1320344	64.03124237	44.72135955	56.56854249	100.4987562	167.6305461
10	191.0497317	53.85164807	183.5755975	58.30951895	256.1249695	94.33981132	196.468827	160.3121954	226.715681	0	226.27417	85.44003745	228.035085	155.5634919	161.5549442	80.62257748	156.5247584	264.0075756	78.10249676	208.8061302	232.594067	268.7005769	230.2172887	186.8154169	200.2498439
11	143.1782106	210.9502311	70	170.2938637	40	264.0075756	114.0175425	150	14.14213562	226.27417	0	272.9468813	28.28427125	274.5906044	220.2271555	219.317122	92.19544457	50	148.6606875	223.6067977	78.10249676	42.42640687	42.42640687	111.8033989	155.241747
12	188.6796226	63.2455532	214.0093456	111.8033989	294.1088234	20	206.1552813	158.113883	269.2582404	85.44003745	272.9468813	0	266.2705391	85.44003745	121.6552506	56.56854249	223.6067977	300	133.4166406	171.1724277	254.5584412	313.8470965	287.923601	198.4943324	280.713377
13	120.4159458	206.1552813	53.85164807	170.2938637	28.28427125	255.5386468	90.55385138	131.5294644	14.14213562	228.035085	28.28427125	266.2705391	0	259.6150997	202.2374842	210.9502311	110	36.05551275	150	200.9975124	50	50.99019514	70.71067812	90	180.2775638
14	152.6433752	108.1665383	206.1552813	152.3154621	284.6049894	67.08203932	178.8854382	130	266.8332813	155.5634919	274.5906044	85.44003745	259.6150997	0	64.03124237	80.62257748	253.179778	287.923601	167.6305461	102.9563014	232.594067	310.4834939	300.6659276	174.642492	325.7299495
15	89.4427191	107.7032961	150.3329638	134.5362405	225.6102835	101.9803903	117.0469991	70.71067812	210.9502311	161.5549442	220.2271555	121.6552506	202.2374842	64.03124237	0	82.46211251	215.4065923	228.035085	142.126704	50	170.8800749	253.179778	250.7987241	114.0175425	295.2964612
16	134.1640786	28.28427125	158.113883	72.80109889	238.5372088	44.72135955	150	102.9563014	214.7091055	80.62257748	219.317122	56.56854249	210.9502311	80.62257748	82.46211251	0	180	244.1311123	90.55385138	131.5294644	197.9898987	259.4224354	237.6972865	142.126704	247.3863375
17	169.7056275	161.245155	102.9563014	111.8033989	131.5294644	220.9072203	150	158.113883	100.4987562	156.5247584	92.19544457	223.6067977	110	253.179778	215.4065923	180	0	141.4213562	90.55385138	238.5372088	145.6021978	130	78.10249676	142.126704	84.85281374
18	141.4213562	240.8318916	86.02325267	206.1552813	10	288.444102	111.8033989	158.113883	41.23105626	264.0075756	50	300	36.05551275	287.923601	228.035085	244.1311123	141.4213562	0	186.0107524	220.2271555	60	36.05551275	85.44003745	114.0175425	203.9607805
19	133.4166406	70.71067812	107.7032961	22.36067977	178.0449381	130.3840481	130	107.7032961	148.6606875	78.10249676	148.6606875	133.4166406	150	167.6305461	142.126704	90.55385138	90.55385138	186.0107524	0	178.0449381	158.113883	191.0497317	156.5247584	120	158.113883
20	80.62257748	155.241747	155.241747	174.9285568	220	151.3274595	110.4536102	80.62257748	212.1320344	208.8061302	223.6067977	171.1724277	200.9975124	102.9563014	50	131.5294644	238.5372088	220.2271555	178.0449381	0	160.3121954	250.1999201	259.6150997	111.8033989	322.0248438
21	82.46211251	200	50.99019514	174.642492	60.8276253	240.8318916	53.85164807	102.9563014	64.03124237	232.594067	78.10249676	254.5584412	50	232.594067	170.8800749	197.9898987	145.6021978	60	158.113883	160.3121954	0	92.19544457	120.4159458	58.30951895	223.6067977
22	170	252.3885893	104.4030651	212.6029163	31.6227766	304.1381265	140	182.4828759	44.72135955	268.7005769	42.42640687	313.8470965	50.99019514	310.4834939	253.179778	259.4224354	130	36.05551275	191.0497317	250.1999201	92.19544457	0	60	140.3566885	180.2775638
23	180.2775638	224.7220505	104.4030651	178.8854382	76.15773106	281.6025568	152.3154621	182.4828759	56.56854249	230.2172887	42.42640687	287.923601	70.71067812	300.6659276	250.7987241	237.6972865	78.10249676	85.44003745	156.5247584	259.6150997	120.4159458	60	0	148.6606875	120.4159458
24	31.6227766	147.6482306	44.72135955	131.5294644	111.8033989	183.8477631	10	44.72135955	100.4987562	186.8154169	111.8033989	198.4943324	90	174.642492	114.0175425	142.126704	142.126704	114.0175425	120	111.8033989	58.30951895	140.3566885	148.6606875	0	226.715681
25	254.5584412	223.6067977	186.0107524	174.642492	194.1648784	282.8427125	234.3074903	242.0743687	167.6305461	200.2498439	155.241747	280.713377	180.2775638	325.7299495	295.2964612	247.3863375	84.85281374	203.9607805	158.113883	322.0248438	223.6067977	180.2775638	120.4159458	226.715681	0;

param d:=
1	12
2	4
3	4
4	12
5	8
6	8
7	4
8	2
9	12
10	12
11	8
12	1
13	2
14	2
15	8
16	12
17	8
18	1
19	4
20	12
21	2
22	12
23	12
24	4
25	4;
param puntos:= 13; 

param cotas: 
 	 1 	 2:= 

1	1844.8576747885054	1015.5342148549154
2	1846.9217197363614	956.3065052480829
3	1856.4053469980518	944.8306989014548
4	1872.4964508013193	899.356274228426
5	1872.4964508013195	899.3562742284258
6	1909.153020855479	890.390812228882
7	1974.4045888896835	885.196290845978
8	2001.8278497180743	883.0532715347732
9	2029.5386552949508	867.1119417955048
10	2094.790223329155	861.9174204126007
11	2292.1549033346687	857.2745116284505
12	2302.1986874046074	856.6295606059906
13	2304.6250942758	849.0559674771835
; 
