Numfront:	
61	
	
AUGMECON-II:	14
5411.07022	1547.80753
5414.46663	1527.95839
5415.21666	1451.04869
5416.85413	1436.38033
5426.58931	1424.82865
5435.09275	1417.05741
5460.10685	1404.64209
5468.61028	1396.87085
5593.28386	1384.69052
5639.99622	1374.62432
5802.75742	1364.59399
6097.56872	1352.47826
6155.06476	1341.35913
6567.33607	1332.42805
	
NSGA-II_1:	57
7387.85572	1385.32953
5687.56678	1631.70793
6684.57412	1390.41410
7357.31166	1386.42376
7033.35532	1387.40159
7002.81126	1388.49582
5692.95353	1530.12635
5691.31523	1532.64571
5691.28299	1570.61460
5689.23732	1591.21968
5689.20507	1629.18857
5716.99615	1493.85855
5813.10982	1453.16646
5879.04163	1434.96924
6173.79774	1419.06769
6018.64941	1420.04552
5689.64470	1573.13396
6351.88380	1414.30852
5748.30262	1470.48465
5735.50337	1481.32905
6506.90133	1397.84010
6287.27208	1415.67851
6398.24091	1402.42463
6575.91369	1394.99863
5988.10534	1421.13975
5733.25130	1491.03065
6476.35727	1398.93433
6428.78497	1401.33040
6654.03005	1391.50833
6271.34488	1416.46420
6210.59899	1416.66789
6388.27177	1409.24189
5733.86508	1483.84841
6357.72771	1410.33612
6606.45776	1393.90440
5962.98441	1427.47152
5932.44034	1428.56575
5911.22398	1431.35565
6490.97413	1398.62578
5895.29678	1432.14134
5797.18262	1453.95215
7371.92852	1386.11522
6002.72220	1420.83121
5782.56576	1454.26069
5880.67992	1432.44988
5780.92747	1456.78005
5770.64206	1463.50774
5757.30537	1465.93061
5772.28035	1460.98838
5749.94091	1467.96529
6194.67178	1417.45357
5947.05720	1428.25720
7017.42812	1388.18728
6372.34457	1410.02758
6412.85777	1402.11609
6668.64691	1391.19979
5718.63445	1491.33919
	
NSGA-II_2:	75
6302.35346	1362.77703
5582.42460	1526.45317
6233.60048	1366.16621
5585.82102	1506.60403
5582.42460	1526.45317
5687.09204	1449.71521
6167.72451	1372.54725
5688.27993	1434.87103
5696.78337	1427.09978
5688.27993	1434.87103
5742.02453	1413.73603
5641.85087	1463.07896
5606.86680	1489.63642
5738.85087	1419.47259
5673.83061	1450.01444
6068.15834	1380.36906
5614.84304	1483.26552
5649.82711	1456.70806
5816.10729	1408.31216
5845.53335	1406.93760
5711.40022	1426.79124
6151.79731	1373.33294
6007.86687	1387.48045
6248.21734	1365.85767
6023.79408	1386.69476
5777.89837	1410.60711
5918.32443	1399.37606
6264.14454	1365.07198
6129.51559	1374.84220
5641.32367	1464.47931
6098.97153	1375.93643
5987.43564	1393.41696
6098.70241	1379.27483
5871.58404	1404.59437
5925.98929	1398.17534
6137.18045	1373.64148
6271.80940	1363.87126
6031.45894	1385.49403
5661.79929	1453.65724
5971.50844	1394.20265
5956.53335	1397.08111
5733.52110	1421.50727
5727.32743	1426.00555
5606.33960	1491.03676
5632.74714	1468.33084
5597.76306	1494.88830
6062.00300	1384.39980
5624.24370	1476.10208
5589.25963	1502.65954
5594.32445	1498.83279
5594.32445	1498.83279
5629.30853	1472.27533
5589.25963	1502.65954
5620.80509	1480.04657
5585.82102	1506.60403
5624.24370	1476.10208
5876.34654	1402.50498
5887.78037	1400.47029
5856.96718	1404.90291
5987.70477	1390.07857
5620.80509	1480.04657
5971.50844	1394.20265
6302.35346	1362.77703
5761.97116	1411.39280
5940.60615	1397.86679
6046.07580	1385.18549
6286.42626	1363.56272
5902.39722	1400.16175
5800.18008	1409.09785
6082.77520	1380.06051
6233.60048	1366.16621
5993.25002	1387.78899
5785.56322	1409.40639
5747.35430	1411.70135
6113.58839	1375.62789
	
NSGA-II_3:	81
6793.86272	1350.73757
5472.45807	1520.81200
6655.45767	1353.04429
6444.23561	1353.75008
5525.79219	1492.89634
5741.63531	1413.13459
5506.33871	1510.47073
5574.11817	1458.32675
5752.14017	1398.55902
6687.28869	1351.55834
5616.29143	1435.90350
5570.23886	1470.83440
6777.93552	1351.52326
6428.30840	1354.53577
5627.77818	1429.54921
5599.81363	1442.10754
5590.59597	1452.12270
5855.89198	1385.79145
6356.79186	1354.57085
5927.40852	1385.75637
6107.36905	1375.68795
6162.68070	1373.78880
5717.56853	1415.42955
5999.47397	1384.63005
5943.33573	1384.97068
5541.14953	1484.60469
5787.13900	1389.18063
5474.09637	1518.29265
6272.59985	1363.97973
5542.78782	1482.08533
5553.76106	1477.03845
6265.06303	1367.76565
6294.14766	1360.48942
6076.55587	1380.12057
5629.41647	1427.02986
6224.03795	1368.26195
5588.95767	1454.64206
5575.75646	1455.80739
5555.39935	1474.51909
5601.45192	1439.58818
6193.49388	1369.35618
5692.17133	1417.56733
5667.62982	1420.17083
5702.95167	1415.73809
6038.85211	1382.77893
5677.55447	1417.87587
6076.82499	1376.78218
6340.86466	1355.35654
6022.92491	1383.56462
5755.03886	1394.00497
5474.15636	1514.08432
5490.41151	1511.25641
6304.69998	1359.15538
6288.50366	1363.27946
5646.74128	1422.30850
6266.34998	1367.37393
6060.62866	1380.90626
5540.63170	1489.21165
6319.31684	1358.84684
5816.39611	1388.47812
5839.96478	1386.57714
6324.96085	1356.05680
5672.13849	1420.17071
5636.81663	1424.60345
5784.21375	1392.09171
5770.94267	1393.30471
5825.34792	1386.88568
6193.22476	1372.69457
5785.50070	1391.69999
5527.43049	1490.37698
6208.11074	1369.04764
6671.36148	1352.34403
5506.33871	1510.47073
5854.60503	1386.18317
6037.56516	1383.17066
6193.22476	1372.69457
6356.79186	1354.57085
6177.29756	1373.48026
6326.24780	1355.66508
6007.02110	1384.26489
5769.65572	1393.69643
	
NSGA-II_4:	62
7350.46602	1352.48615
5580.53731	1490.00785
7319.92196	1353.58039
6174.23923	1378.31820
6136.76216	1399.54568
6787.74877	1363.07844
7027.34860	1355.49867
6495.17542	1364.99672
6094.72100	1409.24744
5967.94162	1422.00488
6204.78329	1377.22397
6432.32291	1375.28732
6818.29284	1361.98421
6996.80454	1356.59290
5847.13492	1460.24766
5848.33211	1448.03400
5908.06713	1429.67380
5953.32476	1422.31342
6106.21810	1400.63991
5856.30835	1441.66311
5588.51355	1483.63695
6450.02422	1372.12495
6464.63136	1366.09095
5718.40950	1469.47614
5649.67147	1469.61296
5866.23300	1439.36816
6435.40736	1372.43349
5598.79896	1476.90927
5598.43820	1481.34200
5866.59376	1434.93542
5877.52307	1430.76804
7334.53881	1353.27184
5782.17486	1467.40273
5619.12741	1470.70720
5605.40936	1475.16829
5609.72827	1472.74188
5608.19810	1474.87458
5793.68593	1464.12368
5873.20416	1433.19444
5862.91875	1439.92213
5595.12395	1481.89598
5798.00484	1461.69728
5787.07553	1465.86466
5858.61752	1441.30631
5590.82272	1483.28016
5598.79896	1476.90927
5748.95356	1468.38191
5767.55801	1467.71127
5633.74427	1470.39865
5828.54890	1460.60305
6204.78329	1377.22397
6188.85609	1378.00966
5733.02635	1469.16760
5908.06713	1429.67380
6120.83496	1400.33137
7011.42140	1356.28436
6479.24822	1365.78241
5892.13993	1430.45949
6802.36563	1362.76990
5812.62170	1461.38874
6188.85609	1378.00966
6450.02422	1372.12495
	
NSGA-II_5:	27
7547.29844	1387.62599
5638.87296	1510.30577
6019.13242	1419.89028
7198.51723	1390.63850
7547.29844	1387.62599
5809.65886	1439.98681
5848.70636	1431.12134
5683.76315	1463.89917
5681.31688	1481.59115
5722.81065	1455.03369
5638.87296	1510.30577
5640.51043	1495.63741
6003.20522	1420.67597
5683.76315	1463.89917
5809.65886	1439.98681
5650.77281	1482.68538
5642.26938	1490.45663
5692.26658	1456.12793
5818.16230	1432.21557
5642.26938	1490.45663
6003.20522	1420.67597
5706.88344	1455.81938
5832.77916	1431.90703
5665.38967	1482.37684
5832.77916	1431.90703
5848.70636	1431.12134
5706.88344	1455.81938
	
NSGA-II_6:	48
7866.48574	1382.71784
5575.50392	1575.37053
5577.75374	1500.29529
7318.38536	1393.00159
6492.61661	1393.12076
5710.87085	1481.04540
5753.38793	1451.56041
7835.94168	1383.81207
7511.98535	1384.78990
6284.44188	1400.54676
7334.31256	1392.21590
6039.15672	1411.24927
6098.21747	1408.54596
6247.33145	1403.82327
6462.07255	1394.21499
5890.04274	1415.97196
7481.44128	1385.88413
5818.79403	1436.31987
5823.92038	1424.63243
5793.89176	1443.35610
5753.38793	1451.56041
5859.49868	1417.06619
5851.52244	1423.43708
5803.81641	1441.06114
5804.17717	1436.62841
5803.81641	1441.06114
6253.89782	1401.64099
6067.67341	1409.64019
7866.48574	1382.71784
5874.11554	1416.75765
7511.98535	1384.78990
6082.29027	1409.33165
7850.55854	1383.50353
6284.44188	1400.54676
6268.51468	1401.33245
7334.31256	1392.21590
7318.38536	1393.00159
6476.68941	1393.90645
5851.52244	1423.43708
5838.53724	1424.32389
6253.89782	1401.64099
6268.51468	1401.33245
5818.79403	1436.31987
7835.94168	1383.81207
7850.55854	1383.50353
7496.05814	1385.57559
6053.77358	1410.94073
6053.77358	1410.94073
	
NSGA-II_7:	58
7158.98447	1363.03309
5489.17750	1531.19363
6512.34054	1367.18957
5513.54519	1505.63516
5519.26810	1478.33739
6254.10339	1369.10785
6782.43693	1365.11752
6542.88460	1366.09534
5927.23872	1407.42077
5492.57392	1511.34449
6137.43450	1376.53385
6223.55933	1370.20209
5563.65413	1453.29330
5557.27600	1466.76730
6063.96442	1397.26296
6888.88808	1365.10515
7008.98447	1364.65587
7128.44041	1364.12732
6103.01192	1388.39749
6106.89043	1377.62808
6072.46785	1389.49172
5863.66181	1411.52752
5584.85123	1430.18457
5527.77153	1470.56615
5563.65413	1453.29330
5572.15757	1445.52206
5576.34780	1437.95581
5576.34780	1437.95581
5640.14377	1426.07783
5701.52013	1422.75857
5810.56983	1414.84677
5542.65914	1467.07584
5716.13699	1422.45003
5726.26860	1419.74606
5599.46809	1429.87603
5609.59971	1427.17206
5777.53698	1417.85928
5780.02577	1415.94100
5507.46152	1507.85418
5507.19077	1511.03595
5542.38839	1470.25760
5513.54519	1505.63516
5894.20587	1410.43329
6238.17618	1369.89354
5927.23872	1407.42077
5794.64263	1415.63246
6526.95739	1366.88103
5878.27866	1411.21898
5911.31152	1408.20646
5761.60977	1418.64497
7143.05727	1363.81878
5894.20587	1410.43329
5896.69466	1408.51500
5740.88546	1419.43752
5624.21656	1426.86352
5584.85123	1430.18457
5756.81266	1418.65183
6087.08471	1389.18318
	
NSGA-II_8:	67
6436.26548	1371.90732
5547.92696	1513.62916
5586.30744	1467.22256
5577.53171	1486.76370
5551.32337	1493.78002
6341.87174	1372.53617
6166.95404	1390.12820
5955.45404	1404.94463
6034.26069	1404.85788
6158.79220	1399.56130
6144.17535	1399.86984
6049.84778	1404.31578
6109.52414	1404.22903
5654.41288	1445.70599
5645.90945	1453.47723
6266.52021	1382.30639
5880.10251	1414.71485
5669.02974	1445.39745
6273.11876	1375.92535
5886.70106	1408.33382
5600.29618	1462.50120
5638.50510	1460.20625
5728.56047	1434.89914
5728.82959	1431.56074
5712.63326	1435.68482
5841.89359	1417.00981
5630.84024	1461.40697
6228.31128	1384.60134
5767.03851	1429.26579
5780.53634	1422.53666
5778.80226	1427.81812
5849.55844	1415.80908
5676.03365	1441.56854
5811.08040	1421.44243
5743.44645	1431.25220
5563.54297	1491.48506
5565.31211	1489.05866
5753.02348	1429.27896
5692.28880	1438.74064
5698.01640	1435.99337
6311.32768	1373.63040
6197.49810	1389.03396
6197.76722	1385.69557
5811.34952	1418.10404
5804.18112	1421.79052
6212.38408	1385.38703
6250.59300	1383.09208
5614.91304	1462.19266
6197.49810	1389.03396
5864.17530	1415.50054
5901.31792	1408.02527
5939.52684	1405.73032
5917.24512	1407.23958
6181.57090	1389.81965
6303.66282	1374.83112
5825.96638	1417.79550
6287.73562	1375.61681
6325.94454	1373.32186
5677.67194	1439.04918
6181.57090	1389.81965
5924.90998	1406.03886
6197.76722	1385.69557
6235.97614	1383.40062
6212.38408	1385.38703
5795.15320	1422.22812
6250.59300	1383.09208
6235.97614	1383.40062
	
NSGA-II_9:	55
6371.09128	1373.38207
5555.75773	1541.47150
5984.67358	1405.79054
6189.32820	1404.90307
5580.54291	1494.62592
5615.52698	1468.06846
5602.64165	1487.29366
5567.65758	1513.85112
5559.15414	1521.62236
6196.17358	1390.97410
5682.28130	1447.58577
5629.51572	1463.34710
5667.72464	1461.05215
5673.77787	1455.35701
5796.25805	1430.11169
5909.32205	1415.56076
6302.33830	1376.77125
5594.53164	1489.90456
5713.24720	1441.56063
5727.23594	1436.83927
6332.88236	1375.67702
5809.75588	1423.38257
5915.92060	1409.17972
6295.73974	1383.15229
6226.98676	1386.54148
5824.37274	1423.07402
5712.82536	1446.49154
5840.29994	1422.28833
6257.53082	1385.44725
6265.19568	1384.24652
5696.89816	1447.27723
6226.71764	1389.87987
6210.79043	1390.66556
6316.95515	1376.46271
5741.85280	1436.53073
5946.46466	1408.08549
5930.53745	1408.87118
5871.11312	1417.85571
5893.39484	1416.34645
5788.59319	1431.31242
5772.66599	1432.09811
5968.74638	1406.57623
6355.16407	1374.16776
6241.60362	1386.23293
6279.81254	1383.93798
5840.56906	1418.94994
5758.04913	1432.40665
5757.78000	1435.74504
5954.12952	1406.88477
6340.54722	1374.47630
5878.77798	1416.65499
6302.33830	1376.77125
5855.18592	1418.64140
6340.54722	1374.47630
5833.40066	1422.63642
	
NSGA-II_10:	71
6982.00177	1343.27395
5451.19320	1542.91139
5469.20647	1522.75371
5478.87296	1470.30577
6950.17076	1344.75990
6633.22057	1346.28646
6120.51309	1375.68242
6340.58446	1375.41713
5942.04749	1388.09868
5732.69614	1388.19980
6465.68768	1360.51456
6387.32485	1370.19882
5482.26938	1450.45663
5454.58961	1523.06225
5521.31688	1441.59115
5523.76315	1423.89917
6601.38955	1347.77242
5562.81065	1415.03369
5608.15114	1408.29633
6528.33188	1354.59598
5532.26658	1416.12793
5979.13242	1379.89028
6046.93617	1379.78916
5523.76315	1423.89917
5490.77281	1442.68538
5616.65457	1400.52509
5948.58836	1380.98451
6355.22472	1375.02317
6496.23174	1359.42033
5702.15208	1389.29403
5667.15317	1397.21096
5671.33890	1393.72665
5701.88296	1392.63242
6355.49384	1371.68477
6088.68208	1377.16837
6496.50087	1356.08193
6077.48023	1378.69493
5521.31688	1441.59115
6119.22614	1376.07414
5979.13242	1379.89028
5546.88344	1415.81938
5505.38967	1442.37684
5697.96635	1392.77834
6631.93361	1346.67818
6980.71482	1343.66567
5647.19864	1399.43086
5963.20522	1380.67597
6076.19328	1379.08665
5732.69614	1388.19980
6602.67650	1347.38070
6089.96903	1376.77665
6497.78782	1355.69021
6466.97463	1360.12284
6356.78079	1371.29305
5716.76894	1388.98549
5631.27143	1400.21655
5667.15317	1397.21096
6104.58589	1376.46811
6617.29336	1347.07215
6386.03790	1370.59054
6371.39765	1370.98451
6527.04493	1354.98770
6966.07457	1344.05964
6512.40468	1355.38167
6061.55303	1379.48062
6481.59149	1359.81430
5505.38967	1442.37684
5671.33890	1393.72665
5963.20522	1380.67597
5685.95576	1393.41811
6951.45771	1344.36818
	
NSGA-II_11:	79
6813.35736	1353.40587
5437.28771	1566.82923
6773.21834	1355.09046
6464.57615	1356.41839
6232.16989	1380.52221
6001.70800	1394.09872
6126.28826	1387.64355
5769.30174	1418.20255
6424.43713	1358.10297
5588.68688	1465.50243
6335.84049	1362.79274
5481.67374	1541.78514
5494.36741	1526.44766
6305.29643	1363.88697
5574.54474	1479.64456
5936.82051	1398.79582
5817.67981	1404.57982
5647.37688	1446.47477
5654.15477	1435.57002
5562.29980	1501.40093
5872.97234	1400.47308
5571.58499	1491.56485
5510.95178	1517.44536
5477.38299	1549.51218
5508.98427	1526.13912
5641.44324	1457.30134
5481.67374	1541.78514
5971.16394	1395.19295
5603.52638	1461.81774
5573.70652	1486.45516
5832.29667	1404.27128
5842.42828	1401.56731
5961.56898	1395.78331
5519.57509	1512.62090
5738.75768	1419.29678
5714.00921	1422.30929
5641.46111	1450.90751
6190.11599	1384.07008
5702.49937	1424.76293
5542.64489	1510.00011
5626.82638	1457.60988
5603.30373	1465.19389
6001.70800	1394.09872
6434.03209	1357.51262
6150.50008	1386.74465
6454.98119	1357.00874
6803.76240	1353.99623
5462.49539	1553.00248
5451.90457	1566.52069
5453.87208	1557.82693
5452.17531	1563.33893
5544.32356	1509.60839
6180.52103	1384.66043
5513.02218	1517.05364
5460.81671	1553.39420
5558.89132	1506.90234
5561.01285	1501.79265
5641.46111	1450.90751
5660.07054	1431.13728
5647.37688	1446.47477
5475.70432	1549.90390
5573.70652	1486.45516
5455.94248	1557.43521
5517.89641	1513.01262
6135.88322	1387.05319
5684.81902	1428.12477
5692.90441	1425.35328
6201.62583	1381.61644
6782.81330	1354.50010
5626.60374	1460.98602
6166.42729	1385.95896
5626.60374	1460.98602
5857.04514	1401.25877
5753.37454	1418.98824
6216.24268	1381.30790
5946.41547	1398.20547
6319.91329	1363.57843
5674.68740	1430.82874
5738.75768	1419.29678
	
NSGA-II_12:	41
6580.95110	1377.50970
5448.82180	1513.57397
5478.63165	1440.02765
5474.89315	1495.90103
6232.16989	1380.52221
6550.40703	1378.60393
5991.55891	1410.06279
6185.52592	1387.33582
5907.14464	1418.11580
5769.30174	1418.20255
5591.25571	1421.58964
5696.11787	1421.50289
5946.17535	1414.84171
5456.79804	1507.20308
5459.53582	1504.19268
5467.51206	1497.82179
5737.49728	1421.33147
5541.46686	1425.27433
5560.71164	1422.68387
5483.10618	1437.17219
5486.60789	1433.65675
5960.79220	1414.53317
5491.08241	1430.80130
5961.01485	1411.15702
5506.44827	1429.22402
5510.92280	1426.36856
5525.53965	1426.06002
5575.32850	1422.37533
5975.63171	1410.84848
5753.37454	1418.98824
6186.78632	1385.30113
6565.02389	1378.29539
6201.62583	1381.61644
6200.36543	1383.65113
5505.69927	1430.49276
5961.01485	1411.15702
6216.24268	1381.30790
5946.17535	1414.84171
5738.75768	1419.29678
6216.24268	1381.30790
6190.11599	1384.07008
	
NSGA-II_13:	74
6371.09128	1373.38207
5555.75773	1541.47150
6064.11147	1398.19980
6166.40799	1396.94441
5615.52698	1468.06846
5602.64165	1487.29366
5559.15414	1521.62236
5579.87718	1511.55616
5580.54291	1494.62592
5594.53164	1489.90456
6295.73974	1383.15229
5629.51572	1463.34710
5567.65758	1513.85112
6302.33830	1376.77125
6029.38168	1402.77834
5984.67358	1405.79054
5794.60715	1429.04433
6196.17358	1390.97410
5915.92060	1409.17972
5909.32205	1415.56076
5727.23594	1436.83927
5580.54291	1494.62592
5878.77798	1416.65499
6226.71764	1389.87987
5757.78000	1435.74504
5674.97818	1455.30218
5644.13258	1463.03856
6332.88236	1375.67702
6226.98676	1386.54148
5758.04913	1432.40665
6340.54722	1374.47630
6265.19568	1384.24652
5893.39484	1416.34645
5855.18592	1418.64140
5772.66599	1432.09811
5667.72464	1461.05215
5686.83127	1444.04064
6181.02485	1396.63587
5809.75588	1423.38257
5683.48162	1447.53094
5678.32783	1451.81188
5833.40066	1422.63642
5567.65758	1513.85112
5713.24720	1441.56063
5712.08722	1442.50104
6033.56741	1399.29403
5602.64165	1487.29366
5779.99029	1429.35288
5865.48780	1418.12182
6257.53082	1385.44725
5683.48162	1447.53094
5674.97818	1455.30218
5968.74638	1406.57623
5903.69672	1415.82687
6279.81254	1383.93798
6048.18427	1398.98549
6064.11147	1398.19980
5930.53745	1408.87118
6251.90550	1385.71335
5946.46466	1408.08549
5741.85280	1436.53073
6355.16407	1374.16776
6210.79043	1390.66556
6316.95515	1376.46271
6241.60362	1386.23293
5697.47036	1442.80958
5840.29994	1422.28833
5840.56906	1418.94994
5644.13258	1463.03856
5915.92060	1409.17972
5840.56906	1418.94994
5968.74638	1406.57623
5954.12952	1406.88477
6033.56741	1399.29403
	
NSGA-II_14:	72
6955.31995	1342.42805
5442.52309	1475.83076
6694.01790	1343.27395
6939.39274	1343.21374
6345.23669	1346.28646
6589.76563	1346.22625
6261.04937	1372.84392
6281.33210	1354.23973
5445.91950	1455.98162
5556.58652	1400.49995
5534.43701	1414.18779
5477.01604	1441.53094
5487.41327	1429.42416
6228.82663	1374.32987
6093.83126	1374.83651
5809.18467	1387.26714
5704.32251	1387.35390
5503.89295	1415.28202
5920.21473	1380.13861
5882.36854	1383.96680
5454.42294	1448.21037
5487.41327	1429.42416
5462.39918	1441.83948
5453.89574	1449.61072
5495.38951	1423.05326
5495.91671	1421.65292
6662.18689	1344.75990
6605.69284	1345.44056
5950.75879	1379.04438
6019.40844	1378.94326
5642.96526	1392.88075
5850.53753	1385.45275
5809.18467	1387.26714
5638.77953	1396.36506
5673.50932	1391.78652
5669.59272	1391.93243
5602.89780	1399.37064
5673.77845	1388.44813
6678.09070	1344.05964
6062.00025	1376.32246
6312.14528	1349.80710
6298.49630	1351.50478
6282.59249	1352.20504
6313.40568	1347.77242
6049.95250	1377.84903
5618.82500	1398.58495
6343.94974	1346.67818
6692.73095	1343.66567
6259.37069	1373.23564
6048.66555	1378.24075
5934.83158	1379.83007
6954.03300	1342.81977
5881.08159	1384.35852
5587.13058	1399.40572
5571.20338	1400.19141
6230.50530	1373.93815
6663.47384	1344.36818
6283.87944	1351.81332
5518.50981	1414.97348
6312.14528	1349.80710
5688.39531	1388.13958
5866.44134	1384.75249
6604.40588	1345.83228
6092.54431	1375.22823
6077.90406	1375.62220
6329.30949	1347.07215
6034.02530	1378.63471
6314.69263	1347.38070
6245.12216	1373.62961
5673.77845	1388.44813
6063.28720	1375.93074
5851.82448	1385.06103
	
NSGA-II_15:	68
6436.26548	1371.90732
5492.69329	1529.41752
5494.33158	1526.89816
5496.08970	1509.56838
5867.70948	1410.02411
5962.10323	1409.39526
5531.07378	1483.01092
5518.45104	1496.98283
6341.87174	1372.53617
5572.84444	1458.66973
5580.13742	1446.73251
5718.38969	1430.98296
6311.32768	1373.63040
6216.55021	1375.92535
6199.19919	1383.77322
6247.09428	1374.83112
6004.69919	1404.69052
6007.87286	1398.95396
6043.74669	1395.82504
6097.77448	1395.78996
5664.36190	1431.01804
6142.19486	1387.72291
6153.62869	1385.68822
5532.71207	1480.49156
5497.72800	1507.04902
5587.10548	1442.17846
5539.57722	1475.23968
5504.59314	1501.79714
5588.64085	1438.96127
5999.36942	1406.72520
6027.81949	1396.61073
6231.16707	1375.61681
6183.27199	1384.55891
5789.27034	1420.06044
5829.50056	1412.31907
5626.15298	1433.31299
6138.52415	1393.53009
5555.29507	1462.99937
6107.98009	1394.62432
5797.31821	1415.93266
5837.16542	1411.11834
5633.81783	1432.11227
5506.23143	1499.27778
5567.51467	1460.70442
5722.96286	1427.73021
6122.59695	1394.31578
5648.43469	1431.80373
5851.78228	1410.80980
5610.22577	1434.09868
5813.57336	1413.10476
5750.65184	1422.86763
5553.65678	1465.51873
5552.12140	1468.73592
5751.06142	1422.35540
5546.79163	1470.77061
5581.77571	1444.21315
5595.60891	1434.40722
5590.27915	1436.44191
5541.21551	1472.72032
5766.57904	1422.08194
5798.95650	1413.41330
5531.07378	1483.01092
5722.96286	1427.73021
5541.21551	1472.72032
5724.60115	1425.21085
5788.86076	1420.57267
6013.20263	1396.91928
6325.94454	1373.32186
	
NSGA-II_16:	63
7721.95923	1375.22495
5570.10304	1507.02297
6938.99079	1387.65135
7503.39967	1387.55023
6077.39179	1438.64908
5791.26863	1448.78735
5734.12174	1484.61111
5731.46876	1498.92698
5734.12174	1484.61111
5744.68676	1470.39461
5750.43916	1456.60927
7691.41517	1376.31918
6590.69829	1405.90547
6482.69362	1411.45886
5577.75374	1500.29529
7617.71012	1385.23509
6452.14955	1412.55309
6290.74403	1414.83649
6131.31475	1436.14960
6141.65839	1427.41802
6235.07903	1422.26249
6259.28948	1416.46900
6711.72509	1400.61235
6804.19762	1398.75573
6901.18945	1391.04054
6893.73752	1396.21608
5753.38793	1451.56041
6834.74168	1397.66150
6172.20245	1426.32379
6660.36640	1404.03286
6681.18103	1401.70659
7587.16606	1386.32932
7533.94373	1386.45600
6621.24235	1404.81124
6156.27525	1427.10948
6131.31475	1436.14960
6107.93586	1437.55485
6908.44673	1388.74558
6203.62448	1423.89500
6219.15183	1423.04818
5760.72457	1449.88158
6204.53497	1423.35672
6260.19997	1415.93072
7601.78292	1386.02078
6605.31515	1405.59693
6172.20245	1426.32379
6092.00865	1438.34054
6923.06359	1388.43704
6834.74168	1397.66150
5791.26863	1448.78735
6695.79788	1401.39804
6234.16854	1422.80076
7518.01653	1387.24169
7706.03203	1376.01064
6466.76641	1412.24455
6818.81448	1398.44719
7691.41517	1376.31918
5775.34142	1449.57304
6908.44673	1388.74558
6092.00865	1438.34054
6274.81683	1415.62218
7587.16606	1386.32932
6289.83354	1415.37477
	
NSGA-II_17:	56
6626.29059	1354.88658
5447.48935	1472.66132
6594.45957	1356.37254
6203.65431	1394.62130
6214.86518	1363.81767
6277.50938	1357.89910
5952.48413	1395.49268
5449.12682	1457.99296
5814.64123	1395.57943
5481.98229	1438.36150
5492.37953	1426.25472
5539.40327	1411.01835
5625.13514	1410.93160
5467.36544	1438.67004
5500.35577	1419.88383
5500.88297	1418.48348
5459.38920	1445.04094
5508.85921	1412.11258
5457.10306	1451.62207
5458.86200	1446.44128
5450.88576	1452.81218
5709.82933	1399.78730
5759.34870	1399.68618
5648.47209	1405.31415
6245.67836	1359.38505
6245.40924	1362.72344
5679.28527	1400.88153
5679.01615	1404.21992
5782.81022	1397.06539
5773.96555	1399.37764
5643.70697	1408.44777
5679.01615	1404.21992
5709.82933	1399.78730
5693.90213	1400.57299
5663.08894	1405.00561
5798.71403	1396.36512
6276.22243	1358.29082
5813.35428	1395.97115
6230.76899	1363.11741
6625.00363	1355.27830
6610.36338	1355.67227
6261.58217	1358.68479
5648.47209	1405.31415
6246.96532	1358.99333
5679.28527	1400.88153
6216.15213	1363.42595
6595.74652	1355.98081
5523.47606	1411.80404
5798.71403	1396.36512
5784.09717	1396.67366
5523.47606	1411.80404
5693.90213	1400.57299
6595.74652	1355.98081
6245.67836	1359.38505
6625.00363	1355.27830
6626.29059	1354.88658
	
NSGA-II_18:	72
6436.26548	1371.90732
5523.99199	1470.08339
5580.13742	1446.73251
5575.85890	1457.70742
6341.87174	1372.53617
6436.26548	1371.90732
5962.10323	1409.39526
5867.70948	1410.02411
6199.19919	1383.77322
6216.55021	1375.92535
6247.09428	1374.83112
6311.32768	1373.63040
5962.10323	1409.39526
5633.81783	1432.11227
5610.22577	1434.09868
6142.19486	1387.72291
6138.52415	1393.53009
6007.87286	1398.95396
6004.69919	1404.69052
5718.38969	1430.98296
5664.36190	1431.01804
6043.74669	1395.82504
6097.77448	1395.78996
5525.63028	1467.56403
5534.27740	1463.35570
5789.27034	1420.06044
5797.31821	1415.93266
5774.24390	1420.88121
5999.36942	1406.72520
5587.10548	1442.17846
5736.03498	1423.17617
5588.64085	1438.96127
6142.19486	1387.72291
5724.60115	1425.21085
6153.62869	1385.68822
5722.96286	1427.73021
5535.91569	1460.83634
5545.31483	1458.80165
5525.63028	1467.56403
5581.77571	1444.21315
5724.60115	1425.21085
5580.13742	1446.73251
5798.95650	1413.41330
5590.27915	1436.44191
5797.31821	1415.93266
5595.60891	1434.40722
5590.27915	1436.44191
6007.87286	1398.95396
6013.20263	1396.91928
6231.16707	1375.61681
6138.52415	1393.53009
5648.43469	1431.80373
6122.59695	1394.31578
5559.93169	1458.49311
5851.78228	1410.80980
5813.57336	1413.10476
6168.24555	1385.37968
5789.27034	1420.06044
5750.65184	1422.86763
5751.06142	1422.35540
6183.27199	1384.55891
6107.98009	1394.62432
5765.67828	1422.04686
6168.65513	1384.86745
5581.77571	1444.21315
5837.16542	1411.11834
5829.50056	1412.31907
5798.95650	1413.41330
5837.16542	1411.11834
6325.94454	1373.32186
5595.60891	1434.40722
6027.81949	1396.61073
	
NSGA-II_19:	52
6930.86847	1376.09534
5582.23565	1545.75395
5586.22654	1450.19683
5582.93707	1542.26964
6642.08726	1379.10785
6900.32441	1377.18957
6069.37979	1408.50381
6298.42270	1406.98473
6611.54320	1380.20209
6414.98557	1395.47595
6525.41837	1386.53385
5952.71089	1415.92981
6490.52949	1393.32727
6380.09669	1402.26937
6313.74098	1403.19188
5758.00065	1435.60035
5824.35636	1434.67783
6015.53572	1413.80590
6494.87431	1387.62808
5922.16683	1417.02404
5673.13702	1438.19229
5723.56553	1438.05547
5828.70118	1428.97865
5898.86683	1421.23190
5886.35089	1425.65760
5641.89154	1442.77083
5617.47202	1445.61829
6038.83572	1409.59804
6030.15258	1413.49736
5913.48369	1420.92336
5743.38379	1435.90889
6384.44151	1396.57018
5871.73404	1425.96614
5582.93707	1542.26964
6299.12413	1403.50042
5586.92796	1446.71252
5642.59296	1439.28652
5586.22654	1450.19683
5859.24524	1427.88442
5824.51545	1432.46296
6380.25578	1400.05449
5601.54482	1446.40398
6626.16006	1379.89354
5657.20982	1438.97798
6053.45258	1409.28950
6399.05837	1396.26164
6509.49117	1387.31954
5843.31804	1428.67011
5936.78369	1416.71549
6914.94127	1376.88103
5601.54482	1446.40398
5586.92796	1446.71252
	
NSGA-II_20:	78
7370.20430	1366.66380
5551.24125	1516.82155
7339.66024	1367.75803
6973.50190	1368.73585
5559.44860	1487.40229
6942.95784	1369.83008
6683.87479	1371.74836
5670.88918	1464.92567
5677.37567	1444.85815
6598.61855	1375.29623
6475.70006	1379.17436
6016.44879	1409.07795
6105.69417	1404.08665
5859.79846	1427.99901
6192.28334	1393.25077
6369.95613	1385.82477
6261.02137	1393.11395
6653.33073	1372.84260
6613.23541	1374.98769
5805.25762	1433.61181
5727.60429	1435.00154
5774.71356	1434.70604
5930.46043	1417.94882
5687.66108	1438.13046
5874.41532	1427.69046
6120.31103	1403.77811
6120.53368	1400.40196
5633.37925	1475.08255
6330.01293	1388.95369
5874.63796	1424.31432
6420.94577	1382.72222
6285.23160	1390.66031
5661.49004	1466.96036
5687.30032	1442.56320
5633.74001	1470.64982
6273.79777	1392.69500
6445.15600	1380.26859
6435.56263	1382.41368
5915.84357	1418.25736
6161.73928	1394.34500
6339.41207	1386.91900
5942.95594	1412.18341
5697.06022	1436.09577
5583.68725	1481.68291
5643.13915	1468.61513
5933.55680	1414.21810
5614.23131	1480.58868
5623.45460	1477.37751
5711.67708	1435.78723
5598.30411	1481.37437
5957.57279	1411.87487
6459.77286	1379.96005
6354.02893	1386.61046
6667.94759	1372.53405
5789.33042	1434.39750
5889.25482	1424.00578
7354.27710	1367.44949
6135.15053	1400.09342
5985.90472	1410.17218
5657.75601	1468.30659
5686.77481	1442.82346
6151.07774	1399.30773
5905.18202	1423.22009
5906.44443	1420.29205
6152.34014	1396.37969
5623.45460	1477.37751
5677.37567	1444.85815
5633.74001	1470.64982
5568.84775	1485.36760
5574.28811	1483.71760
5632.85374	1475.34282
6151.07774	1399.30773
5973.50000	1411.08918
6315.77566	1389.56608
6000.52158	1409.86364
6176.35614	1394.03646
6299.84846	1390.35177
6957.57470	1369.52154
	
NSGA-II_21:	66
6885.98698	1375.36655
5577.03253	1490.93113
6855.44291	1376.46078
6653.77431	1378.37906
6506.76389	1391.18214
5643.99397	1463.62691
6380.84450	1393.82611
5650.56410	1452.70731
6364.91730	1394.61180
5583.84680	1478.80459
5578.67082	1488.41177
5971.13304	1424.32915
6545.11389	1382.96359
6187.49430	1408.88210
6096.30588	1409.59966
5879.94462	1425.04671
6537.30795	1390.08791
6239.86765	1403.86244
6245.90091	1396.00613
6276.44497	1394.91189
6597.20577	1378.37906
5809.55335	1430.95525
5769.51183	1433.98881
6559.73074	1382.65505
6566.66170	1379.47329
6009.65091	1419.30105
6025.91461	1415.50820
5690.41132	1447.89300
5694.93482	1443.38166
5974.92112	1423.87959
5700.75884	1437.37799
5841.73570	1427.34166
6060.08371	1410.35895
5979.10685	1420.39528
5696.57311	1440.86230
5588.03253	1475.32028
5864.01742	1425.83240
6221.62320	1407.37283
6521.38075	1390.87359
5666.81925	1449.87941
5993.72371	1420.08674
6581.27856	1379.16475
5753.58462	1434.77450
5849.40056	1426.14094
5738.96776	1435.08304
5715.37570	1437.06945
5589.67082	1472.80092
5616.78551	1466.07324
5599.59547	1470.50597
5606.86086	1468.36819
6237.55040	1406.58714
6207.00634	1407.68137
5585.48509	1476.28523
5652.20239	1450.18795
5811.19164	1428.43589
5699.12055	1439.89735
6027.55290	1412.98884
5624.08409	1464.06474
6276.44497	1394.91189
5682.74646	1449.09372
6260.51777	1395.69758
6044.15651	1411.14464
6870.05977	1376.15223
5825.80850	1428.12735
6029.53965	1411.45318
5638.70095	1463.75619
	
NSGA-II_22:	67
6634.01790	1373.27395
5523.78077	1536.39341
6602.18689	1374.75990
6285.23669	1376.28646
6122.29987	1413.19523
5930.49442	1422.15486
5800.24158	1452.19725
5810.92217	1430.07241
5634.16926	1463.74539
6222.59249	1382.20504
6211.04937	1402.84392
5523.78077	1536.39341
5527.17718	1516.54427
5743.23808	1458.04119
5591.01367	1472.40587
5603.62520	1464.83962
5549.51990	1498.96333
5527.17718	1516.54427
5577.17439	1482.21557
5568.67095	1489.98681
5535.68062	1508.77303
5541.01647	1506.73457
5582.51024	1480.17711
5562.13143	1491.39708
6253.13656	1381.11081
6138.98712	1412.49497
6178.55751	1407.66827
5841.73536	1425.63979
5898.66341	1423.64081
5872.27942	1424.54556
6148.01345	1408.76250
6253.40568	1377.77242
5769.42840	1456.62987
5774.05126	1453.60857
6178.82663	1404.32987
5841.46623	1428.97818
5634.16926	1463.74539
5825.53903	1429.76387
5929.20747	1422.54658
5618.24206	1464.53108
6209.37069	1403.23564
5856.35221	1425.33125
5872.27942	1424.54556
6603.47384	1374.36818
6254.69263	1377.38070
5541.01647	1506.73457
5757.85494	1457.73265
5769.42840	1456.62987
6238.49630	1381.50478
6269.30949	1377.07215
6283.94974	1376.67818
6618.09070	1374.05964
6149.69212	1408.37078
6124.37027	1412.80351
6223.87944	1381.81332
6195.12216	1403.62961
6164.30898	1408.06224
5914.56722	1422.94055
5825.53903	1429.76387
6269.30949	1377.07215
5788.66812	1453.30003
5899.95036	1423.24909
6180.50530	1403.93815
5562.13143	1491.39708
6632.73095	1373.66567
5788.66812	1453.30003
6180.50530	1403.93815
	
NSGA-II_23:	71
7204.73520	1344.75240
5468.72417	1466.43607
7174.19114	1345.84663
6874.23838	1347.76491
5515.99636	1450.78806
5543.27593	1433.81101
6193.39978	1381.18225
5729.00829	1410.90990
5825.62305	1406.40660
6044.21578	1381.76136
5660.24772	1421.10953
5951.07657	1391.68147
5948.82136	1400.29173
6739.44520	1358.86928
5676.50287	1418.28163
5698.46423	1412.00413
6522.49511	1366.43600
5857.80540	1402.79301
6646.97267	1360.72591
6229.90817	1379.68930
6328.90312	1379.68930
6793.86223	1352.34944
5933.98163	1401.69161
5988.55078	1389.18736
6006.74157	1384.25547
5473.39113	1458.04870
5470.36246	1463.91671
5562.19797	1427.45802
5592.74203	1426.36379
6422.93869	1370.37169
6375.36639	1372.76776
6453.48275	1369.27746
6344.82233	1373.86199
6769.98927	1357.77505
6843.69432	1348.85914
6337.38343	1378.35298
5972.62357	1389.97304
6579.26599	1365.08343
5661.88602	1418.59017
5827.26134	1403.88724
5501.37950	1451.09660
5475.02942	1455.52934
6824.40629	1351.25521
6616.42861	1361.82014
6537.11197	1366.12745
6213.98097	1380.47499
6359.43918	1373.55345
5841.87820	1403.57870
5713.08108	1411.69559
6858.31117	1348.55060
7188.80800	1345.53809
6631.04547	1361.51160
5952.04238	1390.68030
6007.70738	1383.25431
5560.55967	1429.97738
5544.91422	1431.29166
5499.74121	1453.61596
5940.93677	1400.69045
5489.64628	1455.22080
6600.61147	1362.94569
6028.28857	1382.54705
6199.36411	1380.78353
6553.03917	1365.34176
5988.55078	1389.18736
6808.47908	1352.04090
6874.23838	1347.76491
6595.19320	1364.29775
6437.55555	1370.06315
6646.97267	1360.72591
6754.06206	1358.56074
6422.93869	1370.37169
	
NSGA-II_24:	66
6694.01790	1343.27395
5442.52309	1475.83076
6345.23669	1346.28646
6662.18689	1344.75990
6261.04937	1372.84392
6281.33210	1354.23973
5445.91950	1455.98162
6104.62572	1375.82704
6228.82663	1374.32987
5477.01604	1441.53094
5487.41327	1429.42416
6055.62095	1378.95762
5950.75879	1379.04438
5809.18467	1387.26714
5704.32251	1387.35390
5453.89574	1449.61072
5454.42294	1448.21037
5495.38951	1423.05326
5882.36854	1383.96680
5920.21473	1380.13861
5487.41327	1429.42416
5462.39918	1441.83948
5495.91671	1421.65292
5503.89295	1415.28202
5534.43701	1414.18779
5543.28051	1408.90553
5850.53753	1385.45275
5642.96526	1392.88075
5673.50932	1391.78652
5551.25675	1402.53464
5548.61028	1406.87085
5673.77845	1388.44813
5556.58652	1400.49995
5638.77953	1396.36506
6329.30949	1347.07215
6298.49630	1351.50478
5618.82500	1398.58495
6313.40568	1347.77242
5657.58212	1392.57221
5934.83158	1379.83007
5518.50981	1414.97348
5688.39531	1388.13958
5881.08159	1384.35852
6259.37069	1373.23564
6343.94974	1346.67818
6103.33877	1376.21876
5571.20338	1400.19141
5602.89780	1399.37064
5587.13058	1399.40572
6230.50530	1373.93815
6663.47384	1344.36818
6283.87944	1351.81332
5851.82448	1385.06103
6312.14528	1349.80710
6282.59249	1352.20504
5866.44134	1384.75249
6678.09070	1344.05964
6088.69851	1376.61273
6692.73095	1343.66567
6245.12216	1373.62961
6074.08165	1376.92127
5657.58212	1392.57221
5518.50981	1414.97348
6314.69263	1347.38070
6072.79470	1377.31299
6312.14528	1349.80710
	
NSGA-II_25:	39
6603.59242	1390.62041
5734.35401	1624.20996
6217.17472	1423.02888
6186.63066	1424.12311
6008.99999	1430.45487
6395.41769	1398.04641
6573.04836	1391.71464
6364.87363	1399.14064
5775.77390	1553.44262
5778.79093	1526.84883
5926.48005	1443.91158
5978.45593	1431.54910
5737.25569	1602.00645
5781.69262	1504.64532
5740.65210	1582.15731
5785.08903	1484.79618
5881.94725	1449.72717
5879.04557	1471.93068
5763.11610	1569.42987
5881.59770	1466.61811
5829.62183	1478.98059
5749.12736	1574.15123
6201.24752	1423.81456
6379.49048	1398.83210
5993.07278	1431.24056
6008.99999	1430.45487
5910.55285	1444.69727
5799.07777	1480.07482
5763.11610	1569.42987
5785.08903	1484.79618
5895.93599	1445.00581
6587.66521	1391.40610
5813.69462	1479.76628
5799.07777	1480.07482
5910.55285	1444.69727
5813.69462	1479.76628
6379.49048	1398.83210
5993.07278	1431.24056
5895.93599	1445.00581
	
NSGA-II_26:	69
6302.35346	1362.77703
5582.42460	1526.45317
6233.60048	1366.16621
5585.82102	1506.60403
6167.72451	1372.54725
5661.79929	1453.65724
5677.37567	1444.85815
5641.85087	1463.07896
5742.02453	1413.73603
5696.78337	1427.09978
5688.27993	1434.87103
5687.30032	1442.56320
6068.15834	1380.36906
5613.33945	1486.08920
5649.82711	1456.70806
5845.53335	1406.93760
6286.42626	1363.56272
5687.66108	1438.13046
6098.70241	1379.27483
5614.84304	1483.26552
5816.10729	1408.31216
6264.14454	1365.07198
5727.32743	1426.00555
6023.79408	1386.69476
6129.51559	1374.84220
5641.32367	1464.47931
5747.35430	1411.70135
5856.96718	1404.90291
5876.34654	1402.50498
6098.97153	1375.93643
6031.45894	1385.49403
5925.98929	1398.17534
6271.80940	1363.87126
6137.18045	1373.64148
5606.86680	1489.63642
5673.83061	1450.01444
5734.99229	1424.80483
5738.85087	1419.47259
5632.74714	1468.33084
5606.33960	1491.03676
5597.76306	1494.88830
5785.56322	1409.40639
5761.97116	1411.39280
5993.25002	1387.78899
6062.00300	1384.39980
5629.30853	1472.27533
5589.25963	1502.65954
5594.32445	1498.83279
5624.24370	1476.10208
5624.24370	1476.10208
5620.80509	1480.04657
5856.96718	1404.90291
5887.78037	1400.47029
5971.50844	1394.20265
5711.40022	1426.79124
5940.60615	1397.86679
6082.77520	1380.06051
6046.07580	1385.18549
5956.53335	1397.08111
5918.32443	1399.37606
5902.39722	1400.16175
6151.79731	1373.33294
5800.18008	1409.09785
6007.86687	1387.48045
6113.58839	1375.62789
6248.21734	1365.85767
6233.60048	1366.16621
5940.60615	1397.86679
5956.89158	1394.51119
	
NSGA-II_27:	24
6543.61817	1412.99139
5638.87296	1510.30577
6003.20522	1420.67597
6513.07411	1414.08562
5848.70636	1431.12134
5683.76315	1463.89917
5681.31688	1481.59115
5722.81065	1455.03369
5809.65886	1439.98681
5988.58836	1420.98451
5640.51043	1495.63741
5809.65886	1439.98681
5642.26938	1490.45663
5650.77281	1482.68538
5692.26658	1456.12793
5818.16230	1432.21557
5640.51043	1495.63741
5832.77916	1431.90703
5665.38967	1482.37684
5681.31688	1481.59115
5650.77281	1482.68538
6527.69096	1413.77708
5722.81065	1455.03369
5706.88344	1455.81938
	
NSGA-II_28:	66
6107.42220	1403.51342
5558.50896	1485.99598
5856.43360	1406.93559
6044.43500	1406.83447
5598.36238	1449.09730
5597.17451	1456.55269
5559.69683	1478.54059
5606.66458	1447.35632
5606.86582	1441.32606
5691.25381	1425.72322
5691.05258	1431.75348
6074.97906	1405.74024
5576.57174	1465.72048
5571.99342	1470.02130
5756.86744	1414.75740
5570.62614	1474.37320
6092.80534	1403.82196
5783.49489	1413.80908
5648.33918	1436.06444
5818.22468	1409.23055
5594.05528	1456.84533
5593.35386	1460.32964
5732.72718	1420.46160
5716.79997	1421.24729
5802.29748	1410.01624
5856.43360	1406.93559
6073.69211	1406.13196
5840.50640	1407.72128
5691.25381	1425.72322
5615.16802	1439.58508
5699.55601	1423.98224
5682.75037	1433.49446
5670.62090	1434.55518
5617.79512	1437.15867
5587.50104	1461.55310
5567.99904	1476.79961
5702.18311	1421.55583
5785.05352	1412.75118
5787.68062	1410.32478
5584.10134	1465.58856
5632.41198	1436.85013
5754.24033	1417.18381
5584.87394	1463.97951
6059.05186	1406.52593
5840.50640	1407.72128
5656.00404	1434.86372
5802.29748	1410.01624
5787.68062	1410.32478
5702.18311	1421.55583
5617.79512	1437.15867
5771.48429	1414.44886
6044.43500	1406.83447
5740.39203	1419.26088
5656.00404	1434.86372
5825.88954	1408.02982
5593.35386	1460.32964
5752.68171	1418.24171
5606.86582	1441.32606
5745.93813	1418.92478
5563.48999	1477.79254
5691.05258	1431.75348
5605.67794	1448.78145
5690.06593	1433.17861
5682.75037	1433.49446
5598.36238	1449.09730
5745.93813	1418.92478
	
NSGA-II_29:	31
6807.66247	1408.77813
5894.82981	1681.64850
6410.96008	1410.85019
6777.11841	1409.87236
5901.81514	1575.14725
5899.65394	1669.11900
6380.41602	1411.94442
6202.78535	1418.27618
5943.32439	1526.58343
5944.96268	1524.06407
5969.00531	1487.79627
5911.92869	1564.62181
6172.24129	1419.37042
6160.17646	1444.66558
5970.64360	1485.27691
6048.70137	1480.04313
6075.38306	1454.43943
6105.92712	1453.34520
6145.55960	1444.97412
6071.98665	1474.28857
5896.46810	1679.12915
5898.01565	1671.63836
5903.45343	1572.62789
5910.29040	1567.14117
6395.03288	1411.63588
6063.31823	1479.73459
6186.85814	1419.06187
6089.99992	1454.13088
6791.73527	1409.56382
6172.24129	1419.37042
6791.73527	1409.56382
	
NSGA-II_30:	84
6793.86272	1350.73757
5530.42225	1590.44652
5563.06112	1493.08540
5561.24857	1542.37973
6444.23561	1353.75008
6655.45767	1353.04429
5627.77818	1429.54921
5621.64869	1451.17199
5549.58916	1571.05573
5550.98698	1549.72355
6777.93552	1351.52326
6687.28869	1351.55834
6428.30840	1354.53577
6356.79186	1354.57085
5741.63531	1413.13459
5752.14017	1398.55902
6162.68070	1373.78880
6265.06303	1367.76565
5927.40852	1385.75637
5855.89198	1385.79145
5611.38710	1458.51581
5601.29158	1469.88369
5999.47397	1384.63005
6107.36905	1375.68795
5943.33573	1384.97068
5587.93957	1485.43304
5591.02998	1477.22750
5549.15910	1575.09663
5570.00575	1488.65266
6224.03795	1368.26195
5696.20527	1417.87576
6288.50366	1363.27946
6319.31684	1358.84684
5801.75585	1388.87209
6177.29756	1373.48026
6091.44185	1376.47364
6340.86466	1355.35654
6060.62866	1380.90626
6671.36148	1352.34403
6208.11074	1369.04764
5717.56853	1415.42955
5727.01846	1413.44314
5770.94267	1393.30471
6037.56516	1383.17066
6046.01181	1381.21480
5787.13900	1389.18063
5702.95167	1415.73809
6076.82499	1376.78218
6193.49388	1369.35618
5817.68306	1388.08640
5541.00623	1578.00782
6193.22476	1372.69457
5839.96478	1386.57714
5634.74624	1424.99517
6273.88680	1363.58801
6304.69998	1359.15538
5534.16927	1583.49454
5825.34792	1386.88568
5597.97461	1472.79477
5559.56990	1542.77145
5571.64404	1486.13330
6007.02110	1384.26489
5646.74128	1422.30850
5554.69566	1546.81247
5532.06054	1587.92716
6324.96085	1356.05680
6294.14766	1360.48942
5677.55447	1417.87587
5672.13849	1420.17071
5539.00517	1583.49443
5540.53580	1579.92109
5620.01040	1453.69135
5613.02539	1455.99645
5854.60503	1386.18317
6076.55587	1380.12057
5784.21375	1392.09171
6326.24780	1355.66508
6656.74462	1352.65257
6022.92491	1383.56462
5594.73867	1474.31642
5552.62527	1547.20419
5665.55943	1420.56255
6295.43461	1360.09770
5675.48408	1418.26759
	
Math-AUGMECON-II_1:	11
6567.33607	1332.42805
6217.70896	1335.44056
6201.78176	1336.22625
6187.16490	1336.53479
6170.96857	1340.65887
5977.74668	1361.10369
5426.58931	1424.82865
5418.61307	1431.19955
5415.21666	1451.04869
5414.46663	1527.95839
5411.07022	1547.80753
	
Math-AUGMECON-II_2:	19
6217.70896	1335.44056
6156.35171	1340.96741
6128.11279	1351.38403
6112.18558	1352.16972
6097.56872	1352.47826
6081.37240	1356.60234
6066.75554	1356.91088
6045.81950	1360.67626
5977.74668	1361.10369
5961.81948	1361.88937
5947.20262	1362.19792
5840.96634	1362.29904
5810.42228	1363.39327
5460.10684	1404.64209
5435.09275	1417.05741
5426.58931	1424.82865
5418.61307	1431.19955
5416.85413	1436.38033
5415.21666	1451.04869
	
Math-AUGMECON-II_3:	22
6567.33607	1332.42805
6217.70896	1335.44056
6201.78176	1336.22625
6187.16490	1336.53479
6170.96857	1340.65887
6156.35171	1340.96741
6097.56872	1352.47826
6066.75554	1356.91088
6045.81949	1360.67626
5977.74668	1361.10369
5840.96634	1362.29904
5825.03914	1363.08473
5593.28386	1384.69052
5476.58652	1390.49995
5468.08308	1398.27119
5460.10684	1404.64209
5435.09275	1417.05741
5427.11651	1423.42830
5426.58931	1424.82865
5418.61307	1431.19955
5416.85413	1436.38033
5415.21666	1451.04869
	
Math-AUGMECON-II_4:	15
6567.33607	1332.42805
6217.70896	1335.44056
6201.78176	1336.22625
6187.16490	1336.53479
6170.96857	1340.65887
6128.11279	1351.38403
6112.18558	1352.16972
6097.56872	1352.47826
6081.37240	1356.60234
5961.81948	1361.88937
5947.20262	1362.19792
5840.96634	1362.29904
5418.61307	1431.19955
5416.85413	1436.38033
5415.21666	1451.04869
	
Math-AUGMECON-II_5:	8
6567.33607	1332.42805
5977.74668	1361.10369
5840.96634	1362.29904
5825.03914	1363.08473
5810.42228	1363.39327
5802.75742	1364.59399
5670.54028	1373.53009
5415.21666	1451.04869
	
Math-AUGMECON-II_6:	11
6567.33607	1332.42805
6217.70896	1335.44056
6097.56872	1352.47826
5460.10684	1404.64209
5449.70961	1416.74887
5435.09275	1417.05741
5427.11651	1423.42830
5418.61307	1431.19955
5416.85413	1436.38033
5415.21666	1451.04869
5411.07022	1547.80753
	
Math-AUGMECON-II_7:	18
6567.33607	1332.42805
6536.79201	1333.52228
6217.70896	1335.44056
6128.11279	1351.38403
6097.56872	1352.47826
6081.37240	1356.60234
6066.75554	1356.91088
6045.81949	1360.67626
5840.96634	1362.29904
5810.42228	1363.39327
5786.83022	1365.37968
5772.21336	1365.68822
5435.09275	1417.05741
5426.58931	1424.82865
5424.83037	1430.00944
5416.85413	1436.38033
5415.21666	1451.04869
5414.46663	1527.95839
	
Math-AUGMECON-II_8:	18
6217.70896	1335.44056
6201.78176	1336.22625
6187.16490	1336.53479
6170.96857	1340.65887
6156.35171	1340.96741
6128.11279	1351.38403
6097.56872	1352.47826
6045.81949	1360.67626
5977.74668	1361.10369
5947.20262	1362.19792
5840.96634	1362.29904
5460.10684	1404.64209
5449.70961	1416.74887
5435.09275	1417.05741
5426.58931	1424.82865
5418.61307	1431.19955
5416.85413	1436.38033
5415.21666	1451.04869
	
Math-AUGMECON-II_9:	13
6217.70896	1335.44056
6201.78176	1336.22625
6187.16490	1336.53479
5977.74668	1361.10369
5961.81948	1361.88937
5947.20262	1362.19792
5840.96634	1362.29904
5435.09275	1417.05741
5424.83036	1430.00944
5418.61307	1431.19955
5416.85413	1436.38033
5415.21666	1451.04869
5414.46663	1527.95839
	
Math-AUGMECON-II_10:	18
6567.33607	1332.42805
6217.70896	1335.44056
6112.18558	1352.16972
6097.56872	1352.47826
6081.37240	1356.60234
6066.75554	1356.91088
6045.81949	1360.67626
5977.74668	1361.10369
5601.78730	1376.91928
5593.28386	1384.69052
5476.58652	1390.49995
5468.61028	1396.87085
5468.08308	1398.27119
5460.10684	1404.64209
5427.11651	1423.42830
5416.85413	1436.38033
5415.21666	1451.04869
5414.46663	1527.95839
	
Math-AUGMECON-II_11:	23
6567.33607	1332.42805
6217.70896	1335.44056
6201.78176	1336.22625
6187.16490	1336.53479
6170.96857	1340.65887
6156.35171	1340.96741
6128.11279	1351.38403
6112.18558	1352.16972
5977.74668	1361.10369
5961.81948	1361.88937
5947.20262	1362.19792
5840.96634	1362.29904
5825.03914	1363.08473
5810.42228	1363.39327
5756.01703	1369.81230
5741.40017	1370.12084
5670.54028	1373.53009
5424.83037	1430.00944
5418.61307	1431.19955
5416.85413	1436.38033
5415.21666	1451.04869
5414.46663	1527.95839
5411.07022	1547.80750
	
Math-AUGMECON-II_12:	20
6567.33607	1332.42805
6551.40887	1333.21374
6536.79201	1333.52228
6217.70896	1335.44056
6201.78176	1336.22625
6187.16490	1336.53479
6185.87795	1336.92651
6170.96857	1340.65887
5977.74668	1361.10369
5961.81948	1361.88937
5947.20262	1362.19792
5840.96634	1362.29904
5756.01703	1369.81230
5741.40017	1370.12084
5435.09275	1417.05741
5426.58931	1424.82865
5424.83036	1430.00944
5418.61307	1431.19955
5416.85413	1436.38033
5415.21666	1451.04869
	
Math-AUGMECON-II_13:	16
6217.70896	1335.44056
6201.78176	1336.22625
6187.16490	1336.53479
6170.96857	1340.65887
6156.35171	1340.96741
6045.81949	1360.67626
5977.74668	1361.10369
5961.81948	1361.88937
5947.20262	1362.19792
5840.96634	1362.29904
5435.09275	1417.05741
5426.58931	1424.82865
5418.61307	1431.19955
5416.85413	1436.38033
5415.21666	1451.04869
5414.46663	1527.95839
	
Math-AUGMECON-II_14:	16
6567.33607	1332.42805
6217.70896	1335.44056
6081.37240	1356.60234
6066.75554	1356.91088
6045.81949	1360.67626
5977.74668	1361.10369
5947.20262	1362.19792
5601.78730	1376.91928
5593.28386	1384.69052
5476.58652	1390.49995
5468.08308	1398.27119
5460.10684	1404.64209
5435.09275	1417.05741
5426.58931	1424.82865
5416.85413	1436.38033
5415.21666	1451.04869
	
Math-AUGMECON-II_15:	22
6217.70896	1335.44056
6216.42201	1335.83228
6187.16490	1336.53479
6170.96857	1340.65887
6128.11279	1351.38403
6112.18558	1352.16972
6097.56872	1352.47826
5977.74668	1361.10369
5961.81948	1361.88937
5840.96634	1362.29904
5825.03914	1363.08473
5810.42228	1363.39327
5786.83022	1365.37968
5756.01703	1369.81230
5741.40020	1370.12084
5670.54028	1373.53009
5426.58931	1424.82865
5424.83037	1430.00944
5418.61307	1431.19955
5416.85413	1436.38033
5415.21666	1451.04869
5414.46663	1527.95839
	
Math-AUGMECON-II_16:	9
6567.33607	1332.42805
6217.70896	1335.44056
5460.10684	1404.64209
5435.09275	1417.05741
5427.11651	1423.42830
5426.58931	1424.82865
5418.61307	1431.19955
5416.85413	1436.38033
5415.21666	1451.04869
	
Math-AUGMECON-II_17:	15
6567.33607	1332.42805
6217.70896	1335.44056
6201.78176	1336.22625
5947.20262	1362.19792
5810.42241	1363.39325
5786.83022	1365.37968
5772.21336	1365.68822
5756.01703	1369.81230
5670.54028	1373.53009
5468.08308	1398.27119
5460.10684	1404.64209
5435.09275	1417.05741
5426.58931	1424.82865
5416.85413	1436.38033
5415.21666	1451.04869
	
Math-AUGMECON-II_18:	21
6217.70896	1335.44056
6216.42201	1335.83228
6187.16490	1336.53479
6170.96857	1340.65887
6156.35171	1340.96741
6128.11279	1351.38403
6112.18558	1352.16972
6097.56872	1352.47826
5977.74668	1361.10369
5961.81948	1361.88937
5840.96634	1362.29904
5825.03914	1363.08473
5810.42228	1363.39327
5786.83022	1365.37968
5460.10684	1404.64209
5435.09275	1417.05741
5426.58931	1424.82865
5424.83037	1430.00944
5418.61307	1431.19955
5416.85413	1436.38033
5415.21666	1451.04869
	
Math-AUGMECON-II_19:	12
6567.33607	1332.42805
6217.70896	1335.44056
6066.75554	1356.91088
6045.81949	1360.67626
5977.74668	1361.10369
5947.20262	1362.19792
5840.96634	1362.29904
5435.09275	1417.05741
5426.58931	1424.82865
5418.61307	1431.19955
5416.85413	1436.38033
5414.46663	1527.95839
	
Math-AUGMECON-II_20:	18
6567.33607	1332.42805
6217.70896	1335.44056
6187.16490	1336.53479
6170.96857	1340.65887
6156.35171	1340.96741
6128.11279	1351.38403
6112.18558	1352.16972
6097.56872	1352.47826
5977.74668	1361.10369
5961.81948	1361.88937
5947.20262	1362.19792
5460.10684	1404.64209
5435.09275	1417.05741
5427.11651	1423.42830
5426.58931	1424.82865
5418.61307	1431.19955
5416.85413	1436.38033
5415.21666	1451.04869
	
Math-AUGMECON-II_21:	17
6567.33607	1332.42805
6566.04912	1332.81977
6551.40887	1333.21374
6536.79201	1333.52228
6217.70896	1335.44056
6201.78194	1336.22624
6187.16490	1336.53479
6081.37240	1356.60234
6045.81949	1360.67626
5977.74668	1361.10369
5961.81948	1361.88937
5427.11651	1423.42830
5426.58931	1424.82865
5424.83037	1430.00944
5418.61307	1431.19955
5416.85413	1436.38033
5415.21666	1451.04869
	
Math-AUGMECON-II_22:	14
6567.33607	1332.42805
6217.70896	1335.44056
6201.78176	1336.22625
6187.16490	1336.53479
6170.96857	1340.65887
6156.35171	1340.96741
6128.11279	1351.38403
6112.18558	1352.16972
5840.96634	1362.29904
5427.11651	1423.42830
5426.58931	1424.82865
5424.83037	1430.00944
5415.21666	1451.04869
5414.46663	1527.95839
	
Math-AUGMECON-II_23:	17
6567.33607	1332.42805
6551.40887	1333.21374
6536.79201	1333.52228
6217.70896	1335.44056
6201.78176	1336.22625
6187.16490	1336.53479
5601.78730	1376.91928
5593.28386	1384.69052
5507.13058	1389.40572
5476.58652	1390.49995
5468.08308	1398.27119
5460.10684	1404.64209
5435.09275	1417.05741
5426.58931	1424.82865
5418.61307	1431.19955
5416.85413	1436.38033
5415.21666	1451.04869
	
Math-AUGMECON-II_24:	16
6567.33607	1332.42805
6217.70896	1335.44056
6097.56872	1352.47826
6081.37240	1356.60234
6066.75554	1356.91088
6045.81949	1360.67626
5947.20262	1362.19792
5840.96634	1362.29904
5593.28386	1384.69052
5476.58652	1390.49995
5468.08308	1398.27119
5460.10684	1404.64209
5435.09275	1417.05741
5426.58931	1424.82865
5416.85413	1436.38033
5415.21666	1451.04869
	
Math-AUGMECON-II_25:	10
6567.33607	1332.42805
6217.70896	1335.44056
6216.42201	1335.83228
6187.16490	1336.53479
6185.87795	1336.92651
5977.74668	1361.10369
5840.96634	1362.29904
5416.85413	1436.38033
5415.21666	1451.04869
5411.07022	1547.80753
	
Math-AUGMECON-II_26:	19
6217.70896	1335.44056
6156.35171	1340.96741
6128.11279	1351.38403
6112.18558	1352.16972
6097.56872	1352.47826
6081.37240	1356.60234
6066.75554	1356.91088
6045.81949	1360.67626
5977.74668	1361.10369
5961.81948	1361.88937
5947.20262	1362.19792
5840.96634	1362.29904
5460.10684	1404.64209
5435.09275	1417.05741
5427.11651	1423.42830
5426.58931	1424.82865
5418.61307	1431.19955
5416.85413	1436.38033
5415.21666	1451.04869
	
Math-AUGMECON-II_27:	9
6536.79201	1333.52228
6217.70896	1335.44056
5977.74668	1361.10369
5840.96634	1362.29904
5825.03914	1363.08473
5810.42228	1363.39327
5802.75742	1364.59399
5670.54028	1373.53009
5415.21666	1451.04869
	
Math-AUGMECON-II_28:	16
6097.56872	1352.47826
6081.37240	1356.60234
6066.75554	1356.91088
6045.81949	1360.67626
5977.74668	1361.10369
5840.96634	1362.29904
5825.03914	1363.08473
5810.42228	1363.39327
5786.83022	1365.37968
5772.21336	1365.68822
5756.01703	1369.81230
5741.40017	1370.12084
5670.54028	1373.53009
5418.61307	1431.19955
5416.85413	1436.38033
5415.21666	1451.04869
	
Math-AUGMECON-II_29:	12
6567.33607	1332.42805
6217.70896	1335.44056
6201.78176	1336.22625
6185.87795	1336.92651
6170.96857	1340.65887
6156.35171	1340.96741
6128.11279	1351.38403
6097.56872	1352.47826
6081.37240	1356.60234
6066.75554	1356.91088
5415.21666	1451.04869
5411.07022	1547.80753
	
Math-AUGMECON-II_30:	24
6567.33607	1332.42805
6217.70896	1335.44056
6201.78176	1336.22625
6187.16490	1336.53479
6170.96857	1340.65887
6156.35171	1340.96741
6097.56872	1352.47826
6081.37240	1356.60234
6066.75554	1356.91088
6045.81949	1360.67626
5977.74668	1361.10369
5840.96634	1362.29904
5825.03914	1363.08473
5810.42228	1363.39327
5786.83022	1365.37968
5593.28386	1384.69052
5476.58652	1390.49995
5468.08308	1398.27119
5460.10684	1404.64209
5435.09275	1417.05741
5426.58931	1424.82865
5415.21666	1451.04869
5414.46663	1527.95839
5411.07022	1547.80753
