Numfront:	
61	
	
AUGMECON-II:	17
6572.45458	1674.34157
6584.66303	1636.57033
6615.12405	1622.62584
6622.45116	1618.23391
6716.50983	1610.19050
6743.63922	1594.55066
6774.10025	1580.60617
6802.44809	1554.16909
6849.38568	1542.57840
6886.15958	1534.94596
6886.15958	1524.26705
6886.15958	1513.58814
6886.15958	1502.90923
6886.15958	1492.23032
6886.15958	1481.55141
6886.15958	1470.87250
6886.15958	1460.19359
	
NSGA-II_1:	58
7839.53770	1486.11129
6851.08040	1687.75760
7758.21995	1512.49084
7458.27930	1518.15827
7341.71538	1539.81765
7181.80370	1556.68363
7290.48193	1554.20944
7784.50182	1507.73406
7424.19647	1523.27823
7790.80698	1491.67855
6962.29503	1640.00106
7092.77970	1597.51251
7093.95282	1583.96662
6869.73803	1673.81311
6862.51137	1685.39692
7040.03924	1616.57696
6900.84165	1644.81081
7111.13530	1575.74808
7130.53839	1570.02214
6915.48953	1644.36351
7292.98466	1545.38491
7167.15582	1557.13093
7805.45486	1491.23125
7824.88982	1486.55859
7147.72086	1561.80359
7327.06750	1540.26495
6879.64943	1666.52654
6882.18403	1658.75530
7058.69686	1602.63247
7056.16226	1610.40371
7027.59323	1631.63477
6898.30705	1652.58205
7037.50464	1624.34820
7096.48742	1576.19538
7133.07299	1562.25089
6993.61192	1637.77230
7772.86783	1512.04354
7424.19647	1523.27823
7458.27930	1518.15827
7784.50182	1507.73406
6896.83190	1658.30800
7054.68711	1616.12965
7083.89825	1600.44419
7307.63254	1544.93761
7073.34474	1602.18517
6915.48953	1644.36351
6978.96404	1638.21960
6976.94291	1639.55375
7839.53770	1486.11129
7341.71538	1539.81765
7307.63254	1544.93761
7292.98466	1545.38491
7167.15582	1557.13093
7790.80698	1491.67855
7824.88982	1486.55859
7327.06750	1540.26495
7181.80370	1556.68363
7805.45486	1491.23125
	
NSGA-II_2:	45
7666.53373	1491.59492
6585.01655	1670.52886
7255.75861	1502.26532
7619.69325	1501.89043
6597.22500	1632.75762
6596.44752	1668.16818
6803.68778	1554.01041
6796.63214	1579.54554
6933.00780	1528.89045
6627.68602	1618.81313
7037.04015	1526.90255
6775.33994	1580.44749
7127.10036	1525.61620
6744.87891	1594.39198
6743.26585	1608.68121
6748.24317	1593.49003
6713.38602	1610.39694
6674.53424	1612.75762
6666.53781	1616.45245
6898.92496	1534.01041
6931.55643	1531.24424
6852.07675	1540.06592
7136.29706	1523.19994
7183.14527	1517.14442
7204.30718	1513.44080
6803.68778	1554.01041
6837.77061	1548.89045
7632.45089	1496.71489
7221.67578	1507.38528
7170.37989	1518.07998
6850.53600	1547.95489
6850.62538	1542.41972
6884.70821	1537.29975
7619.69325	1501.89043
7217.22811	1512.02446
6775.33994	1580.44749
7204.30718	1513.44080
6886.15958	1534.94596
6931.55643	1531.24424
6884.70821	1537.29975
6886.15958	1534.94596
6850.62538	1542.41972
6852.07675	1540.06592
6837.77061	1548.89045
6744.87891	1594.39198
	
NSGA-II_3:	47
7839.53770	1486.11129
6813.38309	1709.29985
7458.27930	1518.15827
7770.81194	1515.75496
7424.19647	1523.27823
7341.71538	1539.81765
7181.80370	1556.68363
7290.48193	1554.20944
6832.04071	1695.35536
7790.80698	1491.67855
7784.50182	1507.73406
6856.41732	1684.77724
7037.14044	1619.97451
7092.77970	1597.51251
7093.95282	1583.96662
6884.66068	1670.00041
6877.43402	1681.58421
7012.76383	1630.55263
6897.10668	1654.94260
7096.48742	1576.19538
7111.13530	1575.74808
7130.53839	1570.02214
6894.57208	1662.71384
7292.98466	1545.38491
7006.22583	1636.47440
7147.72086	1561.80359
7167.15582	1557.13093
7824.88982	1486.55859
7307.63254	1544.93761
7805.45486	1491.23125
6913.22970	1648.76935
7058.69686	1602.63247
7133.07299	1562.25089
6915.76430	1640.99811
6959.33745	1638.63743
7327.06750	1540.26495
7056.16226	1610.40371
6930.41218	1640.55081
6913.22970	1648.76935
6911.75455	1654.49529
7054.68711	1616.12965
6991.57795	1636.92170
6973.98532	1638.19013
7083.89825	1600.44419
6866.00305	1683.94489
7040.03924	1616.57696
7073.34474	1602.18517
	
NSGA-II_4:	36
7984.08769	1465.11005
6707.19056	1636.78992
7860.32389	1479.54410
7576.27111	1489.74727
6938.18221	1554.38868
6935.85568	1586.52646
7558.71853	1496.31582
7444.97404	1518.62933
7055.84767	1546.34527
7317.08198	1521.70804
6863.80608	1594.77025
6854.66370	1613.21137
7462.52662	1512.06079
7183.73973	1543.26656
6985.03042	1548.33316
7255.44275	1536.64273
7299.71338	1527.76356
7966.53510	1471.67859
6754.03878	1630.73440
7877.87648	1472.97555
6832.50016	1620.65988
6824.85603	1628.74651
6808.32791	1629.02602
7201.29232	1536.69802
6910.65430	1588.71474
7865.11883	1478.15110
7563.51347	1494.92282
6889.00747	1592.58197
6837.29510	1619.26689
6849.86875	1614.60437
7449.76898	1517.23634
7188.53467	1541.87356
7971.33004	1470.28559
7183.92372	1542.75353
7445.15803	1518.11630
6850.05274	1614.09134
	
NSGA-II_5:	45
7794.02574	1497.69509
6733.62974	1683.27800
7213.57963	1539.59806
7535.64679	1538.19771
7618.22537	1503.62603
7566.58995	1515.31454
7759.94291	1502.81506
6942.84831	1601.96558
7053.66796	1556.46404
7165.19066	1553.54254
6762.19877	1662.04694
6745.06072	1680.91732
6968.66156	1583.29973
6912.38729	1615.91006
6863.92600	1636.25481
6909.85269	1623.68130
6940.09253	1604.53078
7584.14254	1508.74600
6764.73337	1654.27570
6792.65980	1648.10246
6834.04618	1637.97053
6795.19439	1640.33121
7178.04543	1547.07181
7019.58512	1561.58400
7052.21659	1558.81783
6912.38729	1615.91006
6909.85269	1623.68130
6971.19615	1575.52849
7571.38490	1513.92154
7005.27899	1570.40853
7212.12826	1541.95185
7179.49680	1544.71802
7017.05052	1569.35524
7018.13375	1563.93780
6863.92600	1636.25481
6733.62974	1683.27800
7212.12826	1541.95185
7213.57963	1539.59806
7178.04543	1547.07181
7179.49680	1544.71802
7053.66796	1556.46404
7052.21659	1558.81783
7019.58512	1561.58400
7018.13375	1563.93780
7017.05052	1569.35524
	
NSGA-II_6:	65
8026.80780	1474.54931
6779.76310	1679.80585
7521.45479	1495.16361
7864.65659	1495.02389
6803.16343	1650.80355
6801.99030	1676.99786
7017.46682	1568.24363
7016.68105	1592.49244
6961.01864	1608.62521
6926.39472	1629.82055
6833.62445	1636.85906
6817.81131	1650.35625
6991.47966	1594.68072
6986.22002	1606.43693
6848.27233	1636.41176
6895.07783	1632.04931
7472.72408	1500.73087
7426.06526	1504.92275
7309.61450	1519.80083
7359.78196	1517.05855
7391.98243	1510.04271
7910.21939	1488.03766
7890.51035	1492.11281
7169.96076	1547.94210
7114.58650	1548.73188
7364.57691	1515.66555
7064.40442	1556.65294
7958.36804	1484.19173
7506.80692	1495.61091
7487.37196	1500.28357
7411.41738	1505.37005
7285.90548	1522.71191
7214.88827	1535.12724
7182.71840	1542.76656
7202.13063	1540.30278
7377.33455	1510.49001
7977.80300	1479.51907
7051.54966	1563.12367
7992.45088	1479.07176
8012.15992	1474.99661
6787.34242	1677.44517
6975.66651	1608.17790
7229.53615	1534.67993
7924.86727	1487.59035
7080.50367	1553.85184
7197.33569	1541.69578
7099.93862	1549.17918
7943.72016	1484.63903
7098.48725	1551.53298
7239.06501	1533.00742
7032.11470	1567.79633
6909.72571	1631.60200
6911.74684	1630.26785
7875.86247	1492.56011
7260.88379	1525.36810
7251.82265	1527.83187
7294.96663	1520.24814
7275.53167	1524.92079
7016.68105	1592.49244
6986.22002	1606.43693
7006.12754	1594.23342
7248.97111	1530.00727
7958.36804	1484.19173
7487.37196	1500.28357
7248.12615	1530.54364
	
NSGA-II_7:	58
8345.10832	1486.34927
6614.16175	1673.91456
8292.23321	1498.19646
7537.46242	1513.38806
6617.62680	1666.27524
6618.69110	1629.40380
6788.54901	1613.15636
6708.60674	1620.49085
6998.90552	1590.13165
7009.91104	1575.35564
6831.37408	1600.08500
6899.87692	1595.99763
7058.53056	1561.21351
7011.15073	1575.19696
7045.23357	1570.07700
6688.03663	1620.63486
6648.63102	1625.19482
7537.46242	1513.38806
7111.40567	1549.36632
7172.56927	1543.47234
7276.22811	1538.02529
7242.14527	1543.14525
7138.48643	1548.59230
7338.55715	1529.84906
8345.10832	1486.34927
7372.63998	1524.72910
7503.37958	1518.50802
7077.32284	1554.48629
6920.44704	1595.85362
6997.66583	1590.29033
7433.80358	1518.83512
7502.13989	1518.66670
7240.90558	1543.30393
6806.10159	1606.58782
6793.34395	1611.76336
7325.79951	1535.02461
8298.26784	1496.64478
7319.76487	1536.57628
8309.78579	1491.62791
7337.31746	1530.00774
7064.56520	1559.66183
8311.02548	1491.46923
7076.08315	1554.64497
7399.72074	1523.95508
6830.53140	1604.76658
7398.48105	1524.11376
7111.40567	1549.36632
7137.24674	1548.75098
6818.61644	1605.26055
6899.87692	1595.99763
8297.02815	1496.80346
7324.55982	1535.18328
8293.47290	1498.03778
7059.77025	1561.05483
7321.00456	1536.41760
7063.32551	1559.82051
8309.78579	1491.62791
7399.72074	1523.95508
	
NSGA-II_8:	39
7960.65106	1470.28886
6579.78169	1669.94964
6591.99014	1632.17840
6591.21267	1667.58896
7203.06749	1513.59948
7396.66099	1508.87057
6802.44809	1554.16909
6795.39245	1579.70422
6722.14404	1616.45245
7104.44190	1523.35862
7903.65047	1471.52158
7759.83106	1472.75263
6743.63922	1594.55066
6991.22720	1538.23670
6850.83705	1540.22460
6622.45116	1618.23391
6747.00348	1593.64871
6722.14404	1616.45245
6622.45116	1618.23391
6774.10025	1580.60617
7608.50128	1484.23334
7759.83106	1472.75263
7467.73126	1504.92608
6849.38568	1542.57839
7526.31452	1501.33435
7576.04874	1498.17783
7688.76079	1476.69712
7679.57155	1480.28886
7091.77784	1530.89484
7028.19254	1534.48136
7029.64391	1532.12756
7608.25563	1492.75263
7608.50128	1484.23334
7960.65106	1470.28886
7102.99053	1525.71241
7597.38479	1497.38986
7576.04874	1498.17783
6849.38568	1542.57839
6747.00348	1593.64871
	
NSGA-II_9:	62
7834.81634	1483.75061
6759.77246	1669.78081
7254.37022	1525.65357
7639.16539	1521.13830
7786.08562	1489.31787
6983.63891	1588.02109
7191.33338	1540.04536
7094.45855	1542.51955
6788.34149	1648.54976
6785.85131	1666.97283
7642.66208	1503.01270
6994.80427	1569.80254
7691.39279	1497.44544
6935.99541	1610.18412
6904.71660	1622.31032
6966.23524	1591.03360
6953.17788	1601.96558
6997.33887	1562.03130
6821.33711	1626.83403
7191.33338	1540.04536
6818.80251	1634.60527
7011.98675	1561.58400
7800.73350	1488.87057
7676.74491	1497.89274
6805.52396	1640.33121
6790.87609	1640.77852
6938.53000	1602.41288
7204.18814	1533.57463
6860.18890	1624.47335
7043.19324	1555.85806
7044.27647	1550.44061
7238.27098	1528.45467
7060.37571	1547.63951
7078.35930	1545.32065
7820.16846	1484.19791
7031.42170	1556.91134
7657.30995	1502.56540
6835.98499	1626.38673
6771.20343	1667.42013
6890.06872	1622.75762
7220.28739	1530.77353
7043.19324	1555.85806
6968.99103	1588.46839
7094.45855	1542.51955
6953.17788	1601.96558
7254.37022	1525.65357
7205.63951	1531.22083
6874.83677	1624.02605
7045.72784	1548.08682
6983.63891	1588.02109
6938.53000	1602.41288
6968.99103	1588.46839
7239.72235	1526.10087
7079.81067	1542.96685
7060.37571	1547.63951
7044.27647	1550.44061
7239.72235	1526.10087
7045.72784	1548.08682
7078.35930	1545.32065
7205.63951	1531.22083
7079.81067	1542.96685
7204.18814	1533.57463
	
NSGA-II_10:	62
7839.53770	1486.11129
6851.08040	1687.75760
7790.80698	1491.67855
7715.03015	1511.82499
7341.71538	1539.81765
7479.48083	1539.37329
7181.80370	1556.68363
7290.48193	1554.20944
7566.16077	1528.06144
6915.48953	1644.36351
7020.36658	1643.21857
7503.18986	1536.46221
7092.77970	1597.51251
7665.40195	1518.30230
7093.95282	1583.96662
7615.78897	1521.58413
7027.59323	1631.63477
6869.73803	1673.81311
6862.51137	1685.39692
7040.03924	1616.57696
7058.69686	1602.63247
6900.84165	1644.81081
7111.13530	1575.74808
6879.64943	1666.52654
7037.50464	1624.34820
7292.98466	1545.38491
7167.15582	1557.13093
7147.72086	1561.80359
7307.63254	1544.93761
7600.24361	1522.94148
7096.48742	1576.19538
6898.30705	1652.58205
7056.16226	1610.40371
6882.18403	1658.75530
7130.53839	1570.02214
7133.07299	1562.25089
7824.88982	1486.55859
7805.45486	1491.23125
7680.94731	1516.94495
7581.70613	1526.70409
7054.68711	1616.12965
6896.83190	1658.30800
7130.53839	1570.02214
7083.89825	1600.44419
6862.51137	1685.39692
7699.48479	1513.18234
7327.06750	1540.26495
7700.38227	1512.27229
7601.14109	1522.03143
7567.05825	1527.15139
7487.64450	1537.81956
7666.29943	1517.39225
7615.78897	1521.58413
7327.06750	1540.26495
7292.98466	1545.38491
7680.94731	1516.94495
7096.48742	1576.19538
7503.18986	1536.46221
7111.13530	1575.74808
7581.70613	1526.70409
7488.54198	1536.90952
7073.34474	1602.18517
	
NSGA-II_11:	69
8442.08644	1472.18863
6855.55428	1702.15295
6972.61656	1621.62942
6958.72103	1684.38396
7996.73343	1492.80293
8343.03990	1489.73527
7265.53202	1584.50570
7841.34390	1502.56207
6886.01531	1688.20846
7948.00272	1498.37019
7272.01351	1572.38843
7439.68794	1540.12010
7488.41865	1534.55284
7039.91821	1610.71323
7668.07206	1518.89559
7208.38706	1585.27152
7148.81873	1606.52135
7161.56550	1596.78160
7284.77116	1567.21288
7111.71105	1609.50011
7454.33581	1539.67280
7375.91055	1557.69933
7429.70243	1548.50421
7543.38438	1532.86799
8358.99880	1482.27835
7409.99339	1552.57936
7097.06317	1609.94742
7610.92710	1519.66140
6991.18749	1616.28049
6987.26444	1621.18211
7183.11456	1591.77433
7193.73918	1585.71882
7473.77077	1535.00014
7962.65060	1497.92289
7395.34551	1553.02667
7005.83537	1615.83319
7826.69602	1503.00937
7807.26107	1507.68203
8373.64668	1481.83105
7709.84338	1514.50023
7736.76307	1512.85757
8346.24116	1487.45389
8427.43856	1472.63593
7025.27033	1611.16053
7982.08556	1493.25023
8393.08164	1477.15839
7576.84426	1524.78137
7682.71994	1518.44829
8407.72952	1476.71108
7596.27922	1520.10871
7770.84591	1507.73761
7332.73675	1559.62914
7361.26267	1558.14663
7298.65391	1564.74911
7161.56550	1596.78160
7168.46669	1592.22163
7756.19803	1508.18491
7743.92622	1509.38026
7318.85399	1562.09292
7704.18757	1517.90080
7590.22486	1522.57248
7556.14202	1527.69244
7704.18757	1517.90080
7549.43874	1530.40421
7562.19638	1525.22867
7722.11520	1513.30487
7168.46669	1592.22163
8427.43856	1472.63593
7395.34551	1553.02667
	
NSGA-II_12:	55
8198.73650	1533.06495
7173.22900	1730.82893
7700.91418	1586.77131
8018.03499	1566.52476
7842.67891	1567.63201
8037.47781	1564.68446
7832.75675	1572.75125
8151.50159	1554.32454
8184.08862	1533.51225
7683.73420	1591.20692
7541.00250	1603.63729
7627.45186	1601.16310
7455.87216	1640.11474
7465.00559	1625.80032
8177.78346	1549.56776
7281.47442	1679.21630
7197.97160	1721.96543
7353.64247	1676.37206
7201.79803	1709.59787
7642.09974	1600.71579
7467.54019	1618.02908
7376.85224	1656.69481
7356.17707	1668.60082
7413.48830	1650.52157
7482.18806	1617.58178
7521.28792	1615.84414
7204.33262	1701.82663
7374.31764	1664.46606
7242.30377	1693.16079
7416.02289	1642.75033
7430.67077	1642.30302
8166.14947	1553.87724
7370.82495	1668.15352
7243.50328	1687.88215
7402.05363	1654.50653
7210.00494	1697.68450
7249.17559	1683.74001
7178.90131	1726.68679
7441.22428	1640.56205
7196.55226	1722.61039
7227.65589	1693.60809
7526.35463	1604.08459
7686.26630	1587.21861
7523.82252	1608.07290
7523.82003	1611.85583
7217.64426	1695.32382
7186.54063	1724.32611
7256.81491	1681.37933
7523.82003	1611.85583
7391.50012	1656.24751
7266.82654	1679.66360
7541.00250	1603.63729
8198.73650	1533.06495
8166.14947	1553.87724
8022.82994	1565.13176
	
NSGA-II_13:	34
8113.65902	1484.32987
6954.31145	1682.61007
7260.19587	1553.23325
7508.72012	1551.38611
7766.29693	1493.94826
7159.37622	1598.73478
7134.11590	1626.97585
7226.11303	1558.35321
7913.93681	1493.09882
7205.20146	1581.14329
6971.75129	1657.43815
6956.73786	1676.75221
7522.05110	1533.71598
7577.72234	1525.60154
7661.02410	1521.85830
7695.10693	1516.73834
7732.21409	1499.06822
8007.44781	1492.19538
6984.31132	1645.67907
7031.72231	1637.10042
8079.57619	1489.44983
7226.11303	1558.35321
7260.19587	1553.23325
7161.65965	1588.90718
7075.26412	1629.33653
7062.50647	1634.51207
7556.13393	1528.59602
6974.17770	1651.58028
6981.88492	1651.53693
7543.63951	1530.72151
7187.64888	1587.71183
7057.71153	1635.90507
7195.74249	1583.78722
7192.44382	1586.31883
	
NSGA-II_14:	73
8446.80780	1474.54931
6844.57685	1721.85042
8001.45479	1495.16361
8346.16758	1491.20757
7186.82978	1597.22140
7183.84884	1625.10474
7846.06526	1504.92275
7232.33615	1568.22135
7226.18588	1588.18908
7018.25182	1658.34833
7952.72408	1500.73087
7100.67055	1641.73243
7153.21696	1638.79957
7014.86964	1671.94560
7434.19559	1542.14527
7517.85820	1542.08969
7040.86812	1651.97787
6890.08322	1692.85037
6853.58666	1710.86023
7615.64846	1522.02208
7672.79342	1521.25627
7012.91434	1674.40938
6899.09303	1681.86018
7687.44130	1520.80897
8378.36804	1484.19173
7986.80692	1495.61091
7421.92378	1543.34063
7346.06962	1552.85595
7543.31080	1536.62167
7042.82343	1649.51409
8350.96252	1489.81457
7172.72485	1629.76726
6964.91120	1676.08710
6924.61666	1677.30022
7775.56727	1510.09829
7714.56474	1516.86091
6882.26323	1699.62917
7811.98243	1510.04271
7594.94622	1524.93316
7333.79781	1554.05130
6952.63939	1677.28245
7400.11276	1547.26524
6879.11029	1706.30027
7204.38237	1590.65286
7560.86338	1530.05312
7191.62473	1595.82840
8363.72016	1484.63903
7060.37601	1642.94555
7581.56562	1527.14205
7967.37196	1500.28357
8397.80300	1479.51907
7305.77508	1554.06907
7387.35512	1552.44078
7058.42070	1645.40933
8432.15992	1474.99661
8412.45088	1479.07176
7601.00058	1522.46939
7566.91774	1527.58935
7271.69225	1559.18903
7237.13109	1566.82835
7554.16010	1532.76489
7283.97157	1556.53284
7741.48443	1515.21825
7760.91939	1510.54559
7549.36516	1534.15789
6873.25343	1710.61937
7249.88874	1561.65281
7170.76954	1632.23103
7155.17227	1636.33580
7831.41738	1505.37005
7748.64758	1511.74094
7088.39874	1642.92779
7387.84094	1548.46059
	
NSGA-II_15:	44
8011.41603	1474.17461
6777.64749	1673.05324
7626.15781	1505.82768
7454.15246	1525.02472
7841.86194	1492.88090
7996.76815	1474.62191
7246.00923	1534.78386
7439.50458	1525.47202
7011.50577	1566.04163
6997.80581	1592.03142
7827.21406	1493.32820
7658.35827	1498.81184
6799.87469	1670.24526
6801.04782	1644.05094
6920.12319	1626.16197
6952.69691	1606.42320
7182.97239	1549.17565
7074.54261	1551.64984
7197.62027	1548.72834
6815.69570	1643.60364
6831.50885	1630.10645
6983.15793	1592.47872
7026.15365	1565.59433
6967.34478	1605.97590
7231.36136	1535.23116
7058.44337	1554.45094
7643.71039	1499.25914
7630.95275	1504.43468
6846.15672	1629.65915
6875.59549	1628.32500
6905.47531	1626.60927
6890.24337	1627.87770
6785.22682	1670.69256
6920.12319	1626.16197
7246.00923	1534.78386
7059.89474	1552.09714
7439.50458	1525.47202
7058.44337	1554.45094
6997.80581	1592.03142
6846.15672	1629.65915
7074.54261	1551.64984
7454.15246	1525.02472
7059.89474	1552.09714
7074.54261	1551.64984
	
NSGA-II_16:	35
8211.30995	1524.64081
6768.75672	1693.69997
7876.79412	1530.32633
7641.03380	1531.72668
7975.54962	1526.04116
7122.68655	1592.14076
7147.07845	1578.32066
7538.37585	1541.05478
7422.41640	1541.72668
6843.96433	1638.77329
6842.10630	1651.99909
6779.62455	1669.48396
6777.76652	1682.70977
7217.45713	1554.99926
7351.34613	1545.67117
6833.09650	1662.98929
7156.08826	1567.33047
7178.05151	1559.55923
6856.30021	1630.00434
7601.62818	1536.28664
7062.32744	1604.95265
7288.52740	1551.05478
7101.73306	1600.39269
7030.08793	1609.98071
6809.56446	1665.27498
7564.48356	1540.32633
6925.15698	1623.94883
6925.64573	1621.23540
6955.09689	1619.73985
7311.94052	1550.23113
6994.50251	1615.17988
7025.43085	1614.07558
6886.24012	1625.79536
7000.14802	1614.18969
7000.14802	1614.18969
	
NSGA-II_17:	73
8336.78686	1513.36013
7194.80149	1788.10920
8286.81645	1519.08607
8066.52960	1524.68482
7218.43227	1734.29808
7201.62864	1778.86070
8011.76425	1531.80376
7880.42768	1533.71725
7234.26399	1728.54676
7243.88452	1705.98902
7804.31456	1552.94037
7720.96372	1556.73180
7282.53319	1665.72349
7280.07936	1688.40796
7594.98423	1568.03382
7668.41306	1565.69151
7353.29735	1622.52367
7333.71312	1644.94002
7349.33746	1638.02849
7283.77288	1665.56481
7295.96419	1656.07653
7488.63165	1586.81132
7516.90774	1582.06929
7812.90469	1546.01173
7414.78435	1595.20922
7818.93933	1544.46005
7716.16877	1558.12480
7449.35784	1591.37128
7335.92127	1638.61551
7350.87094	1628.38153
7379.44007	1609.02648
8302.70402	1518.48009
8047.08678	1526.52512
7805.55425	1552.78170
7686.88088	1561.85176
7830.45728	1539.44319
7412.24975	1602.98046
7370.30843	1619.13303
7569.78285	1570.22210
7559.66171	1573.31246
7535.70001	1575.34206
7534.46032	1575.50074
7268.37544	1697.78419
8322.13898	1513.80743
7865.77981	1534.16455
7429.43223	1594.76192
7522.94237	1580.51761
7275.67861	1691.79859
7473.98377	1587.25862
8031.20707	1529.96346
7319.21542	1648.03039
7267.13575	1697.94287
7299.63028	1650.05999
7396.45115	1605.63585
7247.55061	1699.97247
7320.45511	1647.87171
7456.97269	1590.64926
8051.88172	1525.13212
8017.79889	1530.25208
7297.20388	1655.91785
7197.22789	1782.25134
7377.01366	1614.88435
7245.12421	1705.83034
7246.31092	1700.13115
7298.39059	1650.21866
7560.90140	1573.15378
7222.83302	1730.90744
7846.34485	1538.83721
7680.84625	1563.40344
8301.46433	1518.63877
7845.10516	1538.99589
8336.78686	1513.36013
7471.62057	1590.20196
	
NSGA-II_18:	50
8113.65902	1484.32987
6727.90588	1679.33852
6736.91568	1668.34833
6737.74784	1644.42924
7187.68441	1555.40971
7067.19217	1564.60476
7913.93681	1493.09882
7770.11740	1494.32987
7552.02512	1518.62365
7424.76294	1518.96710
6887.96373	1602.25089
6883.40195	1617.07111
8007.44781	1492.19538
6924.32999	1587.30333
7234.52489	1545.11421
6821.33260	1643.23389
6991.38450	1584.65940
8046.26935	1486.69055
6890.24716	1592.42329
7033.10934	1569.72472
8012.18652	1491.81051
7200.44205	1550.23417
7015.55675	1576.29326
7276.85587	1536.78837
7699.04713	1498.27436
7399.56155	1521.15538
7353.69267	1522.91158
7281.65081	1535.39537
7294.40845	1530.21982
7564.78276	1513.44810
6841.67711	1632.00579
7744.91602	1496.51815
8088.45763	1486.51815
6880.61002	1621.73066
7020.35170	1574.90026
7664.96430	1503.39432
7639.76291	1505.58260
7589.98414	1511.25983
7673.84575	1500.46264
7328.49129	1525.09986
8088.45763	1486.51815
8113.65902	1484.32987
7624.06698	1506.13986
7319.60984	1528.03155
7598.86559	1508.32814
6863.05744	1628.29920
6865.84936	1623.63965
6824.12453	1638.57434
6838.88519	1636.66534
6870.64430	1622.24665
	
NSGA-II_19:	59
8116.96892	1493.19318
6817.74156	1722.09941
6889.95373	1629.71902
6887.60021	1679.80346
7767.94659	1507.83045
7946.31358	1507.83045
6818.67946	1691.53695
8052.11611	1503.19318
7148.33822	1595.36436
7493.22263	1534.64568
7265.00877	1585.34659
6851.74235	1691.51919
6854.53733	1679.82122
7315.86172	1567.79217
7305.93657	1578.09694
7165.99287	1588.82539
7213.19104	1585.36436
7101.14005	1598.82539
8116.96892	1493.19318
7349.94455	1562.67220
7394.28698	1549.76564
7428.36982	1544.64568
7459.13979	1539.76564
7044.72219	1610.80607
7010.63935	1615.92603
8082.88608	1498.31315
7540.97225	1532.21802
7380.71453	1557.79217
7667.54881	1519.73648
8052.11611	1503.19318
7380.71453	1557.79217
6941.77146	1629.70126
7615.73108	1519.75424
6954.80655	1619.71902
7213.19104	1585.36436
7006.62428	1619.70126
6949.58192	1625.48394
7755.67478	1509.02580
7165.99287	1588.82539
7305.45074	1582.07714
7088.38241	1604.00093
7071.93028	1610.50375
7083.58747	1605.39393
7721.59195	1514.14576
7703.09378	1517.83045
7581.64824	1524.87420
7605.82507	1522.21802
7550.87826	1529.75424
7571.74223	1527.33798
7733.86376	1512.95041
7153.23523	1594.00093
7315.86172	1567.79217
6945.78654	1625.92603
7101.14005	1598.82539
7679.82062	1518.54113
7006.62428	1619.70126
6941.77146	1629.70126
7277.28058	1584.15124
7293.17893	1583.27249
	
NSGA-II_20:	67
7834.81634	1483.75061
6747.21049	1673.59352
7254.37022	1525.65357
7561.78950	1524.70052
7786.08562	1489.31787
7624.72292	1523.37769
7642.66208	1503.01270
6983.63891	1588.02109
6994.80427	1569.80254
7191.33338	1540.04536
7094.45855	1542.51955
6775.77952	1652.36246
6773.28934	1670.78554
6933.50523	1628.60719
6935.99541	1610.18412
6918.85735	1629.05450
6823.42302	1630.19943
7691.39279	1497.44544
6953.17788	1601.96558
6966.23524	1591.03360
6808.77514	1630.64673
6997.33887	1562.03130
7191.33338	1540.04536
7204.18814	1533.57463
6806.24054	1638.41798
6994.80427	1569.80254
6935.99541	1610.18412
6938.53000	1602.41288
6778.31412	1644.59122
6792.96199	1644.14392
7657.30995	1502.56540
7800.73350	1488.87057
7031.42170	1556.91134
7610.07504	1523.82499
7576.43738	1524.25322
7045.72784	1548.08682
7044.27647	1550.44061
7043.19324	1555.85806
7060.37571	1547.63951
7078.35930	1545.32065
7220.28739	1530.77353
6968.99103	1588.46839
7011.98675	1561.58400
7676.74491	1497.89274
7820.16846	1484.19791
6758.64146	1671.23284
7238.27098	1528.45467
6966.23524	1591.03360
7254.37022	1525.65357
7691.39279	1497.44544
7079.81067	1542.96685
7205.63951	1531.22083
7220.28739	1530.77353
7239.72235	1526.10087
6938.53000	1602.41288
6953.17788	1601.96558
7820.16846	1484.19791
7624.72292	1523.37769
7078.35930	1545.32065
7238.27098	1528.45467
7204.18814	1533.57463
7044.27647	1550.44061
7239.72235	1526.10087
7205.63951	1531.22083
7834.81634	1483.75061
6933.50523	1628.60719
6918.85735	1629.05450
	
NSGA-II_21:	71
8436.95265	1515.21563
6832.12414	1671.24743
7687.33021	1517.64203
8436.05517	1516.12567
6988.73966	1629.22777
6918.14302	1651.24743
7075.99823	1609.06909
7079.42761	1590.56204
6871.29480	1657.30295
7214.81444	1562.50067
7350.95782	1560.51278
7475.48991	1542.27926
7565.73147	1539.64537
7024.06219	1623.94913
7027.91032	1615.28328
7131.38065	1582.50067
7133.88338	1573.67615
7653.24737	1522.76199
7686.43272	1518.55208
7180.73160	1567.62063
7167.96622	1568.55619
7396.92315	1559.37294
7350.95782	1560.51278
6989.97935	1629.06909
7013.94105	1627.03949
7633.55761	1530.39926
7097.29781	1587.62063
7614.71687	1532.52113
7567.86865	1538.57665
7114.75014	1585.28340
7441.40708	1547.39922
7600.71954	1537.85536
7024.06219	1623.94913
7054.35139	1612.93632
7063.23284	1610.00464
7648.79970	1527.40117
7651.11020	1523.83072
7454.87059	1545.06198
7601.05400	1534.36673
7414.47573	1552.80440
7408.03011	1555.35748
7439.26990	1548.46794
7015.18074	1626.88081
7419.54806	1550.34062
7080.66730	1590.40336
7415.71542	1552.64572
7029.15001	1615.12460
7053.11170	1613.09500
7474.59243	1543.18930
7432.34594	1549.86299
7613.47718	1532.67981
7074.75854	1609.22777
7127.51552	1584.34784
7114.75014	1585.28340
7601.95148	1533.45668
7406.79042	1555.51616
7403.23517	1556.75048
7398.16284	1559.21426
7633.74160	1529.88623
7639.25004	1528.09622
7648.79970	1527.40117
7401.71809	1557.97994
7466.42877	1544.74303
7420.78775	1550.18194
7431.10624	1550.02167
7401.99548	1556.90916
7126.27583	1584.50652
7566.62896	1538.73532
7635.87877	1528.81751
7440.16739	1547.55790
7652.00768	1522.92067
	
NSGA-II_22:	38
7850.19375	1509.53551
6990.66612	1734.87022
7444.97707	1567.82280
7667.56372	1564.56796
7082.03344	1687.40620
7142.70729	1653.78684
7410.89423	1572.94276
7359.84672	1604.30025
7783.52389	1535.46776
7816.11092	1514.65547
6993.45805	1730.21067
7002.59394	1707.75792
7005.38586	1703.09836
7041.76459	1693.81343
7235.85845	1626.91384
7194.26391	1641.80749
7269.94129	1621.79388
7850.19375	1509.53551
7157.62994	1649.97413
7740.91514	1543.18557
7778.21465	1540.24619
7044.55652	1689.15388
7691.75157	1552.99814
7228.34674	1636.68752
7816.11092	1514.65547
7194.26391	1641.80749
7334.64534	1606.48853
7325.76389	1609.42021
7706.83230	1548.30554
7300.56250	1611.60849
7292.14079	1616.95766
7706.83230	1548.30554
7044.55652	1689.15388
7725.83440	1547.87818
7740.91514	1543.18557
7294.67289	1612.96935
7328.75573	1607.84939
7328.75573	1607.84939
	
NSGA-II_23:	84
8605.48195	1467.05893
6769.08397	1730.51720
7816.68262	1516.32388
8067.11576	1513.47495
8246.58607	1501.68661
8470.22767	1499.30185
7295.77619	1590.06195
7165.69233	1590.30739
6898.34414	1657.78668
6859.24973	1673.09216
7329.58140	1566.02533
7445.72392	1539.58871
8081.76364	1513.02765
7304.67838	1579.36383
6909.21197	1633.57067
6935.35469	1620.07349
8183.85803	1512.58810
7547.81831	1539.14916
6829.30982	1677.30114
6808.59914	1689.01687
6779.95180	1706.30119
6778.09377	1719.52700
6907.35395	1646.79648
6806.74111	1702.24268
6933.49666	1633.29930
6769.08397	1730.51720
6898.34414	1657.78668
7303.43869	1579.52251
7713.90877	1527.48186
7651.86019	1527.66491
7753.38786	1522.82669
7576.46352	1533.36763
8212.50324	1506.80657
7782.59979	1521.44384
6979.94248	1615.41720
7004.70022	1611.30454
7125.77196	1597.25750
8231.93820	1502.13391
7802.03474	1516.77118
7411.64108	1544.70867
8590.83407	1467.50624
8196.61567	1507.41256
8555.51155	1472.78488
7560.57595	1533.97361
8486.04217	1494.90108
7384.23556	1550.33152
8543.99360	1477.80174
6965.29460	1615.86451
6950.00257	1619.62618
7076.49306	1610.09143
8513.44769	1489.27823
7370.85049	1558.65316
8532.88265	1484.60557
7728.55665	1527.03456
7378.20093	1551.88319
7595.89848	1528.69497
7431.07604	1540.03601
8497.56012	1489.88421
7138.28681	1595.93023
7151.04445	1590.75469
7364.90393	1560.74669
7395.75351	1545.31465
8185.09772	1512.42942
7637.21231	1528.11222
7610.54635	1528.24767
7549.08634	1538.82290
7358.09285	1563.82870
8480.00754	1496.45276
8537.95896	1479.35342
7039.91821	1610.71323
7091.14094	1609.64412
7766.71222	1522.04982
8529.36883	1486.28206
7113.01431	1602.43305
8571.39912	1472.17889
7112.14409	1609.42742
7112.94160	1605.13606
8471.46736	1499.14317
7344.22928	1565.57803
7352.05821	1565.38038
7111.71105	1609.50011
7019.34809	1610.85724
7369.61080	1558.81184
7396.99320	1545.15597
	
NSGA-II_24:	60
8103.93965	1468.48593
6773.18979	1670.82324
7515.86246	1502.81619
7742.55973	1495.40749
6889.95373	1629.71902
6818.29030	1641.46819
8089.29177	1468.93323
7969.04790	1470.32296
6803.64242	1641.91549
6777.49971	1655.41267
7879.41987	1478.63577
7853.27715	1492.13295
7239.98027	1527.90072
7213.83755	1541.39790
7757.20761	1494.96019
7140.03680	1564.10382
7124.94819	1576.15554
7501.21458	1503.26349
7492.80767	1515.76297
6916.09645	1616.22184
7393.51255	1517.75087
7475.07186	1516.76068
7328.62578	1525.96941
7254.62815	1527.45341
7041.90110	1602.13160
7349.60332	1523.80638
7378.86467	1518.19817
7068.88868	1580.86318
7954.40002	1470.77027
7894.06775	1478.18847
7140.88166	1556.33258
7041.90110	1602.13160
7140.88166	1556.33258
7166.17951	1550.60664
7042.74597	1594.36036
7083.53656	1580.41587
6985.44198	1607.45289
6960.68424	1611.56555
7140.03680	1564.10382
7167.02438	1542.83540
7068.04382	1588.63442
7000.08985	1607.00559
6946.03636	1612.01286
6930.74432	1615.77454
7110.30031	1576.60284
7213.83755	1541.39790
7181.67225	1542.38809
7328.62578	1525.96941
7334.95544	1524.25369
7515.86246	1502.81619
8103.93965	1468.48593
7501.21458	1503.26349
7239.98027	1527.90072
7254.62815	1527.45341
7378.86467	1518.19817
7167.02438	1542.83540
7478.15979	1516.21028
7181.67225	1542.38809
7393.51255	1517.75087
7475.07186	1516.76068
	
NSGA-II_25:	68
7979.71831	1468.33698
6747.21049	1673.59352
7505.17849	1488.95128
7825.27040	1488.81156
6993.56458	1569.96122
6983.63891	1588.02109
6934.75572	1610.34280
6964.99555	1591.19228
6775.77952	1652.36246
6771.20343	1667.42013
7456.44778	1494.51854
7149.83281	1541.72977
6953.17788	1601.96558
6890.06872	1622.75762
6835.98499	1626.38673
7405.93731	1498.71042
6904.71660	1622.31032
7044.48814	1548.24549
7011.98675	1561.58400
7945.36139	1472.85944
7357.20660	1504.27768
7094.45855	1542.51955
7043.19324	1555.85806
7293.33820	1513.58850
6821.33711	1626.83403
7344.44896	1509.45323
6778.31412	1644.59122
6994.80427	1569.80254
6808.77514	1630.64673
6806.24054	1638.41798
7391.28943	1499.15772
7371.85447	1503.83038
7079.81067	1542.96685
6937.29031	1602.57156
6935.99541	1610.18412
6996.09918	1562.18998
7859.62732	1484.28910
7060.37571	1547.63951
7162.59045	1536.55423
7182.00268	1534.09045
7194.76032	1528.91491
7490.53061	1489.39858
7278.69032	1514.03581
7259.25536	1518.70847
7894.06775	1478.18847
7031.42170	1556.91134
7832.62463	1486.34779
7965.07043	1468.78428
6758.64146	1671.23284
6759.77246	1669.78081
7930.71351	1473.30674
7879.41987	1478.63577
7866.98155	1481.82533
6790.87609	1640.77852
7471.09566	1494.07124
7906.41747	1476.42360
7914.74239	1473.35713
7847.27251	1485.90048
7222.78870	1526.79509
7269.62918	1516.49958
7235.54634	1521.61955
7244.60749	1519.15577
7209.40820	1528.46760
6968.99103	1588.46839
7228.84316	1523.79495
6997.33887	1562.03130
7079.81067	1542.96685
7094.45855	1542.51955
	
NSGA-II_26:	64
7944.39579	1473.61562
6754.53760	1669.20159
7789.94787	1494.09020
7469.85596	1494.22992
6874.83677	1624.02605
6934.75572	1610.34280
7338.41432	1511.00490
7258.01567	1518.86715
6993.56458	1569.96122
6783.10663	1647.97053
6780.61645	1666.39361
7059.13602	1547.79819
7143.79818	1543.28145
6982.39922	1588.17977
7437.65550	1501.24577
7370.61478	1503.98906
6951.93819	1602.12425
6964.99555	1591.19228
6996.09918	1562.18998
7148.59312	1541.88845
7442.45045	1499.85277
6860.18890	1624.47335
7010.74705	1561.74268
7041.95355	1556.01674
6934.75572	1610.34280
6993.56458	1569.96122
6783.10663	1647.97053
6813.56766	1634.02605
6816.10225	1626.25481
6785.64123	1640.19929
6937.29031	1602.57156
6800.28911	1639.75199
7910.03886	1478.13808
7851.38589	1485.77740
7161.35076	1536.71291
7455.20809	1494.67722
7355.96690	1504.43636
7180.76299	1534.24913
7193.52063	1529.07359
7343.20926	1509.61191
7040.50218	1558.37053
7885.74282	1481.25494
7871.09494	1481.70224
7929.74791	1474.06292
6830.75013	1625.80750
6967.75134	1588.62707
7175.96805	1535.64213
7043.03677	1550.59929
7208.16851	1528.62628
7824.30479	1489.56775
7895.39098	1478.58538
6765.96857	1666.84091
7811.94998	1491.17912
7243.36780	1519.31445
7230.61015	1524.48999
7221.54901	1526.95377
7234.30665	1521.77822
7216.75407	1528.34677
7797.30210	1491.62643
7831.65903	1487.10397
7355.96690	1504.43636
7797.30210	1491.62643
7044.48814	1548.24549
7836.73801	1486.22470
	
NSGA-II_27:	33
7711.19019	1492.29479
6699.43438	1692.35729
6848.09830	1638.30605
6863.91931	1611.66443
7379.51913	1528.48391
7026.49466	1562.86713
7142.97212	1560.87924
7579.99138	1506.14644
6935.89841	1580.95376
7365.69537	1546.85074
7288.41677	1551.23199
6741.49233	1649.41051
6825.07710	1648.21516
6741.49233	1649.41051
6722.83471	1663.35500
6900.50487	1597.71995
6718.09200	1678.41281
7221.64845	1560.54966
7657.17951	1496.43693
7234.40609	1555.37412
6972.48398	1567.00927
6707.01370	1689.99661
7480.15161	1514.23306
6972.48398	1567.00927
7433.52981	1524.34177
7474.78188	1522.00430
6898.10785	1607.39084
7525.98070	1510.28857
7579.99138	1506.14644
7534.16229	1510.09093
6829.87204	1646.82216
6840.51898	1640.66673
6840.51898	1640.66673
	
NSGA-II_28:	52
7954.71421	1466.04203
6608.95311	1662.19468
7230.32594	1486.65633
7752.45206	1486.06931
6950.14709	1535.26055
6949.90630	1558.04727
7018.48565	1511.29355
7144.76323	1502.98401
6803.68774	1594.89139
7902.80470	1477.13303
7825.39427	1479.08307
6893.85762	1582.51142
6640.04408	1633.80602
6621.42797	1643.56516
7212.77336	1493.22487
7162.31581	1496.41547
6747.39947	1610.29417
6719.10240	1616.79698
7786.80898	1481.54685
6894.70248	1574.74018
6612.41817	1654.55536
6617.96292	1651.20448
6700.48629	1626.55612
6663.20703	1629.24606
7217.56830	1491.83187
6967.69967	1528.69201
6954.94203	1533.86755
6772.31400	1609.82608
7920.35729	1470.56448
7149.55817	1501.59101
6987.11190	1526.22823
6991.87192	1520.32587
6790.93010	1600.06694
6899.49743	1573.34718
6709.34923	1622.65485
6786.13516	1601.45994
6785.07164	1604.65053
7907.59965	1475.74003
6912.25507	1568.17163
6931.66730	1565.70786
7009.42450	1513.75733
6944.04783	1562.63087
6944.42494	1560.53231
6926.87235	1567.10086
6982.31696	1527.62123
6706.75663	1624.43631
7005.72801	1516.46910
7907.59965	1475.74003
7217.56830	1491.83187
6996.66686	1518.93287
7000.93306	1517.86209
7149.55817	1501.59101
	
NSGA-II_29:	59
8033.99918	1505.55744
6994.67161	1708.27063
7652.74079	1537.60442
7965.27343	1535.20111
7536.17686	1559.26380
7618.65795	1542.72438
7484.94342	1573.65559
7376.26519	1576.12978
7020.75046	1705.46265
7023.24064	1687.03957
7985.26847	1511.12470
7261.41067	1620.66860
7270.54410	1606.35417
7978.96330	1527.18021
7652.74079	1537.60442
7618.65795	1542.72438
7221.56141	1623.30418
7062.41129	1673.09508
7040.42311	1678.82103
7219.02681	1631.07542
7324.99988	1589.46828
7305.59678	1595.19423
7487.44615	1564.83106
7342.18235	1581.24974
8019.35131	1506.00474
7521.52899	1559.71110
7502.09403	1564.38376
7273.07870	1598.58293
7062.41129	1673.09508
7025.77523	1679.26833
7327.53447	1581.69704
7182.39075	1637.24867
7064.94589	1665.32384
7179.85616	1645.01991
7361.61731	1576.57708
7117.37018	1658.70327
7134.06978	1654.59061
7174.49625	1652.27076
7246.76279	1621.11590
7999.91635	1510.67740
7197.03863	1636.80136
7006.10258	1705.90995
7085.07136	1663.22698
7079.59377	1664.87654
7102.72231	1659.15057
7099.71923	1662.77968
7207.59214	1635.06039
7236.20928	1622.85688
7159.84837	1652.71806
7536.17686	1559.26380
7290.94890	1595.64153
8033.99918	1505.55744
7376.26519	1576.12978
7117.37018	1658.70327
7102.72231	1659.15057
7064.94589	1665.32384
7287.72658	1598.13563
7290.94890	1595.64153
7148.71766	1654.14331
	
NSGA-II_30:	75
8494.68885	1457.47073
6699.30196	1661.37540
7749.13143	1491.67968
8015.39212	1488.61765
6741.63237	1646.35135
6773.64175	1630.66472
8369.85839	1464.40264
8226.03898	1465.63369
7430.33208	1512.34882
7701.05127	1502.13387
7377.64095	1523.68297
7276.77717	1528.16347
7531.27325	1508.29936
7566.59577	1503.02072
6739.31490	1659.29813
6814.73246	1615.79935
6740.39267	1646.51003
8080.07696	1471.41522
6813.65468	1628.58746
8459.36633	1462.74937
8151.14723	1467.47073
7049.68478	1574.07334
6996.74558	1578.88214
8151.14723	1467.47073
7085.00731	1568.79470
6927.90616	1594.15390
7715.04860	1496.79964
8045.99413	1476.53518
6859.53908	1606.87173
7242.69434	1533.28343
6893.62192	1601.75177
6850.05498	1610.52071
7532.51294	1508.14068
7396.24924	1517.46878
7276.77717	1528.16347
6815.97215	1615.64067
7132.95530	1562.76305
7167.03813	1557.64309
7126.41893	1564.53436
6915.14852	1599.32945
7180.33513	1548.77959
7223.90206	1540.01065
8016.63181	1488.45897
8033.23649	1481.71072
8044.75444	1476.69386
7383.49160	1522.64432
7702.29096	1501.97519
7186.36977	1547.22792
6953.17865	1587.65109
6996.74558	1578.88214
7197.88772	1542.21105
6940.42101	1592.82663
7713.80891	1496.95832
6738.07521	1659.45681
6812.41499	1628.74613
6983.98794	1584.05769
7176.52223	1553.99411
8027.20185	1483.26240
7050.92447	1573.91466
8460.60602	1462.59069
7199.12741	1542.05237
6910.35357	1600.72245
7241.45465	1533.44211
7175.28254	1554.15279
7167.03813	1557.64309
7233.21024	1536.93241
6850.05498	1610.52071
6953.17865	1587.65109
7228.69701	1538.61765
6971.47309	1585.38496
6858.29939	1607.03041
7131.71561	1562.92173
7185.13008	1547.38659
8031.99680	1481.86940
7233.21024	1536.93241
	
Math-AUGMECON-II_1:	19
7814.96664	1466.23967
7795.15359	1467.47399
7790.31452	1469.53233
7780.88380	1471.35963
7724.08332	1471.41848
7332.46006	1475.32217
7283.01706	1475.32217
7163.55551	1496.25679
7071.17677	1499.95940
6802.44809	1554.16909
6774.10025	1580.60617
6743.63922	1594.55066
6713.38602	1610.39694
6669.29938	1612.17840
6661.97227	1616.57033
6615.12405	1622.62584
6584.66303	1636.57033
6579.78169	1669.94964
6572.45458	1674.34157
	
Math-AUGMECON-II_2:	32
7340.74405	1475.32217
7248.93423	1480.44214
7210.40372	1490.20127
7197.63834	1491.13683
7171.83978	1496.25679
7163.55551	1496.25679
7089.41683	1499.95940
7035.85424	1505.23804
6933.00780	1528.89045
6931.55643	1531.24424
6898.92496	1534.01041
6886.15958	1534.94596
6884.70821	1537.29975
6852.07674	1540.06592
6852.07674	1540.06592
6850.62538	1542.41972
6849.38568	1542.57839
6837.77061	1548.89045
6803.68778	1554.01041
6803.68778	1554.01041
6796.63214	1579.54554
6775.33994	1580.44749
6748.24317	1593.49003
6744.87891	1594.39198
6740.43365	1606.49581
6713.38602	1610.39694
6669.29938	1612.17840
6666.53781	1616.45245
6622.45116	1618.23391
6591.99014	1632.17840
6584.66303	1636.57033
6579.78169	1669.94964
	
Math-AUGMECON-II_3:	21
7814.96664	1466.23967
7795.15359	1467.47399
7790.31452	1469.53233
7780.88380	1471.35963
7724.08332	1471.41848
7332.45978	1475.32217
7283.01706	1475.32217
7171.83978	1496.25679
7163.55551	1496.25679
7089.41683	1499.95940
7071.17677	1499.95940
6743.63922	1594.55066
6713.38602	1610.39694
6669.29938	1612.17840
6661.97227	1616.57033
6622.45116	1618.23391
6615.12405	1622.62584
6591.99014	1632.17840
6584.66303	1636.57033
6579.78169	1669.94964
6572.45458	1674.34157
	
Math-AUGMECON-II_4:	16
7980.60602	1462.59069
7949.85839	1464.40264
7814.96664	1466.23967
7283.01706	1475.32217
7248.93423	1480.44214
7197.63834	1491.13683
7163.55551	1496.25679
6849.38568	1542.57839
6849.29630	1548.11357
6802.44809	1554.16909
6774.10025	1580.60617
6743.63922	1594.55066
6669.29938	1612.17840
6622.45116	1618.23391
6615.12405	1622.62584
6584.66303	1636.57033
	
Math-AUGMECON-II_5:	16
7790.31452	1469.53233
7724.08332	1471.41848
7283.01706	1475.32217
7210.40372	1490.20127
7163.55551	1496.25679
7037.09394	1505.07936
7018.48565	1511.29355
7015.27515	1512.71868
6802.44809	1554.16909
6774.10025	1580.60617
6743.63922	1594.55066
6669.29938	1612.17840
6615.12405	1622.62584
6591.99014	1632.17840
6584.66303	1636.57033
6572.45458	1674.34157
	
Math-AUGMECON-II_6:	24
8014.68885	1457.47073
7990.03674	1460.76338
7949.85839	1464.40264
7908.47764	1465.33623
7864.40936	1466.23967
7283.01706	1475.32217
7248.93423	1480.44214
7247.69454	1480.60082
7236.17659	1485.61768
7218.68799	1490.20127
6886.15958	1534.94596
6850.83705	1540.22460
6849.38568	1542.57839
6849.29630	1548.11357
6837.77061	1548.89045
6802.44809	1554.16909
6774.10025	1580.60617
6747.00348	1593.64871
6743.63922	1594.55066
6740.43365	1606.49581
6615.12405	1622.62584
6591.99014	1632.17840
6584.66303	1636.57033
6572.45458	1674.34157
	
Math-AUGMECON-II_7:	18
8014.68885	1457.47073
7283.01706	1475.32217
7248.93423	1480.44214
7236.17659	1485.61768
7163.55551	1496.25679
7071.17677	1499.95940
6849.29630	1548.11357
6837.77061	1548.89045
6802.44809	1554.16909
6774.10025	1580.60617
6743.63922	1594.55066
6740.43365	1606.49581
6672.65305	1611.57713
6669.29938	1612.17840
6622.45116	1618.23391
6615.12405	1622.62584
6584.66303	1636.57033
6579.78169	1669.94964
	
Math-AUGMECON-II_8:	23
7949.85839	1464.40264
7814.96664	1466.23967
7724.08332	1471.41848
7332.45978	1475.32217
7197.63834	1491.13683
7071.17677	1499.95940
6931.55643	1531.24424
6897.68527	1534.16909
6884.70821	1537.29975
6850.83705	1540.22460
6849.38568	1542.57839
6802.44809	1554.16909
6795.39245	1579.70422
6774.10025	1580.60617
6747.00348	1593.64871
6743.63922	1594.55066
6666.53781	1616.45245
6666.53781	1616.45245
6622.45116	1618.23391
6622.45116	1618.23391
6591.99014	1632.17840
6584.66303	1636.57033
6579.78169	1669.94964
	
Math-AUGMECON-II_9:	20
7814.96664	1466.23967
7795.15359	1467.47399
7780.88380	1471.35963
7283.01706	1475.32217
7248.93423	1480.44214
7236.17659	1485.61768
7210.40372	1490.20127
7197.63834	1491.13683
7163.55551	1496.25679
7071.17677	1499.95940
7037.09394	1505.07936
6837.77061	1548.89045
6802.44809	1554.16909
6774.10025	1580.60617
6743.63922	1594.55066
6733.01262	1609.97911
6622.45116	1618.23391
6615.12405	1622.62584
6591.99014	1632.17840
6584.66303	1636.57033
	
Math-AUGMECON-II_10:	17
7814.96664	1466.23967
7795.15359	1467.47399
7790.31452	1469.53233
7714.89408	1475.01022
7291.30133	1475.32217
7283.01706	1475.32217
7171.83978	1496.25679
6802.44809	1554.16909
6774.10025	1580.60617
6743.63922	1594.55066
6713.38602	1610.39694
6669.29938	1612.17840
6661.97227	1616.57033
6615.12405	1622.62584
6584.66303	1636.57033
6579.78169	1669.94964
6572.45458	1674.34157
	
Math-AUGMECON-II_11:	24
8014.68885	1457.47073
7990.03674	1460.76338
7980.60529	1462.59062
7949.85839	1464.40264
7908.47764	1465.33623
7814.96664	1466.23967
7795.15359	1467.47399
7751.47298	1471.41848
7732.36759	1471.41848
7714.89408	1475.01022
7291.30133	1475.32217
6886.15958	1534.94596
6884.70821	1537.29975
6852.07674	1540.06592
6849.29630	1548.11357
6837.77061	1548.89045
6802.44809	1554.16909
6774.10025	1580.60617
6743.63922	1594.55066
6740.43365	1606.49581
6713.38602	1610.39694
6669.29938	1612.17840
6622.45116	1618.23391
6572.45458	1674.34157
	
Math-AUGMECON-II_12:	5
8014.68885	1457.47073
7814.96664	1466.23967
7283.01706	1475.32217
6584.66303	1636.57033
6572.45458	1674.34157
	
Math-AUGMECON-II_13:	15
8014.68885	1457.47073
7990.03674	1460.76338
7908.47764	1465.33623
7751.47298	1471.41848
7724.08332	1471.41848
7340.74694	1475.32213
7257.21850	1480.44213
7210.40372	1490.20127
7197.63834	1491.13683
6774.10025	1580.60617
6743.63922	1594.55066
6615.12405	1622.62584
6591.99014	1632.17840
6584.66303	1636.57033
6572.45458	1674.34157
	
Math-AUGMECON-II_14:	18
8014.68885	1457.47073
7990.03674	1460.76338
7980.60602	1462.59069
7949.85839	1464.40264
7814.96664	1466.23967
7795.15359	1467.47399
7732.36778	1471.41846
7332.45978	1475.32217
6837.77061	1548.89045
6803.68778	1554.01041
6802.44809	1554.16909
6774.10025	1580.60617
6743.63922	1594.55066
6615.12405	1622.62584
6591.99014	1632.17840
6584.66303	1636.57033
6579.78169	1669.94964
6572.45458	1674.34157
	
Math-AUGMECON-II_15:	15
7990.03674	1460.76338
7814.96664	1466.23967
7332.45978	1475.32217
7244.48656	1485.08131
7230.32594	1486.65633
7196.40639	1495.53550
7163.55551	1496.25679
7071.17677	1499.95940
7045.37821	1505.07936
6802.44809	1554.16909
6774.10025	1580.60617
6743.63922	1594.55066
6615.12405	1622.62584
6584.66303	1636.57033
6579.78169	1669.94964
	
Math-AUGMECON-II_16:	15
8014.68885	1457.47073
7949.85839	1464.40264
7814.96664	1466.23967
7283.01706	1475.32217
7210.40372	1490.20127
7163.55551	1496.25679
7128.90375	1499.95940
7071.17677	1499.95940
7062.11563	1502.42318
6733.01262	1609.97911
6669.29938	1612.17840
6622.45116	1618.23391
6615.12405	1622.62584
6584.66303	1636.57033
6572.45458	1674.34157
	
Math-AUGMECON-II_17:	15
8064.13157	1457.47073
8014.68889	1457.47071
7990.03674	1460.76338
7814.96664	1466.23967
7795.15359	1467.47399
7714.89408	1475.01022
7291.30133	1475.32217
6774.10025	1580.60617
6743.63922	1594.55066
6740.43365	1606.49581
6669.29938	1612.17840
6622.45116	1618.23391
6615.12405	1622.62584
6584.66303	1636.57033
6572.45458	1674.34157
	
Math-AUGMECON-II_18:	17
8014.68885	1457.47073
7990.03674	1460.76338
7908.47764	1465.33623
7724.08332	1471.41848
7283.01706	1475.32217
7248.93423	1480.44214
6886.15958	1534.94596
6849.38568	1542.57839
6837.77061	1548.89045
6802.44809	1554.16909
6774.10025	1580.60617
6743.63922	1594.55066
6661.97227	1616.57033
6622.45116	1618.23391
6615.12405	1622.62584
6584.66303	1636.57033
6572.45458	1674.34157
	
Math-AUGMECON-II_19:	13
8014.68885	1457.47073
7908.47764	1465.33623
7724.08332	1471.41848
7714.89408	1475.01022
7283.01706	1475.32217
6774.10025	1580.60617
6747.00348	1593.64871
6743.63922	1594.55066
6713.38602	1610.39694
6669.29938	1612.17840
6622.45116	1618.23391
6615.12405	1622.62584
6572.45458	1674.34157
	
Math-AUGMECON-II_20:	19
7814.96664	1466.23967
7795.15359	1467.47399
7780.88380	1471.35963
7291.30133	1475.32217
7248.93423	1480.44214
7236.17659	1485.61768
7210.40372	1490.20127
7197.63834	1491.13683
7163.55551	1496.25679
7071.17677	1499.95940
6849.38568	1542.57839
6837.77061	1548.89045
6802.44809	1554.16909
6774.10025	1580.60617
6743.63922	1594.55066
6733.01262	1609.97911
6615.12405	1622.62584
6584.66303	1636.57033
6579.78169	1669.94964
	
Math-AUGMECON-II_21:	10
8014.68885	1457.47073
7332.45978	1475.32217
6802.44809	1554.16909
6774.10025	1580.60617
6740.43365	1606.49581
6733.01262	1609.97911
6669.29938	1612.17840
6615.12405	1622.62584
6584.66303	1636.57033
6579.78169	1669.94964
	
Math-AUGMECON-II_22:	12
7814.96664	1466.23967
7780.88380	1471.35963
7724.08332	1471.41848
7283.01706	1475.32217
6740.43365	1606.49581
6672.65305	1611.57713
6669.29938	1612.17840
6661.97227	1616.57033
6622.45116	1618.23391
6615.12405	1622.62584
6584.66303	1636.57033
6572.45458	1674.34157
	
Math-AUGMECON-II_23:	20
8014.68885	1457.47073
7814.96664	1466.23967
7795.15359	1467.47399
7780.88380	1471.35963
7751.47298	1471.41848
7724.08332	1471.41848
7283.01706	1475.32217
6837.77061	1548.89045
6802.44809	1554.16909
6774.10025	1580.60617
6743.63922	1594.55066
6740.43365	1606.49581
6733.01262	1609.97911
6713.38602	1610.39694
6669.29938	1612.17840
6622.45116	1618.23391
6591.99014	1632.17840
6584.66303	1636.57033
6579.78169	1669.94964
6572.45458	1674.34157
	
Math-AUGMECON-II_24:	25
8014.68885	1457.47073
7949.85839	1464.40264
7864.40936	1466.23967
7814.96772	1466.23962
7724.08332	1471.41848
7332.46015	1475.32215
7283.01706	1475.32217
7248.93423	1480.44214
7236.17659	1485.61768
7210.40372	1490.20127
6850.83705	1540.22460
6849.38568	1542.57839
6837.77061	1548.89045
6802.44809	1554.16909
6795.39245	1579.70422
6774.10025	1580.60617
6747.00348	1593.64871
6743.63922	1594.55066
6740.43365	1606.49581
6713.38602	1610.39694
6672.65305	1611.57713
6669.29938	1612.17840
6615.12405	1622.62584
6584.66303	1636.57033
6579.78169	1669.94964
	
Math-AUGMECON-II_25:	27
7979.36633	1462.74937
7949.85839	1464.40264
7908.47764	1465.33623
7864.40936	1466.23967
7814.96664	1466.23967
7283.01706	1475.32217
7248.93418	1480.44213
7244.48656	1485.08131
7234.93690	1485.77636
7218.68799	1490.20127
7209.16403	1490.35995
7163.55551	1496.25679
7162.31581	1496.41547
7071.17677	1499.95940
6850.83705	1540.22460
6850.62538	1542.41972
6849.38568	1542.57839
6849.29630	1548.11357
6802.44809	1554.16909
6774.10025	1580.60617
6743.63922	1594.55066
6733.01262	1609.97911
6716.50983	1610.19050
6622.45116	1618.23391
6615.12405	1622.62584
6584.66303	1636.57033
6579.78169	1669.94964
	
Math-AUGMECON-II_26:	25
7908.47764	1465.33623
7864.40936	1466.23967
7814.96664	1466.23967
7795.15359	1467.47399
7780.88380	1471.35963
7332.45980	1475.32217
7248.93423	1480.44214
7236.17659	1485.61768
7231.56563	1486.49765
7230.32594	1486.65633
7210.40372	1490.20127
7197.63834	1491.13683
7163.55551	1496.25679
6886.15958	1534.94596
6850.83705	1540.22460
6849.38568	1542.57839
6849.29630	1548.11357
6837.77061	1548.89045
6802.44809	1554.16909
6774.10025	1580.60617
6743.63922	1594.55066
6716.50983	1610.19050
6615.12405	1622.62584
6591.99014	1632.17840
6584.66303	1636.57033
	
Math-AUGMECON-II_27:	13
7283.01706	1475.32217
7231.56563	1486.49765
7210.40372	1490.20127
7071.17677	1499.95940
7024.33629	1510.25490
6968.93936	1528.53333
6802.44809	1554.16909
6774.10025	1580.60617
6743.63922	1594.55066
6740.43365	1606.49581
6672.65305	1611.57713
6584.66303	1636.57033
6572.45458	1674.34157
	
Math-AUGMECON-II_28:	30
7949.85839	1464.40264
7908.47764	1465.33623
7864.40936	1466.23967
7814.96664	1466.23967
7780.88380	1471.35963
7724.08332	1471.41848
7230.32594	1486.65633
7210.40372	1490.20127
7162.31581	1496.41547
7089.41683	1499.95940
7018.48565	1511.29355
7009.42450	1513.75733
7005.72801	1516.46910
7000.93306	1517.86209
6996.66686	1518.93287
6991.87192	1520.32587
6987.11190	1526.22823
6980.21825	1526.90255
6967.69967	1528.69201
6933.00780	1528.89045
6886.15958	1534.94596
6802.44809	1554.16909
6774.10025	1580.60617
6743.63922	1594.55066
6740.43365	1606.49581
6716.50983	1610.19050
6661.97227	1616.57033
6615.12405	1622.62584
6591.99014	1632.17840
6584.66303	1636.57033
	
Math-AUGMECON-II_29:	14
8014.68885	1457.47073
7990.03674	1460.76338
7980.60602	1462.59069
7949.85839	1464.40264
7340.74405	1475.32217
7291.30133	1475.32217
7283.01706	1475.32217
7248.93423	1480.44214
6622.45116	1618.23391
6615.12405	1622.62584
6591.99014	1632.17840
6584.66303	1636.57033
6579.78169	1669.94964
6572.45458	1674.34157
	
Math-AUGMECON-II_30:	23
8014.68885	1457.47073
7724.08332	1471.41848
7714.89408	1475.01022
7283.01701	1475.32216
7248.93423	1480.44214
7236.17659	1485.61768
7231.56563	1486.49765
7210.40372	1490.20127
7197.63834	1491.13683
7163.55551	1496.25679
6849.38568	1542.57839
6849.29630	1548.11357
6837.77061	1548.89045
6803.68778	1554.01041
6802.44809	1554.16909
6774.10025	1580.60617
6747.00348	1593.64871
6743.63922	1594.55066
6740.43365	1606.49581
6713.38602	1610.39694
6669.29938	1612.17840
6615.12405	1622.62584
6584.66303	1636.57033
