Numfront:	
61	
	
AUGMECON-II:	20
6952.19150	2189.58208
6957.17052	2167.22486
6962.13423	2163.90430
6962.89488	2141.45307
6967.85859	2138.13251
6969.39769	2127.31094
6992.49108	2113.27969
7011.11993	2104.17628
7038.23514	2091.23637
7066.23396	2078.14840
7081.13194	2066.23502
7107.84741	2053.79310
7141.43864	2042.27502
7180.54362	2030.45460
7218.57136	2016.51011
7275.66716	2004.73553
7439.04752	1994.14943
7510.75154	1983.34580
7859.62146	1970.52079
8181.31916	1958.83182
	
NSGA-II_1:	67
10998.33247	2089.88583
8536.35567	2357.18030
10154.14851	2102.63823
9910.32269	2104.93318
9699.72629	2109.16629
8583.53576	2311.56719
8551.68301	2330.53868
8539.72650	2352.15329
8590.81365	2291.45078
9280.00632	2133.04863
9294.11275	2130.68795
9408.64494	2128.61589
9673.41946	2109.16629
9544.78084	2113.59903
9222.59467	2146.74346
9422.75137	2126.25521
9544.78084	2113.59903
8949.91211	2182.44032
9062.74306	2172.97430
8651.05066	2263.55006
8864.28760	2200.85651
8935.80568	2184.80100
8604.02581	2282.28164
8803.25734	2220.65886
8632.50773	2268.33715
9190.44351	2160.13755
8776.70883	2222.44032
8722.56875	2247.49455
8990.55655	2179.10181
8919.03847	2195.15732
9019.46190	2175.87177
8578.85714	2313.06539
9080.53675	2172.75005
9120.86477	2162.24811
9179.96430	2161.37875
8860.91676	2205.88352
9208.48824	2149.10414
9192.42755	2154.63244
8763.52944	2227.94543
8844.85607	2211.41181
8745.84569	2234.35369
8636.94423	2265.91074
8618.13224	2279.92096
8682.84085	2254.78112
8664.29791	2259.56821
8919.03847	2195.15732
8932.43484	2189.82800
8878.39403	2198.49583
8731.73926	2236.71437
8848.22691	2206.38480
8703.25734	2250.65886
8575.48631	2318.09240
8728.36842	2241.74138
8773.33799	2227.46732
9106.75834	2164.60879
9083.65178	2167.94729
8594.18449	2286.42377
8555.05384	2325.51167
8760.15861	2232.97244
8835.04752	2211.88992
8831.67669	2216.91693
8717.36377	2248.29818
8564.89516	2321.36954
8622.66641	2272.47928
8622.56875	2277.49455
8817.36377	2218.29818
9222.59467	2146.74346
	
NSGA-II_2:	69
9345.47223	2073.50576
7947.55636	2353.04742
8917.81794	2082.89652
8748.58033	2085.22149
9185.41218	2074.73682
8116.35550	2237.46644
8131.29725	2209.00575
8966.51019	2076.45255
9108.48738	2075.22149
7977.02858	2306.56986
8467.82218	2123.54147
8568.96766	2121.01363
7980.99513	2284.16468
7954.57956	2325.92848
7948.96948	2341.65256
8172.41295	2200.97471
8192.92925	2186.05896
8042.62713	2261.21789
8178.91577	2189.74365
8022.11083	2276.13364
7961.08237	2314.69743
8067.32816	2255.23044
8084.52539	2251.74014
8222.60129	2177.99945
8419.12993	2129.98544
8066.67631	2259.50217
8589.17740	2117.52333
8017.13982	2278.20569
8169.35991	2203.60533
8333.06231	2151.11506
8613.22659	2115.80760
8941.86712	2081.18079
8613.82047	2112.79508
7959.55057	2323.85643
8023.64264	2266.97464
8216.97843	2184.34323
8288.20950	2159.33361
8145.31072	2205.32106
7966.05338	2312.62537
8724.53115	2086.93722
8278.74720	2163.90281
8584.14843	2120.85460
8679.67833	2095.15576
8699.88808	2091.66546
8398.92018	2133.47574
8218.36922	2182.30027
8089.25085	2248.30879
8244.52398	2171.07780
8332.46843	2154.12757
7995.00860	2280.47999
8383.53329	2141.46124
8377.57090	2146.93556
8664.29145	2103.14127
8661.25529	2109.19678
8637.86965	2111.07936
8443.77299	2125.25720
8723.93726	2089.94973
8942.46100	2078.16828
8322.15715	2155.82628
8108.23534	2242.55205
8028.61365	2264.90258
8308.41925	2155.84330
8240.29191	2175.37862
8387.76536	2137.16043
8668.52352	2098.84045
8432.61818	2128.94189
8353.52172	2148.65129
8112.12344	2241.76725
8094.22186	2246.23674
	
NSGA-II_3:	65
9354.87217	2025.41552
8283.89938	2245.51016
9195.81399	2028.90583
9332.86207	2027.84193
9173.80389	2031.33223
9078.16499	2034.21329
9033.75731	2041.94716
8291.63325	2225.51016
8945.14590	2045.99475
8827.49690	2051.30221
8909.02936	2050.78183
8514.02795	2107.48767
8519.88581	2093.34553
8326.45392	2161.62665
8707.45840	2065.37862
8768.98278	2061.39676
8923.13579	2048.42115
8302.25450	2221.28270
8302.63702	2209.58529
8305.92681	2200.29250
8310.37089	2189.58529
8323.16412	2170.91944
8313.66069	2180.29250
8369.15344	2146.84303
8372.44324	2137.55025
9056.15489	2036.63970
9055.76741	2039.52076
8646.80641	2077.80503
8616.77654	2080.68608
8791.38037	2056.08930
8390.43014	2129.91092
8340.56035	2159.26597
8444.06259	2124.12582
8668.81651	2075.37862
8460.69437	2116.55223
8556.00234	2088.55845
8482.70448	2114.12582
8571.60213	2084.73527
8422.05249	2126.55223
8556.00234	2088.55845
9332.86207	2027.84193
9033.75731	2041.94716
8693.35197	2067.73930
8813.39047	2053.66289
9354.87217	2025.41552
8593.61223	2082.30886
8685.44829	2067.80503
8500.72157	2112.01138
8304.42649	2206.84432
8344.44082	2153.98733
8386.54967	2135.18957
8404.53657	2127.55025
8483.27095	2112.01826
8671.34186	2070.16571
8444.41807	2120.98485
8533.99224	2090.98485
8358.54725	2151.62665
8805.48680	2053.72862
8446.58794	2118.91291
8790.99289	2058.97036
8660.91284	2075.44435
8783.08921	2059.03608
8505.28105	2109.59185
8467.67117	2115.84144
8426.54667	2125.12384
	
NSGA-II_4:	66
8626.41938	2048.55136
7764.84385	2194.02448
8569.44241	2053.46711
8459.68248	2053.85883
8239.61046	2075.76206
8413.86033	2055.08988
8285.18076	2071.39505
7969.20375	2114.79438
8091.55390	2097.99082
8329.32487	2065.08988
8037.55026	2098.38254
8096.82985	2097.93524
8383.32852	2064.69816
7868.80845	2138.73887
7964.99588	2123.01292
7769.05172	2185.80593
7788.15023	2175.35863
7792.35809	2167.14008
8110.93089	2092.06723
7864.60059	2146.95741
8402.70551	2058.77457
8580.59723	2049.78242
7979.49812	2112.36797
7994.45961	2105.24168
8318.17005	2068.77457
7773.84568	2181.08457
8200.64530	2081.39505
8166.22982	2082.07737
8250.76528	2072.07737
7850.29604	2152.68335
8122.08571	2088.38254
8110.93089	2092.06723
8250.76528	2072.07737
8239.61046	2075.76206
7845.50207	2157.40471
7855.54640	2149.56649
7841.96482	2160.16399
7824.29392	2163.96563
8133.43355	2086.51011
7809.16855	2164.59673
8155.07501	2085.76206
7934.81971	2131.09955
7900.74428	2135.56441
7879.10282	2136.31246
8296.52860	2069.52262
8026.39544	2102.06723
7835.44874	2160.28094
7831.01223	2162.70735
7949.94508	2130.46845
8004.75398	2102.81527
7780.36177	2180.96762
7802.65247	2164.71368
7955.94169	2125.62200
7950.69134	2128.73887
7788.15023	2175.35863
7784.14006	2178.65817
8122.08571	2088.38254
8004.75398	2102.81527
8033.11375	2100.80895
7928.30363	2131.21649
8166.22982	2082.07737
7907.46259	2134.30613
7911.89909	2131.87972
8161.79332	2084.50378
8324.88836	2067.51629
7798.87418	2167.02314
	
NSGA-II_5:	63
8332.04220	2050.94087
7391.24197	2262.56485
7713.21779	2074.79438
7857.98106	2074.63570
7424.60247	2183.93635
7423.27556	2202.97567
8197.54995	2056.99638
8275.69807	2056.86446
7941.90207	2070.80906
8010.68264	2070.42784
7908.37326	2074.24052
7524.98973	2112.17390
7521.00787	2120.49388
8084.81475	2063.16974
8141.20582	2062.91997
7393.67238	2231.80981
7392.56889	2243.52554
7392.34547	2250.84913
7422.51087	2206.32541
8187.12413	2059.35706
8295.76275	2054.92432
7616.66096	2085.59801
7643.68136	2081.91052
7430.13459	2177.11780
7544.98973	2103.95536
7534.46935	2110.45817
7572.61178	2095.53228
7583.13216	2089.02947
8054.63728	2064.63570
7453.44096	2158.45196
8320.88738	2054.62555
7445.36562	2169.79422
7468.67200	2151.12837
7445.53500	2164.69139
7414.60491	2212.56485
7409.07280	2219.38341
7399.20450	2224.99126
7440.00289	2171.50995
8165.08034	2060.29592
7501.68336	2130.83975
7392.34547	2250.84913
7486.28294	2143.26615
8030.58809	2066.35143
7592.61178	2087.31374
7917.85288	2072.52479
7664.31580	2076.51011
7688.36498	2074.79438
7488.84138	2137.80700
7563.13216	2097.24801
7554.46935	2102.23963
7463.30927	2152.84410
7511.52825	2122.20961
8286.28313	2056.64005
7509.58931	2124.60031
7654.83618	2078.22584
8322.56258	2052.65660
7414.43553	2217.66768
7468.84138	2146.02555
7496.12784	2134.63601
8021.10847	2068.06716
7653.16098	2080.19480
8030.58809	2066.35143
7478.32100	2144.30982
	
NSGA-II_6:	68
9709.52135	2046.73591
8286.47758	2357.64055
8286.47758	2357.64055
8286.98011	2317.74587
8386.87168	2233.38084
9315.90016	2068.99023
9442.85721	2061.46415
8989.32690	2107.17829
8681.70417	2149.24264
9029.24963	2087.79488
8437.88076	2199.98218
9548.38053	2060.23143
9481.71207	2060.81232
9594.73963	2052.56329
9023.47626	2092.98057
8392.29044	2220.06894
8302.21919	2309.97463
8352.29044	2250.06894
8793.73168	2116.42440
8989.87264	2093.71847
8793.18594	2129.88421
9231.04398	2077.90124
9276.52317	2074.91382
8605.71847	2156.13391
8978.56090	2108.13324
8352.15155	2262.32294
8336.85645	2281.69036
8336.99534	2269.43636
9579.90829	2054.92397
8474.40893	2184.80664
8576.09413	2160.86215
8504.03327	2180.07840
8539.56595	2176.03769
8302.27521	2298.37846
8641.70090	2154.41818
8431.79112	2209.28518
8402.16678	2214.01342
8692.04648	2140.36888
8296.85645	2311.69036
9141.37534	2082.62948
9670.66648	2047.38775
9633.59450	2051.91146
9354.75503	2068.33840
8467.50509	2195.25394
8569.19029	2171.30945
8342.27521	2268.37846
9192.18911	2078.55307
9384.01595	2066.19240
9419.99839	2064.47667
8793.73168	2116.42440
9156.20668	2080.26880
8757.20350	2131.59994
8833.73494	2111.24885
8645.72173	2150.95837
9065.23207	2086.07915
8829.71411	2114.70867
8939.70604	2108.78508
9104.08694	2085.42732
8908.57225	2108.88129
8869.71738	2109.53313
8326.98011	2287.74587
8376.99534	2239.43636
8362.16678	2244.01342
8989.87264	2093.71847
8728.02892	2138.65316
8312.15155	2292.32294
8757.20350	2131.59994
9655.83514	2049.74843
	
NSGA-II_7:	72
9145.47335	2053.22236
7832.43104	2329.68210
8567.35272	2079.88385
8868.24536	2079.78764
7860.94775	2262.71909
7854.55910	2286.21913
7842.74411	2313.82706
7845.37825	2292.89614
7953.14754	2198.15475
8385.69304	2091.04918
9109.60698	2058.39790
8915.95903	2073.64978
9012.03338	2064.25576
8018.17526	2153.12774
7986.65291	2179.78924
8256.40372	2116.42237
7931.53490	2206.62819
8195.48551	2125.68447
8955.96229	2068.47424
8888.57031	2075.48682
8156.05355	2134.55811
7833.56326	2320.50407
8001.62519	2164.81624
7993.14754	2168.15475
8163.90493	2130.47156
7891.53490	2236.62819
7961.62519	2194.81624
9061.38726	2058.52982
8433.91276	2090.91726
8963.81367	2064.38769
8531.48635	2085.05940
8483.26664	2085.19132
7923.05726	2209.96669
7878.39474	2255.30418
7918.39474	2225.30418
9031.15597	2063.15663
7971.03804	2190.90715
7978.17526	2183.12774
8054.04163	2147.95220
7883.05726	2239.96669
7880.16605	2248.18524
8327.68591	2100.31128
7870.12861	2256.04208
7853.64438	2292.15823
7910.12861	2226.04208
7869.21389	2261.98119
7836.51821	2318.43201
8066.02990	2143.86564
8128.03856	2135.64710
7900.94775	2232.71909
8124.52794	2136.39515
7920.16605	2218.18524
8234.86250	2119.76088
8198.99613	2124.93642
8349.82667	2096.22472
7909.21389	2231.98119
8026.65291	2149.78924
8283.34190	2108.82533
9145.47335	2053.22236
8088.66157	2141.57069
8310.44968	2102.14832
8291.81954	2105.48682
8464.63650	2088.52982
8927.94730	2069.56323
8548.72258	2083.22236
9047.89975	2059.08022
8062.51928	2144.61369
8217.02673	2122.34596
8367.06290	2094.38769
9025.52089	2063.70537
8880.09266	2078.82533
7883.05726	2239.96669
	
NSGA-II_8:	70
8508.36711	2049.78242
7586.21141	2277.18692
8399.73386	2054.99693
8299.71079	2055.83793
8422.64494	2053.76588
8485.45603	2051.01348
8157.87746	2079.13907
8103.59426	2081.21112
8100.71888	2082.44218
7772.57361	2164.98481
8051.71137	2084.70143
7621.96326	2225.50845
8187.33394	2073.86731
8014.52023	2096.32420
7733.04814	2183.65066
7656.18210	2212.07699
7964.62367	2106.41549
8011.64486	2097.55526
8229.60769	2067.51629
7591.43327	2261.32906
7592.74123	2251.61955
7670.59516	2211.04032
7699.37396	2190.67385
7610.80844	2229.19314
7597.96309	2235.76168
8037.68118	2089.61717
7642.13608	2223.98023
7749.48023	2179.01605
7891.35457	2130.70653
8276.79971	2057.06899
7852.40312	2138.67964
7710.52878	2186.98916
7595.63243	2243.40100
7644.51378	2221.61955
7874.92248	2135.34114
7841.24830	2142.36433
7834.27344	2149.39032
7692.39910	2197.69984
7950.31432	2111.49975
8048.83599	2085.93248
7987.50546	2099.87697
8265.64489	2060.75368
8238.57428	2062.34075
7588.54207	2269.54760
7589.10261	2268.96838
7595.07188	2243.98023
7676.28058	2204.70509
7939.15950	2115.18444
7797.28516	2163.49395
7914.44795	2116.67529
7899.04269	2125.08134
7761.41879	2168.66950
8218.45287	2071.20098
8210.24502	2072.63625
7738.32541	2182.70074
7880.19975	2134.39122
7757.16834	2173.39086
7903.29314	2120.35998
7885.16346	2131.07066
7967.49904	2105.18444
7687.43540	2201.02040
7743.28912	2179.38018
7823.11863	2153.07501
7645.02728	2215.76168
8223.20031	2068.69176
7808.43998	2159.80927
7818.15492	2156.39557
7903.29314	2120.35998
7975.77849	2102.73080
8422.64494	2053.76588
	
NSGA-II_9:	62
8905.73683	2040.87665
7880.75941	2320.15138
7910.07629	2260.41130
7913.87336	2237.20460
8282.96370	2090.85511
8304.29377	2087.35632
8028.22562	2165.63547
8787.86343	2046.18411
8846.70014	2046.09804
8040.51862	2155.24530
7893.32136	2278.36993
7918.10844	2223.06246
7889.08627	2292.51206
7884.99450	2306.00925
8866.88196	2041.52848
8735.51826	2046.83595
8484.85017	2063.92487
8537.19534	2063.27304
8089.73044	2130.45981
8120.76060	2124.15465
8311.81172	2080.94806
8089.73044	2130.45981
8065.19498	2138.09913
8239.46331	2098.97910
8692.93885	2056.71297
7985.41606	2186.18587
8403.00220	2076.77870
8580.23144	2060.33313
8246.98126	2092.57084
8599.19636	2059.84846
8328.82923	2079.71700
8364.81166	2078.00128
8426.47015	2070.94806
8616.21387	2058.61740
8137.77811	2122.92359
8448.86773	2065.64060
8655.06874	2057.96557
7987.47603	2180.16932
7951.07628	2194.95481
7962.94058	2187.80864
7924.61292	2215.97354
7936.47722	2208.82738
8713.12067	2052.14341
8409.45264	2072.17912
8065.19498	2138.09913
7944.57180	2202.04373
7907.81962	2260.41130
7901.31514	2267.50022
8563.21393	2061.56419
8431.85022	2066.87165
8060.95989	2152.24127
8145.29606	2116.51532
8166.88018	2114.15465
8062.30378	2146.31768
8222.44580	2100.21016
8210.12652	2104.89255
8003.69017	2173.27479
8191.41564	2106.51532
8185.59106	2112.53187
7899.13663	2273.64169
8384.03727	2077.26337
8696.10316	2053.37447
	
NSGA-II_10:	71
8868.49669	2087.78504
7676.65875	2326.76209
8857.34187	2091.46973
8382.46283	2093.06368
7710.34670	2276.76209
7718.23567	2254.84871
7752.90303	2227.95220
7735.54212	2245.65234
7676.65875	2326.76209
7682.97079	2310.70657
7684.54772	2304.84871
8360.06525	2098.37114
7690.85977	2288.79320
8286.15032	2099.63222
8079.67763	2134.35358
7917.13148	2176.87294
7708.16621	2279.59683
7794.02480	2211.73801
7795.40766	2202.54164
7928.18894	2173.93304
7853.67161	2192.05863
7943.56327	2173.02631
8212.68237	2113.03645
8252.59792	2108.62437
8107.11008	2133.31691
8121.09659	2129.07494
7889.60167	2178.65439
7889.60167	2178.65439
7877.72696	2183.37575
7794.02480	2211.73801
7952.52986	2167.85076
8043.74757	2147.75781
7707.67466	2286.09964
7735.05056	2252.15516
7770.20947	2218.75583
7769.71792	2225.25864
8176.81600	2118.21200
8007.88120	2152.93336
8032.59275	2151.44250
8143.26360	2127.20415
7684.54772	2304.84871
7973.06084	2166.00192
8118.26490	2129.63222
8007.88120	2152.93336
7996.72638	2156.61804
7985.48362	2158.24082
7974.32880	2161.92551
8046.12523	2143.34573
8274.99550	2103.31691
8068.52281	2138.03827
8263.75274	2104.93969
8154.41842	2123.51946
8165.66119	2121.89668
8176.81600	2118.21200
8037.15864	2148.52128
7817.80524	2197.23417
7845.33505	2195.45271
7780.66055	2216.03882
7817.80524	2197.23417
7795.40766	2202.54164
7855.32938	2188.68322
8201.52755	2116.72114
7770.20947	2218.75583
7867.20408	2183.96186
7973.06084	2166.00192
7996.72638	2156.61804
8165.66119	2121.89668
8057.28004	2139.66104
8371.30802	2096.74837
8109.94177	2132.75963
8057.28004	2139.66104
	
NSGA-II_11:	71
8040.64999	1998.90769
7085.43293	2258.28198
7085.52748	2203.00334
7086.59640	2140.73376
7086.50185	2196.01240
7811.56737	2002.40487
7937.60585	2002.33915
7764.60710	2005.35166
7644.83047	2007.71234
7477.95658	2024.15631
7394.16238	2024.80126
7090.83149	2126.59162
8017.73891	2000.13875
7961.65504	2000.62342
7116.09972	2103.11078
7198.98840	2053.75771
7121.28339	2089.70655
7144.14247	2081.39703
7098.65672	2118.66368
7210.05918	2045.53916
7144.58977	2071.04070
7102.00697	2118.37308
7620.78128	2009.42807
7938.74396	2001.85448
7621.91939	2008.94340
7787.51818	2004.12060
7262.42674	2039.03635
7263.56484	2038.55168
7234.10836	2043.82343
7500.86766	2022.92525
7163.94482	2062.82216
7152.67639	2067.70219
7190.70413	2053.75771
7136.05584	2084.73553
7239.51566	2040.26740
7597.87021	2010.65912
7358.17994	2026.51699
7524.91684	2021.20952
7502.00576	2022.44058
7335.26886	2027.74805
7644.83047	2007.71234
7788.65629	2003.63593
7477.95658	2024.15631
7371.25130	2026.03232
7311.21968	2029.46377
7334.13076	2028.23272
7104.92424	2111.32932
7107.19064	2104.96885
7300.06486	2033.14846
7311.21968	2029.46377
7586.71539	2014.34381
7594.70590	2013.99763
7210.05918	2045.53916
7286.47592	2037.32062
7172.03144	2059.48365
7140.63844	2081.48800
7184.63235	2057.55040
7184.63235	2057.55040
7172.03144	2059.48365
7234.10836	2043.82343
7239.51566	2040.26740
7130.49702	2086.30300
7560.89928	2019.49380
7549.07726	2020.23170
7573.12645	2018.51597
7583.55108	2017.68232
7597.87021	2010.65912
7299.54728	2036.83595
7537.98820	2020.72485
7583.55108	2017.68232
7550.21537	2019.74703
	
NSGA-II_12:	52
7953.05723	1994.48557
7525.74029	2177.60299
7786.32033	1999.79303
7554.84430	2141.36355
7557.77388	2118.01380
7704.57253	2023.47084
7671.04652	2029.39443
7752.17820	2008.01157
7661.02338	2038.19908
7671.04652	2029.39443
7526.84378	2165.88726
7562.46801	2112.15594
7581.08025	2099.34795
7637.71700	2056.86493
7642.81384	2048.76185
7734.00707	2017.61985
7715.72735	2019.78615
7775.16552	2003.47772
7619.50746	2067.42769
7579.75100	2107.72320
7550.15016	2147.22141
7548.82091	2155.59666
7585.77439	2093.49009
7554.84430	2141.36355
7526.84378	2165.88726
7661.02338	2038.19908
7602.46801	2082.15594
7656.32925	2044.05694
7531.53792	2160.02940
7749.86948	2011.56761
7546.24170	2159.03920
7597.77388	2088.01380
7614.00707	2074.12267
7619.50746	2067.42769
7647.74014	2048.06028
7654.00707	2044.12267
7577.17179	2111.16574
7632.79070	2057.56650
7630.70069	2062.78852
7705.18866	2021.17588
7625.77439	2063.49009
7590.70069	2092.78852
7579.75100	2107.72320
7577.17179	2111.16574
7741.02338	2011.69626
7609.31293	2079.98053
7609.48432	2076.23234
7738.71466	2015.25229
7604.79019	2082.09021
7647.74014	2048.06028
7642.81384	2048.76185
7628.09656	2063.42436
	
NSGA-II_13:	67
7782.97580	2015.53228
7289.73729	2227.83324
7610.73332	2031.83745
7698.73911	2031.45587
7321.77087	2168.24405
7756.02196	2025.07483
7727.04574	2028.93651
7290.84078	2216.11751
7579.05812	2041.38000
7554.80326	2045.24168
7319.49790	2181.11079
7384.59739	2114.21516
7526.49663	2047.76104
7332.50375	2157.79675
7301.57366	2205.67021
7301.82856	2195.22290
7332.75865	2147.34944
7296.32178	2209.81234
7327.25187	2161.93888
7346.42626	2135.05449
7315.49616	2182.92795
7716.40725	2029.67442
7409.92850	2100.52032
7423.64844	2097.21064
7373.44257	2117.89984
7588.47890	2037.30359
7505.92104	2055.52214
7494.80326	2059.38382
7771.82098	2019.21697
7398.77368	2104.20501
7483.64844	2063.06851
7515.34181	2051.44573
7771.87619	2017.31374
7544.16477	2045.97958
7429.65195	2092.75312
7439.07272	2088.67672
7474.22766	2067.14491
7483.64844	2063.06851
7448.89655	2080.83975
7474.18869	2071.28705
7464.40383	2074.98188
7448.85758	2084.98188
7359.88773	2125.01879
7385.21885	2111.32395
7599.57850	2035.52214
7610.73332	2031.83745
7599.63371	2033.61891
7306.03642	2191.14649
7336.96651	2143.27304
7342.21839	2139.13090
7331.23062	2160.02550
7355.67987	2129.09519
7311.28830	2187.00436
7300.30053	2207.89896
7350.42799	2133.23733
7355.67987	2129.09519
7306.03642	2191.14649
7292.11392	2213.88875
7554.80326	2045.24168
7369.23471	2121.97625
7760.72138	2020.99843
7323.04401	2166.01529
7458.31733	2076.76334
7424.78494	2096.56569
7453.69316	2079.05829
7474.22766	2067.14491
7394.56582	2108.28142
	
NSGA-II_14:	77
8324.16105	2005.27858
7364.79428	2222.87246
8150.92134	2010.58605
8285.08486	2010.15862
8036.55675	2031.03335
7914.94154	2032.30178
7680.71735	2079.52752
7553.24519	2098.45675
7531.69876	2118.58867
7455.24006	2155.34114
7877.24171	2038.70838
7623.98853	2090.65715
7683.88166	2076.18902
7526.15495	2125.25016
7391.88453	2196.07904
7408.61553	2190.02353
8074.14532	2021.87269
7753.97220	2057.67497
7789.57237	2056.08759
7387.63393	2210.22118
7582.71634	2095.11824
7641.16306	2083.98014
7532.71069	2110.37012
7391.88453	2196.07904
7389.58270	2204.29758
7452.93823	2163.55968
7550.94336	2106.67529
8083.11191	2016.69714
7834.03673	2047.02314
7372.75633	2216.81694
8122.18810	2011.81711
7886.20830	2033.53283
8111.84515	2015.46609
7449.94591	2168.43972
7740.02604	2067.12457
7719.28535	2070.03565
7800.57695	2052.74908
7818.99315	2050.81583
8042.01111	2021.96890
7845.10750	2038.80459
7436.12003	2177.25451
7718.83638	2071.26671
7694.88625	2072.85051
7593.85118	2091.77974
7408.61553	2190.02353
7489.25046	2141.71401
7412.41904	2184.16566
7429.15003	2178.11015
7372.75633	2216.81694
7514.88056	2132.28350
7380.72655	2211.93690
7841.94319	2042.14310
7469.35516	2151.10803
8324.16105	2005.27858
8295.42782	2006.50964
7627.15284	2087.31864
8077.92299	2020.42737
8038.84680	2025.30741
8292.26351	2009.84815
7556.40950	2095.11824
7750.80789	2061.01348
7493.05397	2135.85614
7829.99773	2047.47732
7824.57300	2050.71797
7516.75497	2128.94500
7428.14982	2182.13455
7452.93823	2163.55968
7747.93251	2062.24453
7508.78475	2133.82503
7445.42922	2174.56294
7472.51947	2147.76952
7475.77457	2143.42776
8081.08730	2017.08886
7448.68432	2170.22118
7883.04399	2036.87134
7529.31926	2121.91166
7535.87500	2107.03162
	
NSGA-II_15:	62
8113.57308	2014.93287
7511.46285	2201.11418
7765.16024	2030.34177
7864.76603	2028.62604
7519.69663	2162.80466
7514.35405	2192.89564
7552.46888	2143.90380
7554.16287	2122.70245
7977.57408	2020.24033
8036.07089	2017.39498
7557.05408	2114.48390
8067.75092	2016.16392
8036.07089	2017.39498
7668.61888	2052.70245
7549.57768	2152.12234
7522.58783	2154.58612
7548.82030	2152.79342
7626.93513	2073.80158
7594.16287	2092.70245
7597.05408	2084.48390
7584.04392	2112.02013
7954.66300	2021.47139
7931.75192	2021.47139
7592.63959	2097.29877
7586.93513	2103.80158
7552.46888	2143.90380
7735.70376	2035.61353
7754.00542	2034.02645
7679.77370	2049.01776
7639.65591	2061.37517
7615.22520	2074.87562
7931.75192	2021.47139
7908.84084	2022.70245
7706.74078	2044.28625
7632.63959	2067.29877
7695.58597	2047.97094
7604.07039	2078.56031
7650.81072	2057.69049
7724.54894	2039.29821
7716.55640	2042.31073
7891.30295	2022.70245
7735.70376	2035.61353
7880.20335	2024.48390
7695.64118	2046.06771
7724.60415	2037.39498
7765.16024	2030.34177
7754.06064	2032.12322
7709.23018	2043.74600
7584.07039	2108.56031
7626.65231	2074.87562
7880.14814	2026.38713
7604.07039	2078.56031
7584.07039	2108.56031
7584.04392	2112.02013
7875.86563	2026.84458
7869.04853	2028.16859
7880.20335	2024.48390
7754.06064	2032.12322
7754.00542	2034.02645
7695.58597	2047.97094
7695.64118	2046.06771
7724.54894	2039.29821
	
NSGA-II_16:	67
8743.58532	2019.39050
7770.55463	2219.08732
7787.39066	2195.27731
7787.54715	2156.81774
8516.32804	2029.96972
8577.39762	2029.91248
7822.08131	2133.45936
7825.28268	2121.64220
8238.98893	2045.83607
8601.80281	2026.58085
8504.45378	2030.62155
8622.62884	2025.25684
8099.47226	2057.58062
8181.57387	2052.36611
7885.56622	2092.27347
7891.87150	2083.02152
8441.19372	2034.60501
8668.45100	2024.02579
7816.29864	2138.90774
8350.14035	2040.49170
8311.28548	2041.14353
7988.32084	2062.92499
8060.61739	2058.23245
8027.17570	2062.27316
8277.84380	2045.18424
7931.12376	2072.14481
7866.91916	2100.10309
8144.70347	2052.92499
8395.37156	2035.83607
7918.88486	2077.45228
8731.71106	2020.04233
8432.24196	2035.27719
8659.49924	2024.69796
8470.50589	2031.20078
8697.76316	2020.62155
7875.27185	2094.69988
8207.96353	2048.94153
8190.52563	2051.69393
7831.33493	2112.22830
7830.24639	2118.32163
7817.08041	2138.15969
8374.54554	2037.16008
8357.10764	2039.91248
8458.63162	2031.85261
8206.19265	2050.26880
8106.43955	2057.00140
8123.87745	2054.24900
7792.51085	2153.49718
7786.30212	2201.37064
7775.51834	2215.76676
7776.60688	2209.67343
7974.21441	2065.28567
7793.59940	2147.40385
7778.43612	2209.67343
7955.52456	2067.35772
8046.51096	2060.59313
7781.33841	2204.69120
7844.52158	2105.41055
8685.88890	2021.27339
7836.29864	2108.90774
7798.56310	2144.08328
7905.97793	2080.66084
7853.15332	2103.33850
8297.81248	2044.27902
7941.41813	2069.71840
8230.35719	2047.90812
7932.78639	2071.79046
	
NSGA-II_17:	75
8653.01866	2022.34075
7604.20399	2276.80437
7634.21184	2232.71584
7612.09297	2254.89100
7607.18721	2272.53032
8180.96017	2059.56159
7662.50242	2217.86944
7674.54906	2209.57829
7711.16572	2186.21702
7626.23101	2246.93225
7822.45512	2130.40625
8123.15654	2061.07279
8089.92971	2066.25848
8048.56585	2068.07564
8007.19766	2070.33488
7918.74816	2090.68597
7814.43427	2137.70917
7718.38010	2171.81393
7775.58468	2147.15877
8051.44123	2066.84458
8570.28661	2026.41716
8613.94810	2024.90596
8244.16505	2042.21777
7895.65477	2104.71721
7730.27675	2161.81393
7842.56529	2120.64907
7856.70333	2112.69032
8197.14386	2051.07801
7659.51920	2222.14350
8460.04227	2032.83390
7741.43157	2158.12924
8394.32772	2035.67925
7715.39688	2176.08799
8300.03743	2040.33488
8261.18256	2040.98672
8343.91462	2036.91031
7756.54296	2157.95262
7943.45971	2089.19512
7789.72272	2139.20002
8382.76948	2036.25848
8528.63991	2030.21342
8326.89711	2038.14136
7692.29390	2196.34091
8531.21604	2028.98237
7765.49831	2151.88013
7968.45592	2076.74148
7833.60994	2126.72157
7899.50672	2097.70917
7881.41488	2111.19947
7993.16747	2075.25063
8477.05978	2031.60284
8183.83555	2058.33053
8502.42434	2030.95101
8445.90785	2034.28983
8419.69229	2035.02742
7681.13908	2200.02559
8553.26910	2027.64821
8098.22811	2063.63800
8120.28117	2062.30384
8630.96561	2023.67490
7727.29353	2166.08799
7648.34988	2224.75710
8233.01023	2045.90246
7954.61453	2085.51043
7996.04284	2074.01957
7637.19506	2228.44179
7615.07619	2250.61694
7907.59334	2094.37066
8208.29868	2047.39332
7890.84546	2109.35182
7778.56790	2142.88471
7957.30110	2080.42617
7678.15586	2204.29965
7708.18250	2190.49107
7971.33129	2075.51043
	
NSGA-II_18:	62
9687.69705	2091.55326
8425.97249	2314.71107
9065.78072	2107.22720
9456.46439	2106.40654
8432.26291	2281.90309
8445.64540	2255.12188
8426.40505	2296.04523
8446.07795	2236.45604
8918.51105	2111.07884
9012.76133	2110.71750
8473.44180	2195.88461
8466.54228	2209.95322
8451.93582	2222.31390
8603.34572	2141.87606
8552.27822	2144.97955
9644.33027	2093.11031
8495.23672	2154.58783
8875.14428	2112.63589
9022.41395	2108.78425
8721.01979	2129.77351
8491.01539	2161.09752
8479.29966	2181.74247
8630.84504	2141.12801
8477.66313	2189.37491
8489.37885	2168.72996
8641.99986	2137.44332
8822.12489	2116.12620
8858.99204	2115.06230
8785.19400	2122.59852
8748.32684	2123.66242
9575.15864	2099.02702
9546.11970	2099.81077
9483.47273	2104.42743
9517.57916	2103.19638
9483.47273	2104.42743
9628.17804	2095.53671
9599.13910	2096.32047
8675.13310	2135.69711
8732.17461	2126.08883
8691.28534	2133.27070
8791.69362	2122.10537
8675.13310	2135.69711
8865.49166	2114.56915
8805.97265	2118.55260
8691.28534	2133.27070
8513.62409	2149.41228
8605.29762	2141.48924
8541.12341	2148.66423
8487.08390	2172.87210
8483.52099	2175.23278
8477.66313	2189.37491
8482.86258	2179.38179
8477.00471	2193.52393
8801.34624	2120.17212
9642.50587	2094.76342
9589.48648	2098.25372
9634.67765	2095.04356
9582.98686	2098.74688
9529.96747	2102.23718
8473.44180	2195.88461
8477.00471	2193.52393
9591.31088	2096.60061
	
NSGA-II_19:	58
8344.86091	2052.52479
7591.26612	2142.17068
8332.98665	2053.17662
8101.03509	2054.81974
7822.23055	2088.81557
7824.32581	2079.17680
7897.87528	2074.00125
7829.63168	2075.12761
7951.03477	2063.48559
7623.00312	2125.79979
7663.10207	2112.36833
7719.51721	2101.14416
7643.00312	2117.58125
8008.27347	2061.38828
7638.56661	2120.00765
7703.00312	2107.58125
7739.61616	2095.93124
7898.74464	2072.37848
7715.08071	2103.57056
7934.72400	2066.56383
7611.26612	2133.95214
7610.14447	2138.02855
7925.74325	2071.57485
7802.33119	2089.07210
8089.16083	2055.47157
8020.14773	2060.73645
8036.14143	2058.96188
7618.56661	2128.22620
7753.11759	2091.56470
7610.14447	2138.02855
7595.70263	2139.74428
7926.61261	2069.95207
7615.70263	2131.52573
7779.51721	2091.14416
7752.24823	2093.18748
7692.39139	2109.94193
7667.53858	2109.94193
7618.56661	2128.22620
7939.16050	2064.13742
7663.10207	2112.36833
7744.05267	2093.50484
7739.61616	2095.93124
7801.46183	2090.69488
8073.16712	2057.24615
7699.51721	2109.36270
8020.14773	2060.73645
7951.03477	2063.48559
8036.14143	2058.96188
8089.16083	2055.47157
8048.01570	2058.31004
8061.29286	2057.89798
7925.74325	2071.57485
7828.76232	2076.75039
7825.19517	2077.55402
7897.87528	2074.00125
7753.11759	2091.56470
8048.01570	2058.31004
7744.05267	2093.50484
	
NSGA-II_20:	68
8715.52924	2008.23774
7364.15279	2138.49634
7489.80395	2104.99916
7595.98086	2094.25111
7547.31296	2099.91459
7681.49784	2083.47750
8313.24907	2022.70420
8242.23978	2025.54956
8669.70708	2009.46880
8041.84449	2041.85472
8104.24715	2038.20037
8161.69058	2032.66850
7486.18954	2113.80381
7464.54809	2114.55185
7463.60528	2122.28215
7645.63029	2087.81402
7421.66180	2133.41177
7430.80900	2126.71489
8598.69779	2012.31415
7730.16574	2077.81402
7890.21726	2059.75742
7623.98883	2088.56207
7903.85186	2054.50554
7656.78510	2084.12933
7741.32056	2074.12933
7857.18040	2067.82416
8242.23978	2025.54956
8475.33034	2017.39674
8598.69779	2012.31415
8358.49889	2021.47315
7961.29528	2048.97366
7996.02233	2043.08578
7915.47312	2050.20472
8115.86842	2033.89955
8404.32105	2020.24209
8196.41762	2026.78061
8552.87563	2013.54520
8358.49889	2021.47315
7984.40106	2047.38659
8104.24715	2038.20037
7878.59599	2064.05823
7890.21726	2059.75742
7452.45046	2125.96684
7511.44541	2104.25111
7396.94906	2134.06360
7385.79425	2137.74829
7846.02558	2071.50885
7522.60023	2100.56642
7607.13568	2090.56642
7595.98086	2094.25111
8404.32105	2020.24209
8438.63133	2018.85267
8521.15250	2016.16568
8184.79636	2031.08143
7811.85545	2072.24644
7984.40106	2047.38659
7878.59599	2064.05823
8438.63133	2018.85267
8552.87563	2013.54520
7547.31296	2099.91459
7811.85545	2072.24644
7421.66180	2133.41177
7766.03329	2073.47750
7787.14272	2072.89828
7522.60023	2100.56642
7464.54809	2114.55185
7452.45046	2125.96684
7511.44541	2104.25111
	
NSGA-II_21:	75
8888.19888	2024.46461
7610.25656	2264.49452
8644.37306	2026.75956
8830.50245	2026.34750
7649.82727	2202.58114
7648.47510	2224.49452
7611.60872	2242.58114
7610.25656	2264.49452
7813.92142	2130.35989
7648.47510	2224.49452
7636.00953	2237.79406
7997.15283	2078.22397
8263.79672	2050.38700
7673.84074	2188.50473
7663.93370	2200.22046
7936.54230	2090.94098
7950.64873	2088.58030
7776.04357	2147.27197
7975.18418	2080.94098
7800.57902	2139.63265
8071.46167	2069.15595
8560.28697	2032.06703
8394.79095	2042.71886
7884.32679	2111.87797
7925.10593	2098.18500
7687.94717	2186.14405
7691.52456	2176.46456
8842.37672	2025.69567
8876.32461	2025.11644
8514.46481	2033.29808
8548.41271	2032.71886
8297.74462	2049.80778
7895.46763	2102.16846
8498.31681	2037.28154
7928.26390	2097.73572
7838.45688	2122.72057
7765.74919	2149.69837
7841.23615	2118.73712
8347.88281	2045.07954
7692.17378	2167.82408
8442.16826	2037.99062
8155.99712	2059.15595
8100.37813	2066.15192
8586.67663	2028.64245
8191.50017	2055.07954
7716.57458	2163.03699
7867.21684	2115.72460
8336.00854	2045.73137
7828.57495	2125.72460
8024.55896	2075.94936
7727.00361	2157.75835
7790.28465	2142.05905
8632.49879	2027.41139
8598.55090	2027.99062
8247.64872	2054.37046
8502.59055	2033.94992
8177.39374	2057.44022
7816.70069	2126.37644
8472.95225	2037.93337
8222.28416	2055.02229
8430.29400	2038.64245
8406.66521	2042.06703
8057.35524	2071.51663
8038.66539	2073.58868
7759.79988	2153.32561
7741.11004	2155.39767
7961.07775	2083.30166
7702.46815	2165.39767
8144.12286	2059.80778
8130.01643	2062.16846
8321.90211	2048.09205
8059.58740	2069.80778
7687.94717	2186.14405
7625.71515	2240.22046
8114.48456	2063.79124
	
NSGA-II_22:	70
8005.65634	1985.58470
7099.33847	2180.03246
7099.97906	2142.44762
7745.91381	1990.89217
7912.65071	1985.58470
7838.91944	1990.89217
7578.23584	2007.98109
7485.23020	2007.98109
7106.27450	2120.24562
7104.27988	2139.10912
7186.58128	2069.03448
7287.76493	2048.29658
7618.43830	2006.10508
7185.29485	2079.32999
7884.30071	1990.63894
7129.58087	2101.57978
7125.16281	2110.32929
7240.11009	2057.38448
7172.11082	2084.98643
7301.20604	2042.79540
7142.63120	2094.92071
7310.68566	2041.07967
7379.99738	2022.21617
7368.40622	2027.00326
7196.06091	2067.31876
7721.86463	1992.60789
7685.02894	2000.82644
7440.11024	2016.19963
7234.03470	2059.00726
7416.06106	2017.91536
7888.60153	1987.30043
7700.79385	1999.11071
7717.56381	1995.94640
7318.04173	2034.57685
7451.70140	2011.41254
7200.50589	2062.43872
7674.20979	2001.69580
7627.91792	2004.38935
7650.16061	2003.41152
7651.96710	2002.67362
7216.06091	2059.10021
7278.28530	2050.01231
7270.53472	2053.60405
7120.19911	2113.64985
7111.23820	2116.92506
7461.18102	2009.69682
7352.64131	2028.71899
7137.66749	2098.24127
7177.19952	2081.10456
7450.02620	2013.38150
7406.58144	2019.63109
7389.47700	2020.50045
7261.05510	2055.31977
7157.66749	2090.02273
7162.63120	2086.70216
7134.54458	2098.25921
7154.54458	2090.04067
7721.86463	1992.60789
7888.60153	1987.30043
7334.87742	2030.43472
7327.52135	2032.86113
7209.98552	2060.72299
7281.68954	2049.91936
7413.52618	2018.78472
7379.99738	2022.21617
7206.58128	2060.81594
7389.47700	2020.50045
7461.18102	2009.69682
7343.16169	2030.43472
7676.74467	2000.82644
	
NSGA-II_23:	19
9070.37077	2045.50159
8298.11565	2139.14809
8586.11531	2045.77034
9070.37077	2045.50159
8537.47094	2062.27316
8424.20882	2068.71024
8395.43813	2087.66669
8419.51469	2074.56811
8303.97351	2125.00595
8302.80978	2133.29022
8364.51008	2095.79916
8358.74128	2103.49407
8344.38162	2105.11684
8308.66765	2119.14809
8339.68749	2110.97471
8369.20421	2089.94130
8327.99101	2114.20475
8313.63135	2115.82752
8383.56387	2088.31852
	
NSGA-II_24:	67
8653.29024	2012.91837
7905.56428	2181.10783
8547.91704	2012.91837
7907.11119	2158.13102
7926.78147	2120.35476
7924.73920	2134.65558
8175.00421	2047.89984
8396.70793	2024.14255
8039.41241	2070.65224
7939.84109	2113.78622
7923.06200	2143.34393
7910.00239	2149.91248
7942.73229	2105.56767
8155.13567	2049.68130
8103.60861	2056.51011
8065.22504	2068.89755
8342.61471	2028.45024
8368.07044	2025.92400
8175.92289	2044.30123
8406.29587	2020.65224
7947.42642	2099.70981
8011.22769	2081.68891
8079.54873	2064.88733
8028.77419	2080.67212
8195.28863	2041.78187
8116.91024	2054.95306
8479.18381	2015.38048
8084.24287	2059.02947
8547.91704	2012.91837
8502.09489	2014.14943
8319.70363	2029.68130
8266.68423	2033.17160
8449.07549	2017.63973
8426.16441	2018.87079
8525.00596	2014.14943
8034.71828	2076.51011
7975.17479	2092.29490
7983.87728	2087.93524
8266.68423	2033.17160
8459.31526	2017.16194
8319.70363	2029.68130
8246.81569	2034.95306
8379.17004	2024.14255
8289.59531	2031.94055
7966.69714	2095.63340
8242.28300	2036.51011
8150.60297	2051.23835
8502.09489	2014.14943
8222.41445	2038.29156
8208.59026	2040.22482
8047.67855	2069.91434
8299.83508	2031.46275
7923.91901	2138.73198
7958.43101	2096.37131
7955.69256	2098.97191
8130.73443	2053.01980
8122.46829	2053.75771
8187.02249	2042.51977
8032.41804	2077.15506
7994.88186	2084.59673
8002.96156	2082.42682
8072.07978	2066.57583
8142.33684	2051.97625
8234.01686	2037.24801
8092.50900	2058.29156
7992.14341	2087.19733
8128.00984	2053.17160
	
NSGA-II_25:	60
8514.96731	1985.72946
7432.12928	2199.36223
7670.98675	2035.44621
7668.37194	2062.01475
7451.58476	2182.38421
7496.23726	2135.79042
7502.14451	2121.05272
7507.10822	2117.73215
8342.82720	1992.75266
7452.12928	2169.36223
7948.69236	2017.38795
7627.70606	2075.40884
8492.91426	1987.06362
8325.80969	1993.98371
7516.23726	2105.79042
8396.90180	1990.01040
8435.97236	1987.44519
7446.22203	2184.09994
7466.22203	2154.09994
7442.45572	2194.32594
7462.45572	2164.32594
7723.35431	2028.94340
7695.03593	2033.73048
7545.29840	2091.84593
8293.05968	1995.08451
7650.98675	2065.44621
7574.75488	2086.57417
7536.92480	2100.51866
7495.28317	2140.15545
7487.10822	2147.73215
7769.79724	2026.74299
8056.44777	2007.93835
8159.22037	2001.36292
8199.36045	2000.29903
7912.70992	2019.10367
8016.30769	2009.00224
7612.17763	2080.68060
7805.77968	2025.02727
7844.63455	2024.37543
8238.21532	1999.64719
8120.36550	2002.01475
7977.45282	2009.65407
8095.30264	2007.28651
7610.73732	2084.85844
7953.40364	2011.36980
8242.99597	1997.93835
7875.37145	2023.15126
7437.09298	2196.04167
7874.23335	2023.63593
7890.31617	2019.58835
7747.40350	2027.22767
7960.43531	2010.88513
8260.01348	1996.70729
7597.66596	2085.34311
8418.95485	1988.67625
8285.37804	1996.05546
8103.34799	2003.24581
7788.76217	2026.25832
7977.45282	2009.65407
7482.14451	2151.05272
	
NSGA-II_26:	69
8963.52627	2093.69327
7776.49803	2335.09980
7779.38924	2326.88126
7789.28062	2270.10604
8481.43465	2109.70981
8757.53325	2108.74750
8886.59659	2105.18459
8774.73651	2105.40900
8218.79336	2126.86446
8304.13085	2126.86446
8920.15950	2095.25032
7845.42897	2236.25439
7824.32865	2243.55543
8011.02249	2165.66760
8438.06788	2111.26686
8354.70387	2126.74164
7868.53843	2220.05034
7792.17182	2261.88749
8175.42659	2128.42151
8215.91799	2128.09551
7848.32017	2228.03584
7871.41356	2214.00460
7914.03991	2199.76951
7904.97647	2204.07033
8057.27778	2153.70221
8089.18720	2145.12734
8027.38214	2159.07183
7993.81923	2169.00610
8158.22333	2131.76001
8762.31010	2107.12472
8902.95624	2098.58882
7939.32440	2189.03644
7812.39008	2253.90199
7936.44927	2195.08218
7969.16076	2180.30289
7948.38784	2184.73562
8402.20193	2120.07151
8082.67370	2148.38460
7984.31790	2171.33139
8398.57329	2122.43219
7893.82292	2209.31726
7902.88636	2205.01645
7982.68272	2173.14824
7801.23526	2257.58668
7880.47700	2209.70379
7857.38362	2223.73503
7815.26521	2247.85625
8069.77125	2151.72311
8016.22732	2162.75652
8891.80142	2102.27351
8157.11389	2133.79470
8098.11102	2144.24247
8109.26584	2140.55778
8420.86462	2114.60537
8409.70980	2118.29005
7921.19472	2199.74712
7812.37400	2256.07479
7868.52236	2222.22314
7925.19473	2196.08482
8044.58540	2155.73332
7975.25446	2175.63220
7959.54266	2181.05093
8371.90713	2123.40313
8126.31390	2140.33488
8141.86367	2138.35578
8066.89588	2152.95417
8147.06851	2135.44470
8430.56001	2113.04832
8078.05070	2149.26948
	
NSGA-II_27:	62
8465.13607	1999.35499
7631.63858	2179.88443
7637.45385	2175.15619
7649.48283	2156.25533
8296.01814	2016.28523
8214.46797	2016.44391
7873.63591	2066.80561
7679.29202	2137.58948
7674.01829	2148.61601
7776.01031	2097.54352
8127.82775	2024.21516
8378.49584	2007.12623
7961.96708	2039.52262
8007.78924	2038.29156
8082.00559	2025.44621
8419.31391	2000.58605
7778.08723	2088.71899
7830.35496	2071.23835
8465.13607	1999.35499
8332.67368	2008.35729
8168.64582	2017.67497
8035.87043	2035.08988
7937.43163	2047.16194
7952.48746	2041.23835
7805.81951	2078.87767
7924.75519	2051.07967
7768.98872	2105.66911
7900.21973	2058.71899
8411.75583	2005.54733
7735.60676	2112.57064
7711.07130	2120.20996
7655.29811	2151.52708
7703.82748	2129.95016
7685.10730	2132.86124
7802.62269	2081.07967
7826.53018	2077.16194
7927.95201	2048.87767
7772.81350	2099.74552
7723.23620	2118.58718
8045.35005	2033.37415
8155.90893	2021.01348
7708.74828	2124.93820
8059.60800	2030.75368
7798.79791	2087.00326
8328.37286	2011.69580
8310.27609	2013.66476
7917.43163	2055.38048
8299.27540	2014.66246
8072.52596	2027.16194
7851.06564	2069.52262
8396.91632	2005.89351
8146.24823	2022.98243
7733.28374	2117.29888
7864.15628	2068.52134
7747.77165	2110.94786
8416.05664	2002.20883
8048.60731	2031.75138
7909.69936	2057.00326
7748.27804	2107.38484
8396.91632	2005.89351
7756.01031	2105.76206
7785.81951	2087.09621
	
NSGA-II_28:	80
9202.83182	2063.70015
7821.34448	2286.00808
7911.24353	2239.10655
7909.03909	2260.92549
9092.83581	2074.67631
9000.62702	2074.93120
8110.56277	2189.23847
8639.19879	2117.03209
7997.35789	2215.25501
8316.23888	2156.21784
8612.12203	2119.00595
8756.53051	2102.59935
9157.00966	2064.93120
7996.14798	2225.14547
8555.75725	2127.44890
8104.34793	2198.48397
9112.17670	2070.10675
8711.69755	2107.77489
8498.29855	2135.47504
8920.29101	2084.18316
8880.58852	2089.00761
8531.09483	2131.04230
8198.90715	2170.65058
8272.23557	2164.38080
8413.13580	2145.93785
8227.40261	2169.55635
8164.04586	2178.61589
8141.12325	2184.61166
8114.86359	2185.89996
8194.60634	2173.98908
7834.13278	2277.23914
8361.07184	2151.04230
8276.53639	2161.04230
8311.93807	2159.55635
7851.86097	2273.90063
7860.35610	2271.27984
8243.74011	2165.47504
8356.77103	2154.38080
8746.15622	2107.16891
8787.91922	2099.84695
7822.92473	2284.77702
8417.43662	2142.59935
8453.46559	2140.65058
8696.65748	2109.00595
8965.12397	2079.00761
8994.55354	2076.16226
8168.34667	2175.27739
8905.25094	2085.41421
8874.51504	2090.23867
8665.92158	2113.83041
7956.07649	2233.93101
7931.95421	2237.39082
8018.06857	2213.53928
8042.19085	2210.07947
8050.84098	2204.63244
7964.72662	2228.48397
8940.75399	2081.33780
8471.22180	2137.44890
8835.75556	2094.18316
8525.02135	2132.27336
8753.22603	2106.64527
9146.63537	2069.50077
7835.71304	2276.00808
8802.95929	2098.61589
8820.71549	2095.41421
8594.36583	2122.20763
8083.63725	2200.19970
8071.55166	2202.91671
8692.35667	2112.34445
7876.50404	2269.17239
7887.10990	2265.16206
8145.42407	2181.27316
8372.60366	2147.77489
7985.43730	2226.76824
8847.79225	2093.44035
7905.34406	2263.27805
8384.64034	2147.03209
8579.32576	2123.43868
8570.79732	2126.21784
8501.97207	2132.59935
	
NSGA-II_29:	75
8287.25380	1983.04983
7310.46904	2155.37966
7836.68585	1999.33512
7959.74050	1996.57583
7678.27345	2016.02544
7576.00225	2016.42404
7728.51337	2008.39300
7989.19698	1991.30408
8114.01409	1988.35729
7407.52064	2061.14540
7341.81048	2115.89269
7324.56179	2140.11736
7319.73357	2148.72059
7362.40605	2086.48825
7357.57782	2095.09148
7790.86369	2000.56617
8208.25885	1984.76555
7530.18009	2017.65509
8162.43670	1985.99661
7328.31330	2131.75055
7348.31330	2101.75055
7344.56179	2110.11736
7445.09257	2037.29877
7467.40097	2033.31531
8068.19193	1989.58835
8241.43164	1984.28088
8162.43670	1985.99661
7761.40721	2005.83793
8035.01914	1990.07302
7456.09715	2033.96026
7379.22425	2072.79342
7376.20227	2079.83718
7339.73357	2118.72059
7409.03344	2054.12757
7328.31330	2131.75055
7330.46904	2125.37966
7479.94017	2025.28753
8208.25885	1984.76555
7344.56179	2110.11736
7475.63935	2028.62604
7383.52506	2069.45492
7413.33425	2050.78907
7390.29502	2064.57488
7431.10880	2042.57052
7366.70686	2083.14975
7964.10341	1995.25871
7420.10422	2045.90903
7678.27345	2016.02544
7693.94018	2014.06336
7509.39665	2020.01577
7500.72361	2022.92685
7786.56288	2003.90468
7984.89617	1994.64258
7352.61411	2098.41205
7314.76986	2152.04115
7334.76986	2122.04115
7357.57782	2095.09148
7984.89617	1994.64258
7366.70686	2083.14975
7348.31330	2101.75055
7352.61411	2098.41205
7310.46904	2155.37966
7330.46904	2125.37966
7362.40605	2086.48825
7475.63935	2028.62604
7379.22425	2072.79342
7435.40961	2039.23202
7394.59584	2061.23637
7424.40503	2042.57052
7491.24398	2024.64258
7703.41980	2012.34763
7719.03375	2010.10873
7520.70047	2019.37082
7383.52506	2069.45492
7707.72993	2010.75368
	
NSGA-II_30:	67
8782.13909	2006.46332
7618.32098	2139.65121
7664.79515	2131.07634
7705.89975	2118.06740
8155.13485	2048.38382
8110.14349	2054.81605
8620.04798	2011.85576
7799.39579	2101.63032
7804.78064	2092.83255
7766.48035	2107.13185
8599.06613	2020.75663
7895.16801	2083.60782
8005.67002	2061.82637
7998.01146	2068.95819
8579.14819	2022.34043
8531.47099	2023.55224
7895.71996	2078.62469
8355.27345	2031.30536
8348.39803	2037.84555
8485.64884	2024.78330
8736.31693	2007.69437
8782.13909	2006.46332
8253.18737	2043.44557
8207.36521	2044.67662
8064.32133	2056.04711
7717.20187	2114.41636
7748.35642	2108.47838
8698.19300	2009.04090
8658.17191	2010.50924
8407.50381	2027.59816
7861.24997	2084.39710
8447.52491	2026.12982
8169.24128	2046.02314
8369.37988	2028.94468
8485.64884	2024.78330
8407.50381	2027.59816
8736.31693	2007.69437
8105.63177	2055.10665
7732.43104	2109.68811
7721.12892	2113.33916
7952.18930	2070.18924
7949.79086	2071.17944
8287.85569	2040.30471
8037.18760	2057.39363
8698.19300	2009.04090
7986.10734	2069.39996
8314.98942	2038.95819
8032.67588	2057.68423
8283.34397	2040.59531
7618.32098	2139.65121
7633.55015	2134.92297
7646.67122	2132.42286
7631.44205	2137.15110
7909.82639	2076.26401
7818.88707	2090.47187
8019.77645	2059.46569
7925.05556	2071.53576
7834.11624	2085.74363
7820.00981	2088.10431
7910.94913	2073.89644
8599.06613	2020.75663
8310.47770	2039.24879
8059.80961	2056.33771
8270.44455	2042.37677
7858.85154	2085.38730
7818.88707	2090.47187
7633.55015	2134.92297
	
Math-AUGMECON-II_1:	3
8926.22264	1946.95581
8620.44676	1948.15116
6952.19150	2189.58208
	
Math-AUGMECON-II_2:	12
8926.22264	1946.95581
8620.44676	1948.15116
8574.62460	1949.38222
8544.46592	1951.00499
8381.45181	1952.29330
8333.16754	1952.29330
8287.34538	1953.52435
6962.89488	2141.45307
6957.17052	2167.22486
6954.78394	2181.65414
6953.14945	2183.27691
6952.19150	2189.58208
	
Math-AUGMECON-II_3:	17
8926.22264	1946.95581
8620.44676	1948.15116
8574.62464	1949.38222
8544.46592	1951.00499
7044.93557	2089.61359
7038.23514	2091.23637
7006.68342	2106.60268
6998.13624	2110.67909
6992.49108	2113.27969
6988.02655	2118.20752
6982.00072	2120.65187
6974.36140	2123.99037
6969.39769	2127.31093
6968.85538	2136.03760
6962.89488	2141.45307
6957.17052	2167.22486
6952.19150	2189.58208
	
Math-AUGMECON-II_4:	25
8620.44676	1948.15116
8574.62460	1949.38222
8544.46592	1951.00499
8381.45181	1952.29330
8287.34538	1953.52435
8280.64495	1955.14713
8246.52731	1956.56735
8234.32599	1957.01466
8181.31916	1958.83182
8090.69516	1959.70821
8004.05493	1963.98227
7991.85361	1964.42957
7011.11993	2104.17628
6998.13624	2110.67909
6992.49108	2113.27969
6980.00657	2121.38977
6974.36140	2123.99037
6969.39769	2127.31093
6968.85538	2136.03760
6967.85858	2138.13251
6962.89488	2141.45307
6962.13423	2163.90430
6957.17052	2167.22486
6953.14945	2183.27691
6952.19150	2189.58208
	
Math-AUGMECON-II_5:	29
8287.34538	1953.52435
8280.64495	1955.14713
8246.52731	1956.56735
8181.31916	1958.83182
8090.69516	1959.70821
8044.87300	1960.93927
8004.05493	1963.98227
7924.95999	1966.99478
7905.21338	1968.70363
7854.26483	1972.11474
7700.34446	1976.19115
7654.52230	1977.42221
7647.82187	1979.04498
7601.50291	1980.91251
7556.57370	1982.11474
7510.75154	1983.34580
7020.10547	2101.94705
7000.13040	2109.94119
6998.13624	2110.67909
6988.02655	2118.20752
6980.00657	2121.38977
6974.36140	2123.99037
6969.39769	2127.31093
6968.85538	2136.03760
6962.89488	2141.45307
6962.13423	2163.90430
6957.17052	2167.22486
6953.14945	2183.27691
6952.19150	2189.58208
	
Math-AUGMECON-II_6:	8
8926.22264	1946.95581
8620.44676	1948.15116
6969.39769	2127.31093
6967.85858	2138.13251
6962.89488	2141.45307
6957.17052	2167.22486
6953.14945	2183.27691
6952.19150	2189.58208
	
Math-AUGMECON-II_7:	19
8926.22264	1946.95581
8620.44676	1948.15116
8544.46592	1951.00499
8506.31839	1951.22940
8482.88693	1951.22940
8333.16754	1952.29330
8287.34538	1953.52435
8280.64495	1955.14713
8246.52731	1956.56735
8234.32599	1957.01466
8200.70515	1957.79841
8181.31916	1958.83182
8090.69516	1959.70821
6968.85538	2136.03760
6962.89488	2141.45307
6962.13423	2163.90430
6957.17052	2167.22486
6954.78394	2181.65414
6952.19150	2189.58208
	
Math-AUGMECON-II_8:	26
8482.88693	1951.22940
8333.16754	1952.29330
8287.34538	1953.52435
8246.52731	1956.56735
8234.32599	1957.01466
8227.14132	1957.60076
8200.70515	1957.79841
8181.31916	1958.83182
8090.69516	1959.70821
8044.87300	1960.93927
8004.05493	1963.98227
7958.23277	1965.21332
7945.34959	1966.24673
7924.95999	1966.99478
7905.21338	1968.70363
7892.33020	1969.73704
7890.49186	1970.00729
7871.94060	1970.48508
6969.39769	2127.31093
6967.85858	2138.13251
6962.89488	2141.45307
6962.13423	2163.90430
6957.17052	2167.22486
6954.78394	2181.65414
6953.14945	2183.27691
6952.19150	2189.58208
	
Math-AUGMECON-II_9:	22
8620.44676	1948.15116
8574.62460	1949.38222
8544.46592	1951.00499
8478.16557	1951.22940
8333.16754	1952.29330
8287.34538	1953.52435
8280.64495	1955.14713
8246.52731	1956.56735
8234.32599	1957.01466
8200.70515	1957.79841
8181.31916	1958.83182
6998.13624	2110.67909
6992.49108	2113.27969
6980.00657	2121.38977
6974.36140	2123.99037
6969.39769	2127.31093
6968.85538	2136.03760
6962.89488	2141.45307
6962.13423	2163.90430
6957.17052	2167.22486
6953.14945	2183.27691
6952.19150	2189.58208
	
Math-AUGMECON-II_10:	17
8620.44676	1948.15116
8333.16754	1952.29330
8280.64495	1955.14713
8246.52731	1956.56735
8200.70515	1957.79841
8167.43237	1959.57987
8090.69516	1959.70821
8077.87863	1960.93927
8044.87300	1960.93927
8038.17257	1962.56204
8004.05493	1963.98227
7991.85361	1964.42957
7958.23277	1965.21332
6962.13423	2163.90430
6957.17052	2167.22486
6953.14945	2183.27691
6952.19149	2189.58207
	
Math-AUGMECON-II_11:	38
8038.17257	1962.56204
8004.05500	1963.98226
7958.23277	1965.21332
7924.95999	1966.99478
7807.28758	1973.92502
7768.23981	1975.60504
7760.96861	1975.79255
7601.50291	1980.91251
7556.57370	1982.11474
7510.75154	1983.34580
7486.70236	1985.06153
7475.54754	1988.74621
7371.73711	1997.09621
7366.80984	1997.58089
7349.34337	1997.58089
7326.43229	1998.81194
7298.57824	2003.50448
7179.15743	2032.17032
7155.29593	2035.77220
7145.87515	2039.84861
7141.43864	2042.27502
7137.95573	2044.44493
7109.18157	2053.05520
7099.76079	2057.13161
7090.42722	2062.72232
7081.13194	2066.23502
7077.34081	2070.23019
7066.23396	2078.14840
7059.03422	2084.72667
7054.82710	2086.27509
7044.93557	2089.61359
7020.10547	2101.94705
7011.11993	2104.17628
6998.13624	2110.67909
6988.02655	2118.20752
6974.36140	2123.99037
6967.85858	2138.13251
6952.19150	2189.58208
	
Math-AUGMECON-II_12:	22
7945.34959	1966.24673
7768.23981	1975.60504
7746.72110	1975.93088
7700.34446	1976.19115
7654.52230	1977.42221
7647.82187	1979.04498
7601.50291	1980.91251
7081.13194	2066.23502
7071.69564	2072.83079
7070.06116	2074.45357
7066.23396	2078.14840
7065.46488	2081.56236
7048.12668	2087.89787
7038.23514	2091.23637
7029.99700	2098.60854
7006.68342	2106.60268
6998.13624	2110.67909
6988.55375	2117.31336
6967.85858	2138.13251
6962.89488	2141.45307
6962.13423	2163.90430
6957.17052	2167.22486
	
Math-AUGMECON-II_13:	32
7768.23981	1975.60504
7746.72110	1975.93088
7700.34446	1976.19115
7654.52230	1977.42221
7601.50291	1980.91251
7556.57370	1982.11474
7510.75154	1983.34580
7486.70236	1985.06153
7475.54754	1988.74621
7465.63158	1991.56434
7462.46374	1991.91052
7449.86667	1993.28007
7441.58240	1993.28007
7439.04752	1994.14943
7417.55927	1995.86516
7035.09806	2095.31278
7020.54071	2100.09987
7011.11993	2104.17628
7006.68342	2106.60268
6998.13624	2110.67909
6992.49108	2113.27969
6988.55375	2117.31336
6980.00657	2121.38977
6974.36140	2123.99037
6969.39769	2127.31093
6967.85858	2138.13251
6962.89488	2141.45307
6962.13423	2163.90430
6957.17052	2167.22486
6954.78394	2181.65414
6953.14945	2183.27691
6952.19150	2189.58208
	
Math-AUGMECON-II_14:	29
8287.34538	1953.52435
8280.64495	1955.14713
8090.69516	1959.70821
8044.87300	1960.93927
8038.17257	1962.56204
8004.05493	1963.98227
7905.21338	1968.70363
7871.94060	1970.48508
7821.25920	1972.11474
7813.98801	1972.30224
7792.54326	1974.69983
7768.23981	1975.60504
7746.72110	1975.93088
7700.34446	1976.19115
7654.52230	1977.42221
7601.50291	1980.91251
7038.23514	2091.23637
7035.09806	2095.31278
7006.68342	2106.60268
7000.13040	2109.94119
6988.02655	2118.20752
6980.00657	2121.38977
6974.36140	2123.99037
6969.39769	2127.31093
6962.89488	2141.45307
6957.17052	2167.22486
6954.78394	2181.65414
6953.14945	2183.27691
6952.19150	2189.58208
	
Math-AUGMECON-II_15:	34
8090.69516	1959.70821
8044.87300	1960.93927
8004.05493	1963.98227
7958.23277	1965.21332
7945.34959	1966.24673
7924.95999	1966.99478
7905.21338	1968.70363
7890.49186	1970.00729
7871.94060	1970.48508
7859.62146	1970.52079
7760.96861	1975.79255
7746.72110	1975.93088
7700.34446	1976.19115
7654.52230	1977.42221
7134.88562	2045.61353
7129.86911	2047.78344
7127.18695	2048.09392
7117.26819	2049.71669
7099.76079	2057.13161
7094.86373	2060.29592
7081.13194	2066.23502
7071.69564	2072.83079
7070.06116	2074.45357
7066.23396	2078.14840
7063.16435	2084.33495
7038.23514	2091.23637
7035.09806	2095.31278
7020.10546	2101.94705
7006.68342	2106.60268
6998.13624	2110.67909
6992.49108	2113.27969
6980.00657	2121.38977
6962.89487	2141.45307
6952.19150	2189.58208
	
Math-AUGMECON-II_16:	34
8620.44676	1948.15116
8574.62460	1949.38222
8482.88693	1951.22940
8333.16768	1952.29330
8287.34538	1953.52435
8246.52731	1956.56735
8234.32599	1957.01466
8227.14132	1957.60076
8200.70515	1957.79841
8181.31916	1958.83182
8090.69516	1959.70821
8044.87300	1960.93927
7094.86373	2060.29592
7088.77126	2062.89652
7086.77710	2063.63442
7081.13194	2066.23502
7079.33496	2069.49229
7077.34081	2070.23019
7075.70633	2071.85297
7070.06116	2074.45357
7066.23396	2078.14840
7063.47073	2082.30027
7038.23514	2091.23637
7020.54071	2100.09987
7020.10547	2101.94705
7011.11993	2104.17628
7006.68342	2106.60268
6998.13624	2110.67909
6988.02655	2118.20752
6980.00657	2121.38977
6969.39769	2127.31093
6967.85858	2138.13251
6962.89488	2141.45307
6952.19150	2189.58208
	
Math-AUGMECON-II_17:	35
8620.44676	1948.15116
8574.62460	1949.38222
8544.46592	1951.00499
8478.16557	1951.22940
8333.16754	1952.29330
8287.34538	1953.52435
8246.52731	1956.56735
8234.32599	1957.01466
8227.14132	1957.60076
8200.70515	1957.79841
8181.31916	1958.83182
8167.43237	1959.57987
8090.69516	1959.70821
8044.87300	1960.93927
8004.05493	1963.98227
7991.85361	1964.42957
7958.23277	1965.21332
7945.34959	1966.24673
7924.95999	1966.99478
7044.93557	2089.61359
7038.23514	2091.23637
7035.09806	2095.31278
7011.11993	2104.17628
7006.68342	2106.60268
6998.13624	2110.67909
6983.59004	2120.63392
6974.36140	2123.99037
6969.39769	2127.31093
6968.85538	2136.03760
6967.85858	2138.13251
6962.89488	2141.45307
6962.13423	2163.90430
6957.17052	2167.22486
6953.14945	2183.27691
6952.19150	2189.58208
	
Math-AUGMECON-II_18:	10
8926.22264	1946.95581
8620.44676	1948.15116
6969.39769	2127.31093
6968.85538	2136.03760
6967.85858	2138.13251
6962.89488	2141.45307
6957.17052	2167.22486
6954.78394	2181.65414
6953.14945	2183.27691
6952.19150	2189.58208
	
Math-AUGMECON-II_19:	26
8333.16754	1952.29330
8287.34538	1953.52435
8090.69516	1959.70821
8044.87300	1960.93927
8004.05493	1963.98227
7945.34959	1966.24673
7924.95999	1966.99478
7892.33020	1969.73704
7821.25920	1972.11474
7792.54326	1974.69983
7048.12668	2087.89787
7044.93557	2089.61359
7038.23512	2091.23639
7035.09806	2095.31278
7020.54071	2100.09987
7020.10547	2101.94705
7006.68342	2106.60268
7000.13040	2109.94119
6998.13624	2110.67909
6988.55375	2117.31336
6988.02655	2118.20752
6974.36140	2123.99037
6969.39769	2127.31093
6968.85538	2136.03760
6967.85858	2138.13251
6962.89488	2141.45307
	
Math-AUGMECON-II_20:	36
8620.44676	1948.15116
8574.62460	1949.38222
8544.46592	1951.00499
8482.88693	1951.22940
8333.16754	1952.29330
8287.34538	1953.52435
8234.32599	1957.01466
8181.31916	1958.83182
8138.97943	1959.70821
8090.69516	1959.70821
8038.17257	1962.56204
7991.85361	1964.42957
7958.23277	1965.21332
7905.21338	1968.70363
7892.33020	1969.73704
7871.94060	1970.48508
7821.25920	1972.11474
7081.13194	2066.23502
7077.34081	2070.23019
7075.70633	2071.85297
7071.69564	2072.83079
7070.06116	2074.45357
7063.47073	2082.30027
7054.82710	2086.27509
7048.12668	2087.89787
7044.93557	2089.61359
7038.23514	2091.23637
7029.99700	2098.60854
7020.54071	2100.09987
7011.11993	2104.17628
6992.49108	2113.27969
6980.00657	2121.38977
6974.36140	2123.99037
6969.39769	2127.31093
6968.85538	2136.03760
6967.85858	2138.13251
	
Math-AUGMECON-II_21:	33
8620.44676	1948.15116
8574.62460	1949.38222
8544.46592	1951.00499
8478.16557	1951.22940
8333.16754	1952.29330
8287.34538	1953.52435
8246.52731	1956.56735
8200.70515	1957.79841
8181.31916	1958.83182
8167.43237	1959.57987
8090.69516	1959.70821
8044.87300	1960.93927
8038.17257	1962.56204
8004.05493	1963.98227
7991.85361	1964.42957
7066.23396	2078.14840
7063.47073	2082.30027
7048.12668	2087.89787
7044.93557	2089.61359
7035.09806	2095.31278
7020.10547	2101.94705
6998.13624	2110.67909
6992.49108	2113.27969
6988.02655	2118.20752
6980.00657	2121.38977
6974.36140	2123.99037
6969.39769	2127.31093
6967.85858	2138.13251
6962.89488	2141.45307
6962.13423	2163.90430
6957.17052	2167.22486
6953.14945	2183.27691
6952.19150	2189.58208
	
Math-AUGMECON-II_22:	44
8004.05493	1963.98227
7905.21338	1968.70363
7871.94060	1970.48508
7821.25920	1972.11474
7700.34446	1976.19115
7654.52230	1977.42221
7647.82187	1979.04498
7601.50291	1980.91251
7556.57370	1982.11474
7475.54754	1988.74621
7441.58240	1993.28007
7439.04752	1994.14943
7414.99834	1995.86516
7395.16553	1996.34983
7371.73711	1997.09621
7366.80984	1997.58089
7349.34337	1997.58089
7338.07661	1998.81194
7326.43229	1998.81194
7187.24405	2028.83182
7179.15743	2032.17032
7165.21468	2034.14943
7145.87515	2039.84861
7141.43864	2042.27502
7127.18695	2048.09392
7117.26819	2049.71669
7109.18157	2053.05520
7107.84741	2053.79310
7099.76079	2057.13161
7094.86373	2060.29592
7081.13194	2066.23502
7066.23396	2078.14840
7057.82556	2084.90087
7054.82710	2086.27509
7044.93557	2089.61359
7038.23514	2091.23637
7035.09806	2095.31278
7020.54071	2100.09987
7000.13040	2109.94119
6992.49108	2113.27969
6988.02655	2118.20752
6967.85858	2138.13251
6962.89488	2141.45307
6957.17052	2167.22486
	
Math-AUGMECON-II_23:	12
8926.22264	1946.95581
8574.62460	1949.38222
8506.31839	1951.22940
8333.16754	1952.29330
7020.10547	2101.94705
7011.11993	2104.17628
6998.13624	2110.67909
6992.49108	2113.27969
6988.02655	2118.20752
6974.36140	2123.99037
6969.39769	2127.31093
6967.85858	2138.13251
	
Math-AUGMECON-II_24:	38
8620.44676	1948.15116
8544.46592	1951.00499
8482.88693	1951.22940
8478.16557	1951.22940
8333.16754	1952.29330
8287.34538	1953.52435
8246.52731	1956.56735
8234.32599	1957.01466
8227.14132	1957.60076
8200.70515	1957.79841
8181.31916	1958.83182
8167.43237	1959.57987
8090.69516	1959.70821
7109.18157	2053.05520
7107.84741	2053.79310
7103.41091	2056.21951
7099.76079	2057.13161
7086.77710	2063.63442
7081.13194	2066.23502
7079.33496	2069.49229
7077.34081	2070.23019
7070.06116	2074.45357
7066.23396	2078.14840
7065.46488	2081.56236
7063.47073	2082.30027
7063.16435	2084.33495
7054.82710	2086.27509
7048.12668	2087.89787
7038.23514	2091.23637
7035.09806	2095.31278
7029.99700	2098.60854
7011.11993	2104.17628
6992.49108	2113.27969
6988.02655	2118.20752
6969.39769	2127.31093
6967.85858	2138.13251
6962.89488	2141.45307
6957.17052	2167.22486
	
Math-AUGMECON-II_25:	43
8478.16557	1951.22940
8404.88327	1952.29330
8333.16754	1952.29330
8287.34538	1953.52435
8280.64495	1955.14713
8246.52731	1956.56735
8234.32599	1957.01466
8181.31916	1958.83182
8090.69516	1959.70821
8044.87300	1960.93927
8004.05493	1963.98227
7958.23277	1965.21332
7945.34959	1966.24673
7905.21338	1968.70363
7871.94060	1970.48508
7821.25920	1972.11474
7802.51863	1974.66292
7768.23981	1975.60504
7201.23116	2025.18284
7199.84497	2026.89856
7187.24405	2028.83182
7172.76984	2033.66476
7165.21468	2034.14943
7094.86373	2060.29592
7086.77710	2063.63442
7070.06116	2074.45357
7066.23396	2078.14840
7059.03422	2084.72667
7057.82556	2084.90087
7054.82710	2086.27509
7038.23514	2091.23637
7020.54071	2100.09987
7011.11993	2104.17628
6988.55375	2117.31336
6982.00072	2120.65187
6969.39769	2127.31093
6967.85858	2138.13251
6962.89488	2141.45307
6962.13423	2163.90430
6957.17052	2167.22486
6954.78394	2181.65414
6953.14945	2183.27691
6952.19150	2189.58208
	
Math-AUGMECON-II_26:	15
8926.22264	1946.95581
8620.44676	1948.15116
8478.16557	1951.22940
8333.16754	1952.29330
8287.34538	1953.52435
8200.70515	1957.79841
8167.43237	1959.57987
8090.69516	1959.70821
8044.87300	1960.93927
8038.17257	1962.56204
6962.89488	2141.45307
6962.13423	2163.90430
6957.17052	2167.22486
6953.14945	2183.27691
6952.19150	2189.58208
	
Math-AUGMECON-II_27:	32
8333.16754	1952.29330
8287.34538	1953.52435
8200.70515	1957.79841
8167.43237	1959.57987
8090.69516	1959.70821
8044.87300	1960.93927
8004.05499	1963.98227
7958.23277	1965.21332
7945.34959	1966.24673
7924.95999	1966.99478
7905.21338	1968.70363
7103.41091	2056.21951
7099.76079	2057.13161
7081.13194	2066.23502
7079.33496	2069.49229
7077.34081	2070.23019
7070.06116	2074.45357
7066.23396	2078.14840
7054.82710	2086.27509
7048.12668	2087.89787
7035.09806	2095.31278
7029.99700	2098.60854
7011.11993	2104.17628
7006.68342	2106.60268
6998.13624	2110.67909
6992.49108	2113.27969
6988.02655	2118.20752
6974.36140	2123.99037
6969.39769	2127.31093
6968.85538	2136.03760
6962.89488	2141.45307
6957.17052	2167.22486
	
Math-AUGMECON-II_28:	11
8926.22264	1946.95581
8620.44676	1948.15116
8574.62460	1949.38222
8544.46592	1951.00499
8478.16557	1951.22940
8333.16754	1952.29330
6962.89488	2141.45307
6962.13423	2163.90430
6957.17052	2167.22486
6953.14945	2183.27691
6952.19150	2189.58205
	
Math-AUGMECON-II_29:	42
8280.64495	1955.14713
8234.32599	1957.01466
8200.70515	1957.79841
8090.69516	1959.70821
8044.87300	1960.93927
8004.05493	1963.98227
7958.23277	1965.21332
7821.25920	1972.11474
7768.23981	1975.60504
7760.96861	1975.79255
7700.34446	1976.19115
7654.52230	1977.42221
7556.57370	1982.11474
7510.75154	1983.34580
7486.70236	1985.06153
7475.54754	1988.74621
7465.63158	1991.56434
7449.86667	1993.28007
7441.58240	1993.28007
7414.99834	1995.86516
7141.43864	2042.27502
7134.88562	2045.61353
7117.26819	2049.71669
7107.84741	2053.79310
7094.86373	2060.29592
7086.77710	2063.63442
7080.99093	2069.31809
7072.90430	2072.65660
7066.23396	2078.14840
7063.47073	2082.30027
7054.82710	2086.27509
7038.23514	2091.23637
7035.09806	2095.31278
7020.54071	2100.09987
7000.13040	2109.94119
6992.49108	2113.27969
6988.02655	2118.20752
6980.00657	2121.38977
6974.36140	2123.99037
6969.39769	2127.31093
6967.85858	2138.13251
6962.89488	2141.45307
	
Math-AUGMECON-II_30:	34
8620.44676	1948.15116
8574.62460	1949.38222
8478.16557	1951.22940
8333.16754	1952.29330
8287.34538	1953.52435
8280.64495	1955.14713
8246.52731	1956.56735
8200.70515	1957.79841
8167.43237	1959.57987
8090.69533	1959.70821
8044.87300	1960.93927
8004.05493	1963.98227
7099.76079	2057.13161
7094.86373	2060.29592
7081.13194	2066.23502
7080.99093	2069.31809
7079.33496	2069.49229
7077.34081	2070.23019
7071.69564	2072.83079
7070.06116	2074.45357
7066.23396	2078.14840
7063.47073	2082.30027
7063.16435	2084.33495
7057.82556	2084.90087
7048.12668	2087.89787
7044.93557	2089.61359
7038.23514	2091.23637
7020.54071	2100.09987
7006.68342	2106.60268
6992.49108	2113.27969
6988.55375	2117.31336
6969.39769	2127.31093
6968.85538	2136.03760
6967.85858	2138.13251