Numfront:	
61	
	
AUGMECON-II:	14
6164.40264	1958.09547
6169.05781	1936.18210
6170.01520	1924.53034
6174.67036	1902.61696
6181.04172	1900.83550
6225.22764	1890.25628
6247.25274	1886.47083
6268.74406	1878.83151
6307.25274	1868.83151
6344.88528	1865.44244
6387.84066	1857.89607
6387.84066	1850.78577
6637.56769	1841.94514
6748.57274	1827.80300
	
NSGA-II_1:	71
7153.40710	1926.89938
6753.20757	2110.11880
7153.40710	1926.89938
7037.19162	1931.13447
6994.68976	1936.99234
7027.31456	1936.76793
6827.69718	2005.56523
6895.64082	1968.97144
6880.13031	1974.60490
6780.16990	2054.74919
6880.13031	1974.60490
6874.80250	1983.86700
6762.78168	2094.41776
6761.87389	2094.93312
6760.32944	2105.75180
6763.49375	2084.03607
6771.50359	2069.93488
6766.83226	2078.11248
6973.81616	1945.34233
6772.16006	2068.85038
6782.09434	2046.42397
6812.18666	2011.19869
6793.69369	2035.38177
6810.26223	2019.52391
6795.61812	2027.05655
6841.83932	1999.64164
6773.42802	2061.60966
6960.38894	1946.99234
6909.78296	1963.04785
6923.21018	1961.39785
6776.76653	2055.68607
6871.46399	1989.79059
6786.95181	2042.24224
6790.29031	2036.31865
6803.52035	2026.38438
6806.85886	2020.46079
6812.18666	2011.19869
6930.73629	1958.54939
6937.35231	1955.47426
6854.10902	1997.28096
6980.54762	1942.91593
6987.95829	1939.41874
6927.47525	1961.10771
7037.19162	1931.13447
6937.35231	1955.47426
6838.59850	2002.91442
6831.96226	2005.27510
6958.30564	1950.97579
6950.51188	1952.62579
6907.69966	1967.03131
6899.90590	1968.68131
6984.81270	1942.62579
6862.79265	1995.14318
6863.56176	1990.46276
6907.69966	1967.03131
6909.78296	1963.04785
6841.83932	1999.64164
7030.46016	1933.56088
6803.52035	2026.38438
6795.61812	2027.05655
6754.11536	2109.60344
6786.95181	2042.24224
6782.09434	2046.42397
6978.08124	1945.05220
6929.94164	1958.97144
6858.37410	1996.99083
6944.08377	1953.04785
6838.59850	2002.91442
7027.31456	1936.76793
7030.46016	1933.56088
6806.85886	2020.46079
	
NSGA-II_2:	63
7894.13862	1909.58606
6998.62912	2116.18745
7675.27660	1925.60260
7840.35479	1923.28089
7675.27660	1925.60260
7582.08506	1933.88687
7365.17630	1974.06955
7288.47451	1980.12506
7381.66605	1971.84079
7446.87988	1969.29743
7016.21887	2102.98087
7020.39032	2086.83240
7500.66371	1955.60260
7528.30123	1947.58170
7237.86853	1996.18057
7033.91149	2072.69027
7028.53782	2082.98087
7156.44717	2017.89630
7496.07247	1957.58170
7256.24575	1990.12506
7237.86853	1996.18057
7174.82440	2011.84079
7288.47451	1980.12506
7124.21842	2027.89630
7116.09282	2036.27352
7042.05900	2068.83873
7050.18459	2060.46151
7280.34892	1988.50228
7877.86552	1921.81482
7565.81196	1946.11563
7573.95947	1942.26410
7156.44717	2017.89630
7151.41759	2025.75816
7886.01303	1917.96328
7067.59951	2052.82219
7086.87090	2049.38727
7094.35154	2043.52940
7280.34892	1988.50228
7256.24575	1990.12506
7174.82440	2011.84079
7207.05316	2001.84079
7144.95752	2027.47389
7458.36784	1965.78527
7477.69525	1963.63722
7365.17630	1974.06955
7060.11887	2058.68005
7006.77662	2112.33592
7008.07137	2106.83240
7042.05900	2068.83873
7014.90221	2103.95869
7107.94532	2040.12506
7198.92756	2010.21801
7205.63977	2006.18057
7124.21842	2027.89630
7085.64386	2051.04073
7207.05316	2001.84079
7205.63977	2006.18057
7050.18459	2060.46151
7879.83780	1919.58606
7100.81161	2041.81368
7074.05958	2051.10646
7567.78425	1943.88687
7074.05958	2051.10646
	
NSGA-II_3:	51
8608.93110	1910.11032
6497.65261	2028.27889
8261.78340	1913.42094
8596.40653	1913.26226
7567.12259	1933.13046
7338.33653	1937.36554
6956.83703	1944.93914
7111.00171	1940.76978
7177.19888	1939.14700
6795.69938	1946.72059
7734.50455	1932.97364
8032.99734	1917.65603
7871.85969	1919.43749
6549.15700	1980.63797
6504.43035	2021.12424
6512.93125	2013.55753
6519.70899	2006.40288
6542.37925	1987.79262
6595.46216	1974.58246
8153.00740	1917.01174
7805.66253	1921.06026
7759.32482	1925.29535
6683.16450	1952.57846
6636.85933	1958.63397
8219.00739	1916.12687
8261.78340	1913.42094
6679.72662	1955.98269
7755.88693	1928.69958
7734.70173	1932.23574
6531.51768	1994.78010
6530.57057	1999.41539
8153.00740	1917.01174
7111.19890	1940.03187
8219.00739	1916.12687
6729.69939	1947.60547
7805.85971	1920.32236
6729.50221	1948.34337
6630.08159	1965.78862
8608.93110	1910.11032
8596.40653	1913.26226
6633.42145	1962.03820
6619.22001	1972.77611
6626.64371	1969.19285
6537.34831	1992.26074
6539.86767	1988.92224
6524.58903	2003.64360
6524.73993	2001.93475
6627.57001	1966.91824
7734.70173	1932.23574
7805.66253	1921.06026
7111.00171	1940.76978
	
NSGA-II_4:	45
8242.93290	1993.50853
7590.16595	2179.89408
8038.39479	1999.56405
8201.48432	1996.84704
7590.16595	2179.89408
7602.37323	2138.66991
7593.10102	2149.89408
7605.30831	2108.66991
7996.94621	2002.90255
7662.47755	2079.31486
7605.30831	2108.66991
7620.35142	2096.95418
7791.09415	2038.01575
7757.59612	2043.77238
7825.70704	2032.96151
7791.09415	2038.01575
7960.73073	2007.13764
7909.74763	2013.19315
7728.12664	2051.54362
7602.37323	2138.66991
7593.10102	2149.89408
7825.70704	2032.96151
7677.52066	2067.59913
7862.01221	2026.90600
7902.40883	2026.90600
7662.47755	2079.31486
7649.82090	2089.18294
7859.14164	2029.24867
7905.22913	2020.34780
7753.07763	2050.92702
7757.59612	2043.77238
7645.30240	2096.33759
7706.99014	2059.82789
7645.30240	2096.33759
7620.35142	2096.95418
7702.47165	2066.98254
7649.82090	2089.18294
7702.47165	2066.98254
7706.99014	2059.82789
7677.52066	2067.59913
7728.12664	2051.54362
7862.01221	2026.90600
7728.12664	2051.54362
7791.09415	2038.01575
7677.52066	2067.59913
	
NSGA-II_5:	70
7778.81513	1859.93881
6860.47422	2138.65142
7692.80254	1883.63364
7548.85345	1884.01522
7452.32869	1887.51240
7308.81917	1913.30418
7218.66577	1915.01991
7545.15221	1887.44632
7366.31610	1911.20723
7315.19053	1911.52273
7751.01175	1868.62168
6999.05983	1975.38017
7705.62888	1875.21745
7044.55713	1967.80658
7002.82172	1968.58676
6966.89680	1997.80658
7448.56681	1894.30582
7775.05324	1866.73222
7164.88194	1928.71475
7185.54238	1926.09415
7129.15553	1944.63834
6909.01188	2045.04452
7212.29441	1916.80137
6888.11639	2077.96061
6870.52292	2112.88650
7102.10285	1947.31833
7398.54486	1901.20723
6885.30841	2086.24489
6880.87567	2095.44126
6867.71494	2121.17077
6863.28220	2130.36714
6906.20390	2053.32879
6898.96318	2070.80943
6951.77497	2003.37395
6901.77117	2062.52516
7424.52531	1896.19527
7074.53349	1954.89192
7055.05048	1958.58676
7138.12991	1938.00753
7191.91374	1924.31270
7725.03130	1873.63364
6941.90719	2018.47586
6930.70358	2024.39945
7098.34096	1954.11175
7429.11522	1894.41382
6878.06769	2103.72553
6948.96699	2011.65823
6870.52292	2112.88650
6969.70478	1989.52231
6926.94169	2031.19287
6941.90719	2018.47586
6948.96699	2011.65823
7074.53349	1954.89192
6920.21550	2039.12093
6973.46667	1982.72889
6930.70358	2024.39945
7046.69868	1967.16163
7208.53252	1923.59478
7100.48251	1953.46679
7158.51058	1930.49620
7154.74869	1937.28962
6973.46667	1982.72889
7379.14244	1902.79104
7048.31902	1961.01316
7701.81782	1880.53506
7379.14244	1902.79104
7375.33138	1908.10865
7108.83431	1944.89192
7755.60165	1866.84023
7131.75855	1939.78899
	
NSGA-II_6:	37
7809.38012	1902.42324
6589.93461	2014.47309
7323.44302	1907.21721
6606.50316	1998.61523
6589.93461	2014.47309
7136.39270	1917.75746
7323.44302	1907.21721
7201.62709	1909.38024
6632.21817	1991.44907
6806.12394	1957.91291
7097.37328	1921.16170
7053.97753	1927.01956
6682.82416	1975.39355
6657.10914	1982.55971
6606.50316	1998.61523
6632.21817	1991.44907
6657.10914	1982.55971
6914.49879	1947.01956
6864.70301	1949.44597
6938.94736	1937.82319
6855.91972	1955.48651
6929.93740	1941.06874
7004.18175	1929.44597
6988.74314	1935.39678
6757.06851	1963.77078
6757.06851	1963.77078
6731.87958	1969.53569
7004.18175	1929.44597
6682.82416	1975.39355
6731.35349	1970.93694
6938.94736	1937.82319
7127.38273	1921.00302
6850.26004	1955.48651
7136.39270	1917.75746
6731.35349	1970.93694
6757.06851	1963.77078
6757.06851	1963.77078
	
NSGA-II_7:	29
7340.80083	1913.40418
6526.24769	2029.35499
6786.68903	1917.15459
6589.59144	1954.07635
6601.54267	1918.73840
6547.91141	1989.55264
6542.06938	2001.58375
6532.55286	2023.29948
6534.80393	2012.72026
6554.21658	1983.49713
6556.46765	1972.91790
6526.24769	2029.35499
6529.77490	2023.49713
6559.99485	1967.06004
6538.54218	2007.44162
6542.06938	2001.58375
6551.43862	1983.69478
6556.46765	1972.91790
6534.80393	2012.72026
6559.99485	1967.06004
6538.54218	2007.44162
6563.73311	1961.78140
6582.32152	1959.19631
6583.22008	1955.85781
6563.73311	1961.78140
6583.22008	1955.85781
6570.10447	1959.99994
6589.59144	1954.07635
6529.77490	2023.49713
	
NSGA-II_8:	56
8332.04573	2000.11880
7051.67181	2143.95714
7058.02832	2114.60210
7738.17536	2013.70847
7998.07587	2013.60911
8016.80293	2011.74158
8209.59738	2010.11880
7608.20639	2025.33125
8270.92314	2009.31517
7671.67958	2024.62057
7244.98054	2074.62921
7541.18378	2036.90864
7491.06446	2037.46752
7547.08380	2034.52762
7677.05277	2022.90484
7694.62636	2018.76271
7273.60411	2066.01206
7075.55917	2110.68437
7137.25787	2089.92944
7262.51139	2070.71148
7086.65189	2105.98495
7409.47310	2052.00826
7126.16515	2094.62885
7105.37895	2104.11742
7108.63430	2098.54658
7429.94187	2046.66389
7564.65739	2030.38548
7363.47570	2055.59312
7304.83517	2060.15420
7375.24565	2055.37979
7400.12209	2053.23084
8283.42714	2005.32484
7344.74864	2057.46064
7323.56223	2058.28667
7217.10752	2078.86554
7292.33117	2064.14453
7198.38046	2080.73307
7472.33740	2039.33505
7155.98493	2088.06191
7187.21599	2082.20405
7411.21481	2048.53142
7442.44587	2042.67356
7461.17293	2040.80603
7441.10635	2045.19292
8313.31867	2001.98633
8302.15420	2003.45731
7708.28382	2017.04698
7578.31486	2028.66976
7724.51789	2015.42420
7594.54893	2027.04698
7541.71061	2036.24335
7167.14940	2086.59093
7440.70415	2046.15040
8282.08761	2007.84420
7168.48893	2084.07157
7273.60411	2066.01206
	
NSGA-II_9:	64
7260.16137	1893.85035
6366.86981	2040.55333
7259.72182	1894.29765
6797.99566	1894.49530
6370.63037	2036.02962
6371.94738	2000.84382
6797.55611	1894.94260
6710.48340	1897.99248
6402.35289	1969.42998
6375.70794	1996.32011
6422.71832	1946.72406
6414.27688	1955.69753
6393.91145	1978.40345
6384.14938	1987.34663
6583.19931	1920.70751
6550.00241	1924.00903
6627.28347	1915.23122
6541.04684	1929.62499
6505.47870	1929.93262
6591.71534	1915.53885
6466.80248	1941.24777
6701.52783	1903.60845
6665.95969	1903.91607
6431.23435	1941.55539
6406.11345	1964.90627
6586.95987	1916.18380
6410.51632	1960.22124
6583.19931	1920.70751
6496.96267	1935.10128
6541.48638	1929.17769
6426.47888	1942.20035
6657.44366	1909.08474
6661.20422	1904.56102
6470.56304	1936.72406
6384.14938	1987.34663
6387.90994	1982.82292
6500.72323	1930.57757
6631.04403	1910.70751
6544.80740	1925.10128
6701.96737	1903.16114
6467.24203	1940.80046
6705.28839	1899.08474
6636.23905	1909.61526
6627.72302	1914.78392
6496.96267	1935.10128
6657.44366	1909.08474
6475.75806	1935.63180
6392.66541	1982.17797
6426.47888	1942.20035
6545.24694	1924.65398
6591.71534	1915.53885
6631.48358	1910.26021
6475.31851	1936.07911
6710.04385	1898.43979
6549.56286	1924.45633
6471.00259	1936.27675
6635.79950	1910.06256
6705.72793	1898.63743
6665.95969	1903.91607
6471.00259	1936.27675
6710.48340	1897.99248
6627.72302	1914.78392
6550.00241	1924.00903
6705.72793	1898.63743
	
NSGA-II_10:	66
7483.38140	1901.01799
6596.09140	2092.22886
7102.11118	1904.00017
7470.07543	1901.46529
6901.79038	1925.94030
6964.92747	1917.72176
6602.62304	2077.40440
6627.39461	2048.20803
6631.12832	2034.72297
6606.35675	2063.91934
6865.28757	1931.86389
7082.05292	1904.80380
7018.91584	1913.02234
6865.28757	1931.86389
6597.69715	2080.89470
6650.30098	2022.60444
6761.92805	1971.99582
6659.11185	2013.39570
6806.98229	1955.49300
6772.12523	1965.55873
6673.63603	2005.69065
6737.52804	1980.96929
6831.50222	1941.99582
6843.55083	1939.63514
6746.97076	1975.69065
6822.05951	1947.27446
6815.35329	1950.14817
6798.69801	1955.49300
6735.90329	1981.41659
6687.59377	1999.25356
6786.64941	1957.85368
6685.68463	2003.32997
6759.01936	1973.32997
6702.11794	1991.54851
6714.16655	1989.18783
6725.89072	1985.08467
6602.50120	2077.54511
6627.27277	2048.34874
6640.57104	2029.44433
6685.68463	2003.32997
6616.08669	2057.07945
6640.85826	2027.88308
6615.79947	2058.64070
6611.16080	2060.56975
6622.46872	2051.69833
6650.01613	2025.45667
6635.93237	2031.37338
6820.43475	1947.72176
6697.03649	1993.97492
6620.72536	2055.15039
6781.56795	1960.28009
6777.20669	1963.13232
6692.67523	1996.82715
6668.55457	2008.11706
6664.19331	2010.96929
6815.35329	1950.14817
6772.12523	1965.55873
6664.19331	2010.96929
6781.56795	1960.28009
6659.11185	2013.39570
7483.38140	1901.01799
6620.60352	2055.29111
6611.28264	2060.42903
6650.30098	2022.60444
6721.92805	1987.85368
6645.37509	2026.09474
	
NSGA-II_11:	58
7268.13099	1931.48780
6637.27136	2052.38598
6645.68690	2025.59257
6639.79072	2049.04748
7254.40516	1933.91421
7151.91551	1935.72289
6797.31494	1963.36221
6873.92561	1961.58076
7075.30484	1937.50435
6711.64298	1973.55986
7151.91551	1935.72289
6781.65425	1973.42794
6931.07823	1961.10623
6989.63287	1947.70199
6940.97680	1953.46691
6934.60543	1955.24836
6701.74441	1981.19918
6680.70368	1991.02989
6787.41637	1971.00153
6790.94358	1965.14367
7020.27739	1945.05071
6705.27162	1975.34132
6677.17647	1996.88775
7055.20764	1941.71221
7026.64876	1943.26926
6969.53568	1951.90986
6687.07504	1989.24843
6645.68690	2025.59257
6695.04865	1984.85664
6653.61636	2017.37402
6648.20626	2022.25406
6656.13572	2014.03552
6697.34216	1983.55986
6648.20626	2022.25406
6663.48490	2007.53270
7061.57901	1939.93075
6975.90704	1950.12840
6983.26151	1949.48345
6668.89500	2002.65266
6653.61636	2017.37402
6667.88715	2005.17202
6652.60851	2019.89338
6656.13572	2014.03552
6676.85208	1998.76376
6662.55126	2008.76376
6660.96554	2010.87121
6693.46293	1986.96409
6660.03191	2012.10227
6670.48072	2000.54522
6692.52929	1988.19515
6787.09198	1972.87754
7068.93347	1939.28580
6666.95351	2006.40308
6671.41436	1999.31416
6672.77423	1999.24843
6695.98229	1983.62559
6662.55126	2008.76376
6670.48072	2000.54522
	
NSGA-II_12:	68
7199.83680	1882.68992
6651.59986	2046.16586
7045.96182	1898.74543
6876.58016	1901.95202
7060.26263	1888.74543
7193.46544	1884.47138
6665.74199	2018.52654
6656.99246	2036.76211
6831.16629	1905.24825
6870.20880	1903.73347
6768.36208	1931.10611
6782.66290	1921.10611
6681.08681	2008.33710
6656.11337	2037.20941
6684.68897	1999.61328
6652.47895	2045.71856
6666.62109	2018.07924
6670.25550	2009.57009
6753.33507	1937.60893
6733.71022	1963.70672
6808.33486	1918.00753
6734.52074	1956.56538
6689.20249	1990.65683
6697.13194	1982.43829
6716.93248	1974.26560
6743.43650	1945.24825
6694.48383	1987.84885
6776.29153	1922.88757
6772.76433	1928.74543
6739.03426	1947.60893
6689.09122	1997.25260
6738.92299	1954.20470
6746.96371	1939.39039
7053.89127	1890.52689
6717.33886	1968.89240
6815.85793	1915.16218
6816.26431	1909.78899
7053.48489	1895.90008
6704.38240	1980.20953
6709.40941	1977.11095
6680.20772	2008.78440
6812.73710	1915.64685
7053.89127	1890.52689
6723.71022	1967.11095
6876.58016	1901.95202
6732.83112	1964.15402
7050.36406	1896.38475
6824.79493	1907.02971
6693.60473	1988.29615
6734.52074	1956.56538
6743.43650	1945.24825
7047.11353	1897.68154
6710.56112	1976.04705
6739.03426	1947.60893
6768.36208	1931.10611
6772.76433	1928.74543
6671.13460	2009.12279
6703.50330	1980.65683
6698.01103	1981.99099
6727.33886	1965.48817
6690.08158	1990.20953
6685.56807	1999.16598
6726.45976	1965.93548
6822.63567	1908.00753
6821.85503	1908.81116
6713.81165	1974.75027
6809.48657	1916.94364
7193.46544	1884.47138
	
NSGA-II_13:	39
7933.61436	1900.16368
6609.03055	2033.83389
7404.46645	1908.54090
7789.16062	1907.93492
6609.22755	2007.04048
7042.68761	1922.48539
6982.75334	1928.40898
6810.80344	1940.41531
7159.88078	1922.23574
6898.23387	1930.25663
7833.48244	1906.08727
7304.33453	1914.46450
6768.55123	1948.05463
6618.67027	2001.76184
7260.01270	1916.31215
7232.51655	1920.54723
6838.29960	1936.18023
6870.73771	1934.49172
6723.71362	1962.84860
6721.08296	1969.78273
6621.30093	1994.82771
7224.35533	1922.10382
7159.88078	1922.23574
6733.15634	1957.56996
6630.74365	1989.54906
6618.67027	2001.76184
6609.22755	2007.04048
6685.62551	1974.11015
6756.50262	1950.41531
6745.20494	1955.20928
6642.79226	1987.18839
6650.23062	1983.62547
6673.57691	1976.47083
6673.57691	1976.47083
6666.13854	1980.03374
6662.27923	1981.26479
6654.08994	1982.39442
6640.78791	1988.90411
6650.23062	1983.62547
	
NSGA-II_14:	29
7396.49206	1917.23709
6554.01166	2030.83636
7137.85017	1918.46814
6911.78044	1932.41263
7056.54324	1932.09725
6660.53331	1970.09092
6657.19480	1984.23305
6800.41310	1940.69690
6556.71005	2029.64101
6564.07355	2017.50175
6580.89866	2010.27359
6588.26216	1998.13433
6775.33899	1946.75241
6886.70633	1938.46814
6862.11378	1940.18387
6619.75301	1990.36309
6608.05700	1996.93898
6578.20028	2011.46894
6692.02417	1962.31968
6743.84813	1954.52366
6675.68003	1969.89327
6639.54786	1989.16774
7112.77606	1924.52366
6768.08275	1954.32601
7088.18351	1926.23938
6768.92224	1948.46814
6637.92882	1990.36309
6758.99485	1954.32601
6743.84813	1954.52366
	
NSGA-II_15:	71
8442.41957	1921.48882
7016.54472	2057.68489
7759.26366	1937.08331
7955.32457	1936.01941
8441.39257	1923.27028
8270.50023	1924.82733
7746.16828	1939.30456
7587.34433	1940.42182
7029.64010	2055.46364
7031.20035	2040.20425
7061.38796	2018.88712
7072.08627	2004.74499
7057.05775	2031.98571
7471.12885	1944.65690
8075.10296	1931.78433
7959.91448	1934.23796
7573.22195	1944.42452
8247.02230	1928.44582
8154.28475	1929.06242
7255.98324	1955.00215
7332.59391	1953.22069
8076.12996	1930.00287
7094.41646	2002.38431
7396.05151	1952.32411
7097.94366	1996.52644
7180.23140	1968.20123
7183.75861	1962.34336
7133.15262	1978.39887
7053.53054	2037.84357
7175.82915	1970.56191
7129.62542	1984.25674
7396.05151	1952.32411
7203.22535	1958.34065
7435.71401	1951.20686
7044.29574	2037.98300
7122.69225	1988.68947
7117.41041	1992.52374
7152.61937	1974.39617
7242.88786	1957.22340
7104.31503	1994.74499
7031.20035	2040.20425
7466.53894	1946.43836
7085.18165	2002.52374
7249.61188	1956.78360
7453.44356	1948.65961
7586.31733	1942.20327
7574.24894	1942.64307
7447.78240	1950.76706
7175.82915	1970.56191
7129.62542	1984.25674
7125.22317	1986.61742
7448.80939	1948.98560
7111.03905	1994.30519
7196.85399	1960.12211
7203.22535	1958.34065
7152.61937	1974.39617
7255.98324	1955.00215
7190.12997	1960.56191
7139.52399	1976.61742
7146.24801	1976.17762
7125.22317	1986.61742
7458.03346	1946.87816
8269.47324	1926.60878
8248.04929	1926.66437
8269.47324	1926.60878
8441.39257	1923.27028
8270.50023	1924.82733
8247.02230	1928.44582
7758.23667	1938.86477
8442.41957	1921.48882
8248.04929	1926.66437
	
NSGA-II_16:	43
7756.20955	1931.97594
6919.34168	2053.11234
7394.78324	1949.86491
7530.13982	1945.92043
7620.85298	1935.92043
7094.18698	2000.44367
6931.41506	2040.89957
6923.71496	2052.46050
6948.67133	2031.94748
6956.37144	2020.38654
7359.63605	1954.00705
7301.59170	1958.14918
7101.56976	1988.21491
7585.70579	1940.06256
6960.74472	2019.73470
7620.85298	1935.92043
7394.78324	1949.86491
6944.29806	2032.59931
6935.78834	2040.24773
7019.23819	2008.43792
7119.14335	1979.93064
7266.44452	1962.29132
7170.53877	1973.68106
7530.13982	1945.92043
7014.86491	2009.08975
6984.09100	2012.58006
7072.90926	2004.94762
6979.71773	2013.23189
7212.33489	1971.64637
7301.59170	1958.14918
7154.29054	1975.78850
7247.48208	1967.50423
7228.58312	1969.53892
7170.53877	1973.68106
7077.28254	2004.29579
7263.73031	1965.39678
7135.39159	1977.82319
7243.09823	1969.44597
7135.39159	1977.82319
6979.71773	2013.23189
6960.74472	2019.73470
6956.37144	2020.38654
7014.86491	2009.08975
	
NSGA-II_17:	43
6817.61917	1894.96936
6409.15396	1978.50711
6645.95933	1904.48469
6780.70067	1901.66982
6416.39467	1961.02647
6444.02711	1952.74220
6416.39467	1961.02647
6629.82162	1907.88892
6574.59040	1910.34255
6454.10619	1932.90088
6484.74379	1927.49032
6452.58076	1933.54583
6450.97501	1944.87998
6528.47911	1924.87998
6486.26922	1926.84537
6564.65612	1912.12401
6532.49309	1918.17952
6528.47911	1924.87998
6446.86547	1950.38152
6542.42736	1916.39806
6808.65257	1900.14490
6812.86370	1895.61431
6785.45614	1901.02487
6574.59040	1910.34255
6542.42736	1916.39806
6803.89711	1900.78985
6564.65612	1912.12401
6532.49309	1918.17952
6644.43390	1905.12964
6639.75589	1906.10746
6445.34004	1951.02647
6636.26922	1906.20041
6631.51376	1906.84537
6629.82162	1907.88892
6631.51376	1906.84537
6808.65257	1900.14490
6484.74379	1927.49032
6644.43390	1905.12964
6454.10619	1932.90088
6645.95933	1904.48469
6639.75589	1906.10746
6636.26922	1906.20041
6486.26922	1926.84537
	
NSGA-II_18:	55
8587.41860	1904.10066
6996.60734	2068.43667
7975.30526	1921.39127
8267.09613	1920.76904
8273.46750	1918.98758
8445.03478	1917.11317
7223.51374	1983.74744
7374.65653	1982.14454
7812.02463	1932.91293
7661.35416	1936.27819
7055.32064	2026.65521
7036.50299	2039.15469
7947.80911	1925.62636
7839.52079	1928.67784
7646.01621	1943.23519
7525.56968	1943.56476
8538.43128	1916.66323
7113.44756	2016.16696
7055.97247	2017.24132
6997.25918	2059.02277
7019.79565	2054.29453
7020.44748	2044.88064
7114.09939	2006.75307
7150.04887	2001.19269
7482.81728	1964.79582
7502.30228	1958.74031
7217.14238	1985.52889
6997.25918	2059.02277
7207.31702	1992.43514
7416.15534	1966.57039
7506.70452	1956.37963
7510.23173	1950.52176
7165.38682	1994.23569
7409.00114	1971.84903
7070.11461	2017.24132
8547.39787	1911.48769
7200.94566	1994.21660
7516.60309	1948.74031
7159.01546	1996.01714
7156.42023	1999.41123
7383.62312	1976.96900
7519.19832	1945.34622
7381.02789	1980.36308
7652.38757	1941.45374
7654.98280	1938.05965
8559.92244	1908.33575
8574.89403	1907.25260
7389.99448	1975.18754
7402.62978	1973.63049
7502.30228	1958.74031
7516.60309	1948.74031
7200.94566	1994.21660
7217.14238	1985.52889
7374.65653	1982.14454
7381.02789	1980.36308
	
NSGA-II_19:	17
7142.67315	1968.14070
6786.26462	2045.08109
7060.95100	1971.47921
6787.30818	2030.93895
6798.22027	2016.79682
6986.70664	1983.10199
6929.89807	1987.01108
7037.60471	1978.63386
6809.93600	2008.51255
7031.48152	1979.25045
6913.64983	1989.11853
6884.18036	1996.88977
6855.65371	1998.63386
6839.40548	2000.74131
6900.42859	1994.78232
6826.18424	2006.40510
7031.48152	1979.25045
	
NSGA-II_20:	75
7595.63200	1960.22269
6881.93943	2099.27115
6963.20110	2060.07478
6963.45057	2046.80737
7135.32593	1999.49778
7237.67197	1988.98475
7538.88548	1961.74403
7594.78034	1960.86764
7192.07244	1997.97643
7294.41849	1987.46340
7513.42424	1968.96487
7468.03428	1969.29040
6937.97751	2078.01023
7213.97285	1995.10272
7349.79726	1982.52732
7047.02535	2017.88188
7021.79525	2020.37091
6947.69058	2071.63183
6969.08403	2040.88378
7309.83463	1985.95877
6953.32404	2065.70824
7453.30175	1970.23283
7381.84428	1976.63095
7421.80691	1973.19949
6906.84042	2089.56728
6890.68958	2095.88290
6922.46700	2083.64369
6892.10789	2090.50971
6987.71123	2031.86208
7515.18636	1967.86201
7052.82053	2014.68067
7325.72561	1983.23489
7095.36330	2002.92924
7119.43495	2002.22167
6989.12954	2026.48888
7452.14330	1972.01429
7379.83418	1979.05736
6907.73446	2084.58612
6979.25248	2032.12234
6890.68958	2095.88290
7221.78099	1991.70864
7007.06272	2021.31334
7003.86207	2025.54645
6923.24498	2078.95266
7396.57681	1975.68852
7419.79681	1975.62590
7211.90394	1997.34210
7052.82053	2014.68067
7436.53944	1972.25706
6973.61902	2038.04593
7061.53914	2010.82867
6978.96109	2035.25032
7120.59340	2000.44021
6989.12954	2026.48888
6906.31615	2089.95931
7538.03383	1962.38898
7007.06272	2021.31334
7062.69758	2009.04721
7395.72516	1976.33347
7350.95571	1980.74586
7080.63077	2003.87167
7310.99308	1984.17732
7237.67197	1988.98475
7222.93944	1989.92718
7435.68779	1972.90201
7077.43012	2008.10478
6953.32404	2065.70824
6957.85904	2062.87039
7365.68824	1979.80343
6921.82667	2084.32585
6978.96109	2035.25032
7522.14285	1965.11287
7524.15295	1962.68646
7079.47232	2005.65312
7524.15295	1962.68646
	
NSGA-II_21:	26
6443.01755	1875.38990
6215.42577	1947.79106
6328.26708	1893.25363
6288.33328	1897.52769
6396.71238	1881.44542
6443.01755	1875.38990
6396.71238	1881.44542
6373.49890	1888.34683
6334.63844	1891.47217
6368.90900	1890.12829
6270.69396	1911.66982
6219.43976	1941.09060
6281.96191	1899.30914
6237.07908	1926.94846
6222.96696	1935.23273
6278.43471	1905.16701
6240.60628	1921.09060
6250.88580	1915.51225
6233.24648	1929.65439
6229.33833	1933.45128
6264.32259	1913.45128
6257.25716	1913.73080
6222.96696	1935.23273
6328.26708	1893.25363
6246.97765	1919.30914
6237.07908	1926.94846
	
NSGA-II_22:	39
6954.24213	1910.47261
6505.52091	2009.67586
6779.63208	1925.75125
6832.93606	1923.96979
6719.85409	1933.96979
6744.92820	1927.91428
6887.23688	1913.96979
6517.23664	1995.53372
6516.45289	2003.62035
6610.47399	1973.19292
6611.25774	1965.10630
6665.55328	1943.96979
6656.11056	1949.24843
6681.18467	1943.19292
6526.67936	1990.25508
6517.23664	1995.53372
6514.96363	2004.39722
6921.94075	1911.80676
6919.53826	1912.63564
6645.77457	1953.77214
6862.16277	1920.02530
6690.62739	1937.91428
6573.36073	1982.57679
6596.82004	1975.20085
6620.70046	1959.82766
6619.54202	1965.10630
6644.61613	1959.05078
6645.77457	1953.77214
6505.52091	2009.67586
6551.75347	1984.19957
6551.75347	1984.19957
6548.28662	1988.63231
6597.26901	1973.96979
6587.82629	1979.24843
6580.98018	1980.25508
6542.31075	1989.47821
6636.33185	1959.05078
6628.98473	1959.82766
6514.96363	2004.39722
	
NSGA-II_23:	73
7138.65549	1884.73515
6596.20956	2053.93350
6598.63794	2045.62398
6600.24322	2016.13701
7123.10856	1889.94807
6890.43343	1900.27764
7058.67629	1892.37448
6954.90797	1900.14572
6994.20175	1892.50640
7058.67629	1892.37448
6848.59005	1908.40323
6800.11029	1908.69383
6620.53382	1967.98466
6617.94874	1980.85837
6994.14198	1896.20123
6966.70559	1896.74148
6624.09720	1960.34534
6642.32350	1954.86905
6609.95507	1987.98466
6606.39169	1995.62398
6603.96330	2003.93350
6609.95507	1987.98466
6603.80660	2008.49769
6624.09720	1960.34534
6889.93412	1904.41977
6862.93727	1904.51273
6862.49773	1904.96003
6688.68071	1930.43632
6620.53382	1967.98466
6788.70398	1910.72494
6647.45653	1949.85709
7138.59573	1888.42999
6679.23799	1935.71496
6706.90701	1924.96003
6772.61414	1912.92892
6700.72931	1928.07564
6707.34656	1924.51273
6799.67075	1909.14113
6761.64737	1914.51273
6656.89925	1944.57845
6642.76305	1954.42175
6675.56510	1938.65486
6730.36193	1920.56824
6603.96330	2003.93350
6603.80660	2008.49769
6719.39516	1922.15205
6729.92238	1921.01554
6789.14353	1910.27764
6717.87377	1923.37622
6665.68283	1944.38080
6742.98152	1920.43632
6994.20175	1892.50640
7138.65549	1884.73515
6889.99388	1900.72494
7138.59573	1888.42999
6954.90797	1900.14572
6655.87866	1946.20321
6760.53577	1917.75839
6761.20782	1914.96003
6697.46429	1930.23867
6772.17459	1913.37622
6667.86602	1942.99465
6749.12945	1919.78950
6760.09622	1918.20569
6668.94786	1942.21777
6699.64748	1928.85251
6753.94829	1918.85251
6749.56900	1919.34220
6697.90384	1929.79137
6674.10496	1940.72692
6675.12555	1939.10216
6718.95561	1922.59935
6674.54451	1940.27962
	
NSGA-II_24:	27
6992.04076	1894.78232
6560.29834	1973.46877
6711.91382	1901.87124
6827.10231	1899.41761
6572.49470	1938.99707
6578.70738	1919.57629
6564.31233	1966.76831
6564.56525	1947.21561
6828.12930	1897.63615
6921.45087	1897.44865
6635.30315	1903.65270
6926.04077	1895.66720
6593.00820	1909.57629
6628.93179	1905.43415
6564.31233	1966.76831
6560.29834	1973.46877
6568.96749	1944.85493
6572.49470	1938.99707
6586.63683	1911.35775
6583.10963	1917.21561
6583.10963	1917.21561
6635.30315	1903.65270
6586.63683	1911.35775
6593.00820	1909.57629
6925.84359	1896.40510
6925.84359	1896.40510
6583.10963	1917.21561
	
NSGA-II_25:	54
8557.98826	1882.35705
6810.40911	2085.74478
6842.46129	2068.11234
6859.36178	2043.14418
7152.57523	1951.59436
7298.78461	1946.25000
7431.00515	1923.31009
7622.45373	1919.97159
7820.60259	1901.84402
8008.72326	1901.71210
8062.72866	1894.07278
8315.86219	1890.12829
8470.10306	1890.12829
7732.71739	1909.61526
7632.02744	1915.53885
7343.89437	1937.29355
7067.04814	1969.39050
7766.59719	1909.48334
8179.29720	1894.07278
7350.52796	1937.25458
7414.00963	1933.91607
8254.17724	1890.73427
8012.05117	1898.50551
7042.16810	1977.67477
7150.66186	1959.16796
7431.00515	1923.31009
7429.09177	1930.88369
8503.98286	1889.99637
7116.00669	1967.45223
6964.58603	1999.39050
6872.67513	2037.71374
6815.33500	2082.25448
6835.28915	2077.46051
6944.77592	2003.08533
7140.32196	1961.17195
6917.64963	2017.22747
6884.24182	2034.85991
6837.53540	2071.60264
7039.92185	1983.53263
6919.89588	2011.36960
6998.09169	1995.95904
7015.04181	1991.81691
7022.97173	1987.67477
6939.70599	2007.67477
7042.16810	1977.67477
6886.48807	2029.00204
7125.44894	1965.73650
6939.70599	2007.67477
6891.41396	2025.51174
6916.29400	2017.22747
6884.24182	2034.85991
6864.28767	2039.65387
6911.36811	2020.71777
6901.15705	2023.57160
	
NSGA-II_26:	43
6933.49604	1888.50354
6443.68985	1986.92170
6692.39204	1888.50354
6933.49604	1888.50354
6460.25840	1971.06384
6470.03334	1960.12829
6479.47606	1954.84965
6486.60188	1944.27042
6554.84719	1914.07278
6546.65058	1922.93627
6496.04460	1938.99178
6504.24120	1930.12829
6564.28990	1908.79414
6455.91796	1985.69555
6457.56796	1978.05623
6460.25840	1971.06384
6601.15235	1908.01726
6564.28990	1908.79414
6554.84719	1914.07278
6513.68392	1924.84965
6486.60188	1944.27042
6513.68392	1924.84965
6541.99542	1924.20470
6646.08688	1894.55905
6618.59072	1898.79414
6610.59507	1902.73862
6618.59072	1898.79414
6664.89589	1892.73862
6646.08688	1894.55905
6692.39204	1888.50354
6496.04460	1938.99178
6504.24120	1930.12829
6610.59507	1902.73862
6601.15235	1908.01726
6477.89772	1956.92170
6664.89589	1892.73862
6443.68985	1986.92170
6470.03334	1960.12829
6477.89772	1956.92170
6479.47606	1954.84965
6546.65058	1922.93627
6601.15235	1908.01726
6486.60188	1944.27042
	
NSGA-II_27:	37
7389.44102	1920.02472
6783.16466	2017.18998
7236.83399	1925.14469
6962.38998	1968.77379
7070.55982	1946.86041
7136.90442	1945.27661
7155.52706	1938.77379
6989.25289	1960.48952
6812.63414	2009.41874
6811.44893	2017.18998
7187.16733	1932.91593
6842.55289	1998.70806
6832.05161	2004.96123
7049.17743	1954.63166
7070.55982	1946.86041
7017.53716	1960.48952
7020.89316	1954.63166
6892.81580	1986.34738
6874.19316	1992.85020
6882.65759	1988.90571
6951.31899	1972.20525
7186.57108	1937.50537
7187.16733	1932.91593
6813.08342	2006.47931
6919.67872	1978.06311
6862.89705	1997.05806
6943.76734	1975.27661
6911.78399	1984.82930
6912.12707	1981.13447
6919.67872	1978.06311
6842.55289	1998.70806
6861.52109	1997.18998
6938.64691	1976.54503
6812.63414	2009.41874
6813.08342	2006.47931
6889.75996	1988.77379
6882.65759	1988.90571
	
NSGA-II_28:	44
7579.49858	1933.42942
6709.24120	2067.24024
7509.75022	1945.30383
7041.09602	1946.63612
6713.35296	2059.35324
6714.31877	2027.53073
6971.34765	1958.51053
6892.99059	1958.99680
6741.21064	2000.48963
6738.67954	2012.49399
6865.49443	1963.23189
7041.09602	1946.63612
7013.59986	1950.87121
6714.86716	2027.28305
6709.78958	2066.99256
6718.43053	2019.64373
6855.56016	1969.15548
6865.49443	1963.23189
7542.06815	1943.58810
7552.00243	1937.66451
7013.59986	1950.87121
7003.66559	1956.79480
6728.36481	2013.72014
6718.43053	2019.64373
6801.25934	1979.15548
6760.58763	1989.28740
6750.65336	1995.21099
6811.19362	1973.23189
6823.24222	1970.87121
6751.14492	1994.56604
6791.81662	1984.43412
6801.75090	1978.51053
6741.21064	2000.48963
7003.66559	1956.79480
7542.06815	1943.58810
7552.00243	1937.66451
6811.19362	1973.23189
6823.24222	1970.87121
6772.63624	1986.92672
6772.63624	1986.92672
6738.67954	2012.49399
6728.36481	2013.72014
6801.75090	1978.51053
6750.65336	1995.21099
	
NSGA-II_29:	35
6911.53516	1911.74749
6616.01058	2002.81461
6722.01437	1939.25500
6616.24897	1985.31398
6773.99030	1937.31673
6829.73819	1925.98258
6715.64301	1941.03646
6837.73384	1922.03809
6865.22999	1917.80300
6911.53516	1911.74749
6675.70921	1945.31051
6795.48162	1929.67741
6623.02671	1978.15933
6884.03900	1915.98258
6783.43302	1932.03809
6884.03900	1915.98258
6634.65636	1964.60330
6630.95616	1969.94079
6627.87862	1971.75795
6624.17842	1977.09543
6829.73819	1925.98258
6837.73384	1922.03809
6865.22999	1917.80300
6642.58582	1956.38475
6642.17944	1961.75795
6669.33785	1947.09197
6668.93147	1952.46516
6648.95718	1954.60330
6662.56011	1954.24662
6635.80808	1963.53940
6783.43302	1932.03809
6675.70921	1945.31051
6669.33785	1947.09197
6783.43302	1932.03809
6884.03900	1915.98258
	
NSGA-II_30:	77
8344.20869	1865.92043
6879.40467	2046.43170
8343.76914	1866.36773
8189.09157	1868.14918
7638.78873	1894.71773
7491.77770	1894.81068
8022.66328	1878.12196
7875.65225	1878.21491
8179.15730	1874.07278
6955.87468	2005.79800
6960.13672	1991.91487
7216.43864	1937.72689
7463.16020	1900.44378
7312.40956	1924.70862
8085.32325	1875.92043
7112.67033	1945.49813
7141.28783	1939.86503
7388.00938	1902.58192
7314.86817	1914.13862
7041.66041	1965.84337
8032.55083	1875.98615
6987.86542	1980.81563
7867.98571	1879.90342
6929.82484	2022.83122
7646.89482	1892.58192
7065.95878	1956.79491
6883.99457	2044.65025
6886.18241	2039.27705
7025.73572	1970.61809
6951.28477	2007.57945
6908.87388	2026.77582
7701.44870	1892.51619
6898.01945	2033.41919
7304.74301	1926.39712
7030.32563	1968.83664
8085.32325	1875.92043
6966.91446	1984.76023
7319.45808	1912.35716
7221.02855	1935.94543
7467.75010	1898.66233
7277.04719	1931.55353
7805.21701	1884.74495
7727.36023	1891.90974
6938.24250	2019.59601
6940.43034	2014.22282
6964.72663	1990.13342
7023.54789	1975.99128
6902.60935	2031.63773
6945.02024	2012.44136
7051.23606	1961.48780
7068.14662	1951.42172
7847.03475	1883.84802
6890.77231	2037.49560
7133.62128	1941.55353
7089.09757	1947.47712
7018.95798	1977.77274
7743.26644	1891.61926
7359.39188	1908.21502
6995.53196	1979.12712
7245.05614	1932.09378
7283.79206	1930.34172
7764.21739	1887.67466
7747.85635	1889.83780
7288.38197	1928.56027
6913.46379	2024.99437
7484.11115	1896.49918
7335.81913	1910.19402
7380.34284	1904.27042
7363.98179	1906.43357
7771.88394	1885.98615
7237.38960	1933.78229
7061.36887	1958.57637
8023.10283	1877.67466
7051.23606	1961.48780
7771.88394	1885.98615
7245.05614	1932.09378
7343.48567	1908.50551
	
Math-AUGMECON-II_1:	3
7128.98210	1822.88559
6748.57274	1827.80300
6164.40264	1958.09547
	
Math-AUGMECON-II_2:	9
7853.35213	1819.22813
7831.72407	1819.87308
7536.69472	1820.45919
7488.06106	1820.94386
7466.43300	1821.58881
7447.42096	1821.65454
7424.01145	1822.29949
7128.98210	1822.88559
6164.40264	1958.09547
	
Math-AUGMECON-II_3:	7
8026.56136	1815.88962
7853.35213	1819.22813
7534.91326	1820.45919
7128.98210	1822.88559
7082.12990	1823.37027
6169.05781	1936.18210
6164.40264	1958.09547
	
Math-AUGMECON-II_4:	5
8024.77991	1815.88962
7996.08535	1819.22813
7853.35213	1819.22813
7536.69472	1820.45919
6164.40264	1958.09547
	
Math-AUGMECON-II_5:	7
7534.91326	1820.45919
7447.42096	1821.65454
7424.01145	1822.29949
7128.98210	1822.88559
7082.12990	1823.37027
6169.05781	1936.18210
6164.40264	1958.09547
	
Math-AUGMECON-II_6:	6
7534.91323	1820.45918
7128.98210	1822.88559
7082.12990	1823.37027
6750.35419	1827.80300
6169.05754	1936.18210
6164.40264	1958.09547
	
Math-AUGMECON-II_7:	6
7130.76355	1822.88559
6750.35419	1827.80300
6575.73077	1845.34120
6568.74328	1847.12266
6499.12010	1847.12266
6164.40264	1958.09547
	
Math-AUGMECON-II_8:	8
8024.77991	1815.88962
7853.35213	1819.22813
7534.91326	1820.45919
7488.06106	1820.94386
7464.65155	1821.58881
7447.42096	1821.65454
7424.01145	1822.29949
6164.40264	1958.09547
	
Math-AUGMECON-II_9:	11
7128.98210	1822.88559
6748.57274	1827.80300
6710.20726	1833.56791
6708.99821	1836.86756
6685.95665	1837.80300
6640.81324	1841.94514
6573.94932	1845.34120
6497.33864	1847.12266
6170.01520	1924.53034
6169.05781	1936.18210
6164.40264	1958.09547
	
Math-AUGMECON-II_10:	9
7464.65155	1821.58881
7082.12990	1823.37027
7058.72039	1824.01522
6748.57274	1827.80300
6722.85804	1832.03809
6721.07658	1832.03809
6713.45281	1833.56791
6682.71110	1837.80300
6164.40264	1958.09547
	
Math-AUGMECON-II_11:	7
7130.76355	1822.88559
7058.72039	1824.01522
7054.63374	1827.60535
6750.35419	1827.80300
6710.20726	1833.56791
6682.71110	1837.80300
6164.40264	1958.09547
	
Math-AUGMECON-II_12:	7
7128.98210	1822.88559
7058.72039	1824.01522
6794.49648	1827.80299
6750.35419	1827.80300
6721.07658	1832.03809
6169.05781	1936.18210
6164.40264	1958.09547
	
Math-AUGMECON-II_13:	7
7853.35213	1819.22813
7829.94261	1819.87308
7536.69472	1820.45919
7130.76355	1822.88559
6750.35419	1827.80300
6721.07658	1832.03809
6164.40264	1958.09547
	
Math-AUGMECON-II_14:	6
7128.98210	1822.88559
7082.12990	1823.37027
7054.63374	1827.60535
6748.57274	1827.80300
6721.07658	1832.03809
6164.40264	1958.09547
	
Math-AUGMECON-II_15:	9
8026.56136	1815.88962
7855.13358	1819.22813
7534.91326	1820.45919
7464.65155	1821.58881
7447.42096	1821.65454
7425.79290	1822.29949
7128.98210	1822.88559
6169.05781	1936.18210
6164.40264	1958.09547
	
Math-AUGMECON-II_16:	4
7536.69472	1820.45919
7489.84252	1820.94386
7128.98210	1822.88559
6164.40264	1958.09547
	
Math-AUGMECON-II_17:	8
6748.57274	1827.80300
6637.56769	1841.94514
6573.94932	1845.34120
6497.33864	1847.12266
6174.67036	1902.61696
6170.01520	1924.53034
6169.05781	1936.18210
6164.40264	1958.09547
	
Math-AUGMECON-II_18:	8
8024.77991	1815.88962
7853.35213	1819.22813
7829.94261	1819.87308
7536.69472	1820.45919
7488.06106	1820.94386
7464.65155	1821.58881
7128.98210	1822.88559
6164.40264	1958.09547
	
Math-AUGMECON-II_19:	5
7128.98210	1822.88559
7060.50184	1824.01522
7032.93420	1827.80300
6792.71487	1827.80300
6164.40264	1958.09547
	
Math-AUGMECON-II_20:	8
7534.91326	1820.45919
7488.06106	1820.94386
7464.65155	1821.58881
7447.42096	1821.65454
7424.01145	1822.29949
7130.76355	1822.88559
7083.91136	1823.37027
6164.40264	1958.09547
	
Math-AUGMECON-II_21:	9
6427.41519	1848.83151
6392.29526	1854.59642
6361.55355	1858.83151
6319.30134	1866.47083
6268.74406	1878.83151
6256.69546	1881.19219
6174.67036	1902.61696
6170.01520	1924.53034
6169.05781	1936.18210
	
Math-AUGMECON-II_22:	9
6792.71487	1827.80300
6748.57274	1827.80300
6721.07658	1832.03809
6710.20726	1833.56791
6685.95665	1837.80300
6678.82437	1839.67741
6637.56769	1841.94514
6575.73077	1845.34120
6164.40264	1958.09547
	
Math-AUGMECON-II_23:	10
7128.98210	1822.88559
7082.12990	1823.37027
7054.63374	1827.60535
6748.57274	1827.80300
6721.07658	1832.03809
6710.20726	1833.56791
6174.67036	1902.61696
6170.01520	1924.53034
6169.05781	1936.18210
6164.40264	1958.09547
	
Math-AUGMECON-II_24:	6
6750.35429	1827.80300
6710.20726	1833.56791
6573.94932	1845.34120
6174.67036	1902.61696
6169.05781	1936.18210
6164.40264	1958.09547
	
Math-AUGMECON-II_25:	9
8024.77991	1815.88962
7855.13358	1819.22813
7536.69472	1820.45919
7424.01145	1822.29949
7130.76355	1822.88559
7082.12990	1823.37027
7058.72039	1824.01522
6750.35419	1827.80300
6164.40264	1958.09547
	
Math-AUGMECON-II_26:	8
6794.49633	1827.80300
6685.95665	1837.80300
6639.34914	1841.94514
6573.94932	1845.34120
6497.33864	1847.12266
6170.01520	1924.53034
6169.05781	1936.18210
6164.40263	1958.09547
	
Math-AUGMECON-II_27:	4
7128.98210	1822.88559
7058.72039	1824.01522
6748.57274	1827.80300
6164.40264	1958.09547
	
Math-AUGMECON-II_28:	4
7534.91326	1820.45919
7488.06106	1820.94386
6792.71487	1827.80300
6164.40264	1958.09547
	
Math-AUGMECON-II_29:	5
6748.57274	1827.80300
6721.07658	1832.03809
6713.45281	1833.56791
6169.05781	1936.18210
6164.40264	1958.09549
	
Math-AUGMECON-II_30:	12
8026.56136	1815.88962
7996.08533	1819.22813
7853.35213	1819.22813
7829.94261	1819.87308
7534.91326	1820.45919
7488.06106	1820.94386
7464.65155	1821.58881
7447.42096	1821.65454
7128.98210	1822.88559
6170.01520	1924.53034
6169.05781	1936.18210
6164.40264	1958.09547