Numfront:	
61	

AUGMECON-II:	16
7926.14087	2286.14953
7961.21856	2272.20504
7987.10587	2251.41181
7991.93912	2248.02652
8008.17856	2237.82887
8013.64453	2212.84281
8029.88397	2202.64516
8041.96181	2190.44118
8076.21259	2178.56875
8089.14194	2165.82649
8105.38138	2155.62885
8117.45921	2143.42487
8151.71000	2131.55244
8293.12948	2118.87114
8293.12948	2107.03736
8621.17829	2095.98191
	
NSGA-II_1:	70
9072.22249	2088.55287
8130.60022	2326.72409
8883.54992	2109.39547
8539.50381	2116.32400
8169.13228	2268.66236
8173.53124	2231.37984
9015.57905	2094.96274
8941.02026	2100.91355
8142.18216	2282.93642
8139.50610	2300.57574
8408.30158	2128.68468
8467.48620	2126.55016
8133.27628	2309.08477
8132.13978	2321.44545
8910.12368	2102.53633
8377.40500	2130.30746
9041.32591	2090.17565
8139.16387	2308.53826
8539.50381	2116.32400
9072.22249	2088.55287
8250.96712	2187.78122
8508.60723	2117.94678
8481.11484	2120.11307
8256.10862	2176.55016
8210.11381	2212.12653
9018.49701	2092.60206
8158.42160	2272.73877
8156.95380	2280.37319
8244.45359	2198.18205
8177.27610	2226.94710
9038.40795	2092.53633
8887.29478	2104.96274
8252.36376	2180.98290
8183.16369	2226.40059
8376.57810	2132.37952
8349.91260	2132.47375
8235.64805	2201.08924
8201.30826	2215.03372
8164.30919	2272.19226
8478.19688	2122.47375
8268.60320	2170.78525
8247.22226	2192.21396
8148.06975	2282.38991
8283.05874	2162.27611
8297.54551	2160.10981
8331.88529	2146.16532
8301.11728	2154.92739
8193.51554	2216.74945
8227.85533	2202.80497
8304.86214	2150.49465
8907.20571	2104.89701
8224.11047	2207.23770
8335.45706	2140.98290
8886.46788	2107.03479
8192.68864	2218.82151
8304.03524	2152.56671
8336.28397	2138.91084
8189.77068	2221.18219
8238.56601	2198.72856
8204.22622	2212.67304
8272.34806	2166.35251
8315.57282	2146.41824
8280.14078	2164.63679
8346.99464	2134.83443
8339.20193	2136.55016
8312.65486	2148.77892
8909.29677	2104.60839
8250.14022	2189.85328
8288.62270	2160.69230
8297.54551	2160.10981
	
NSGA-II_2:	84
9783.21138	2155.92855
8774.45969	2450.54985
9699.42907	2173.85847
9430.03862	2179.12938
9429.56412	2179.67589
9292.82716	2180.70066
9180.50774	2205.90031
9166.59601	2208.51888
8777.34490	2431.87577
9246.87585	2198.63059
8789.71213	2362.04100
9278.91543	2183.31923
9260.31309	2196.55853
9709.02518	2170.36129
8782.42293	2415.99372
9782.73688	2156.47506
8775.76109	2447.93128
8788.12833	2378.09652
9731.94314	2158.00061
8799.64933	2348.80559
8990.72785	2257.89975
8812.54007	2340.65278
8776.04350	2434.49433
8786.82693	2380.71508
8785.69985	2391.46178
8871.36723	2290.65278
9120.12442	2215.83158
8819.69015	2337.71494
8819.97256	2324.27799
8788.41073	2364.65957
8952.39623	2258.77837
9731.46864	2158.54712
8890.99057	2282.94773
8799.64933	2348.80559
8832.86329	2316.12518
8858.47650	2298.80559
8884.80447	2288.58072
8858.37587	2306.38079
8784.39845	2394.08035
9070.39500	2241.13560
9071.13500	2232.39464
9106.21269	2218.45015
9043.74498	2247.06264
8871.26661	2298.22797
8783.64155	2408.06380
8784.00673	2399.93821
9102.90907	2225.27773
8903.40681	2275.34142
9056.95776	2243.20765
8853.57676	2308.22063
8890.51608	2283.49424
8823.29819	2320.32527
8938.48450	2261.39694
8935.18089	2268.22452
8992.02925	2255.28119
8999.34232	2250.91915
9292.35266	2181.24718
9070.39500	2241.13560
9102.43457	2225.82424
9012.77955	2248.84710
9071.60950	2231.84813
9119.64992	2216.37810
8951.92173	2259.32488
8916.84405	2273.26937
9084.57223	2230.32258
9011.67145	2249.68510
8938.95900	2260.85043
9279.38993	2182.77272
9180.03324	2206.44682
9043.27048	2247.60915
8782.81465	2410.13586
8917.31854	2272.72286
8836.18892	2312.17246
8903.88131	2274.79491
9089.47184	2227.34979
9167.07051	2207.97237
9025.10869	2247.61304
8818.86325	2339.78700
8821.27396	2321.65943
8835.71442	2312.71897
8850.72563	2311.62684
9085.04673	2229.77607
9106.68718	2217.90364
8870.79211	2298.77448
	
NSGA-II_3:	77
9235.28894	2099.73046
8159.27979	2265.27628
8702.57026	2127.50159
8968.30691	2126.20445
9231.75715	2107.72611
9047.94149	2108.15918
8515.22281	2135.93031
8663.54029	2135.81635
8284.35551	2182.82997
8178.55353	2254.11975
8220.08533	2225.04293
8281.55331	2196.61578
8196.32147	2241.80447
8984.76688	2118.49940
8310.87726	2168.97646
8237.99046	2215.29208
9043.25125	2117.93628
8362.11211	2168.63623
8424.55580	2148.43683
8514.06436	2137.71176
8487.73042	2138.09660
9234.46204	2101.80252
8200.05129	2238.10964
9045.95614	2112.01269
8253.80153	2205.51498
8363.65855	2164.49409
8485.74507	2141.95011
8374.36922	2160.41769
8674.25096	2131.73994
8268.18701	2199.83473
8398.54360	2158.43683
8269.34545	2198.05327
8982.13262	2120.28086
8254.22410	2203.19389
8421.92155	2150.21828
8362.83165	2166.56615
8297.05154	2174.90005
8162.18270	2263.65351
8217.18242	2226.66571
8216.35552	2228.73776
8204.88454	2234.72434
8206.47174	2230.74211
8449.41394	2148.05199
8675.07787	2129.66788
8701.74336	2129.57365
9047.11459	2110.23123
8486.57197	2139.87806
9044.07815	2115.86422
9232.58405	2105.65405
8163.00960	2261.58145
8167.84285	2258.19616
8300.16658	2173.05287
8452.04820	2146.27053
8295.06619	2178.75356
8286.34086	2178.97646
8375.52767	2158.63623
8410.73009	2154.36042
8243.51342	2207.27030
8475.03439	2146.02652
8475.86129	2143.95446
8664.36719	2133.74429
8215.59521	2230.64793
8173.72028	2257.50504
8257.12701	2201.57112
8308.89191	2172.82997
8974.14777	2122.03360
8973.32087	2124.10566
8239.97581	2211.43857
8242.68652	2209.34236
8177.72663	2256.19180
8421.09465	2152.29034
8309.71881	2170.75791
8238.81736	2213.22003
8197.14837	2239.73241
8285.51396	2181.04851
8408.09583	2156.14187
8407.26893	2158.21393
	
NSGA-II_4:	89
9394.30994	2162.34219
8861.41106	2450.36186
9388.23518	2164.96075
8865.59501	2409.37167
8862.32878	2449.40438
9318.67695	2168.39770
9232.45365	2191.10362
9277.52450	2184.96075
8899.36099	2351.29932
8896.75265	2376.93838
8899.83549	2350.75281
8900.22207	2327.28910
9058.68343	2228.18566
8896.27815	2377.48489
8880.11546	2390.97742
8922.12487	2309.99696
8923.08371	2291.82984
9209.85124	2199.23972
9177.95463	2199.42423
8931.37218	2279.94918
8955.11947	2274.69118
9090.04516	2228.00115
9171.87987	2202.04279
9147.72078	2204.74872
9283.59926	2182.34219
9307.43686	2180.27836
9007.71284	2256.77103
8982.42674	2257.60449
9024.58004	2238.77996
9124.90673	2205.47974
9147.24628	2205.29523
9312.60219	2171.01627
8871.77089	2396.27309
8871.66977	2406.75310
9016.76416	2250.20018
8923.55821	2291.28333
9018.50338	2241.48460
8921.65037	2310.54347
9114.59692	2213.33178
9109.82904	2219.42423
8913.60874	2322.24081
9210.32574	2198.69320
8925.29742	2282.56774
9307.91136	2179.73185
8961.19424	2272.07261
8917.99094	2317.33884
9226.37889	2193.72219
9039.89465	2238.39381
8972.10511	2261.45800
8961.30415	2264.10445
9052.60866	2230.80423
9099.99373	2226.72976
9103.75427	2222.04279
9118.83196	2208.09831
9115.07142	2212.78527
8906.29684	2324.67054
9048.84812	2235.49119
8874.51519	2393.04948
9018.97977	2240.85202
9053.08316	2230.25772
9283.12476	2182.88870
9099.51924	2227.27627
9090.51966	2227.45464
9013.78760	2254.15247
9016.28967	2250.74669
8930.89768	2280.49569
8960.71974	2272.61913
8866.06951	2408.82516
9008.18733	2256.22452
8966.90442	2262.03239
9040.36915	2237.84730
9177.48013	2199.97074
9172.35436	2201.49628
8905.82234	2325.21705
8879.64096	2391.52393
9104.22877	2221.49628
9124.43223	2206.02625
9119.30646	2207.55180
8977.70538	2259.38594
9045.49491	2236.32175
9013.31310	2254.69898
8925.77192	2282.02123
8955.59397	2274.14467
8981.95224	2258.15100
8900.69657	2326.74259
8871.19528	2407.29961
8915.71779	2320.36641
9313.07668	2170.46976
9388.70967	2164.41424
	
NSGA-II_5:	64
9258.08312	2123.60486
8426.87538	2327.39872
8868.03932	2151.48702
9028.96708	2149.48949
9100.09340	2137.26073
9213.89820	2135.09770
8543.22681	2236.00852
8572.41533	2227.07416
8451.23668	2281.85624
8439.48085	2294.97184
8437.55557	2305.48534
8428.80066	2316.88522
8515.22492	2244.45147
8453.16196	2271.34274
8437.55557	2305.48534
9086.65616	2139.33278
9043.53173	2143.11859
8805.28132	2159.87241
8466.59919	2269.27068
8494.71189	2252.02506
8480.14723	2258.39595
8467.72662	2264.97184
8806.40874	2155.57358
9244.64588	2125.67692
8528.66215	2242.37941
9030.09450	2145.19065
8508.14912	2249.95300
8708.98635	2182.77335
8716.06214	2177.27181
8784.76829	2167.44601
8791.84408	2161.94447
8670.91692	2195.78597
8680.98446	2191.21630
9230.08123	2132.04781
9227.33544	2133.02564
8603.32377	2212.19424
8493.58446	2256.32390
8586.97999	2220.70327
8629.53621	2202.39189
8594.45853	2216.33637
8638.40146	2198.24975
8783.49078	2167.93426
8588.75912	2218.56513
8579.04960	2222.99775
8763.14226	2168.43714
8694.42169	2189.14424
8651.83869	2196.17769
8693.14418	2189.63249
8730.62680	2170.90092
8729.49938	2175.19976
8707.70884	2183.26160
8819.84597	2153.50152
9243.51846	2129.97576
8529.78957	2238.08057
8744.06404	2168.82886
8488.23965	2257.39825
8614.97156	2208.76278
8838.92420	2153.10980
8848.96110	2151.87874
8670.91692	2195.78597
9029.70498	2149.48949
8730.62680	2170.90092
8695.54911	2184.84540
8622.05768	2206.75878
	
NSGA-II_6:	70
9434.29447	2079.80633
8198.66478	2324.34159
9173.32342	2089.89928
9126.63470	2105.66420
8932.47237	2105.95468
8724.50069	2111.81255
8874.08340	2109.74376
9142.42684	2091.52206
8546.65228	2129.61230
8199.18602	2315.64623
8288.04536	2240.47757
8319.94759	2228.95054
8366.87788	2190.08063
8398.70966	2181.79589
8536.42740	2139.48038
8350.40344	2211.79589
8250.29979	2279.34107
8233.08629	2285.19893
8330.07951	2217.30101
8260.86024	2266.26924
8471.13966	2148.24182
8557.36296	2125.53589
8582.21577	2121.45948
8495.99247	2144.16541
8213.00456	2310.39710
8213.52580	2301.70174
8257.91344	2268.56419
8366.19558	2197.65376
8901.57579	2107.57746
8272.25322	2254.61971
8320.62989	2221.37742
8229.31794	2287.55961
8228.00483	2295.26466
8609.70816	2119.29319
8287.36306	2248.05070
8399.39195	2174.22277
8351.08574	2204.22277
8693.60410	2113.43533
8271.57092	2262.19283
8666.11171	2115.60162
8251.45707	2273.17892
8640.60475	2117.67041
8284.41625	2250.34565
8275.20003	2252.32475
8441.47036	2159.99388
8452.18104	2155.91747
8243.79697	2281.12252
8355.48490	2201.73017
8460.42898	2152.31823
8522.28527	2139.48038
8361.79642	2200.14636
8290.99216	2238.18262
8369.82468	2187.78568
8511.57459	2143.55679
8340.79019	2213.22460
8380.53536	2183.70927
8323.57670	2219.08246
8419.55225	2166.06995
8410.10263	2170.14636
8437.90225	2163.77500
8387.03818	2181.92782
8298.75604	2236.40116
8309.23692	2233.02695
8202.95437	2313.28555
8317.00079	2231.24549
8377.58856	2186.00422
8225.68883	2297.42769
8217.29416	2299.34107
8410.10263	2170.14636
8402.33876	2171.92782
	
NSGA-II_7:	87
9254.57985	2099.28316
8308.38773	2325.92942
8721.86117	2127.05429
9078.99363	2126.33637
9147.34223	2108.05210
9230.59250	2103.49102
8325.78562	2313.95032
8329.26629	2297.41723
8614.62355	2135.82323
8682.49965	2135.07845
8363.26244	2280.81521
8694.36877	2129.22058
8345.50573	2287.21958
8336.31233	2295.08926
8324.62717	2315.73178
8315.43376	2323.60146
9101.82252	2123.90997
9110.68762	2116.40210
8366.65238	2272.53719
8683.65810	2133.29699
8374.09633	2270.00656
8587.13116	2137.98952
9124.51334	2110.47851
9109.52917	2118.18356
8512.68280	2175.82649
8425.49670	2235.04119
8543.90640	2157.92380
8461.72434	2211.94261
8423.01639	2237.03208
8435.00873	2224.44198
9253.42140	2101.06461
8411.48242	2245.12652
8613.46510	2137.60469
8576.42048	2142.06593
8503.00736	2184.85369
8346.66418	2285.43813
8539.63292	2161.55244
8465.07388	2208.32074
8356.21641	2283.14317
8720.70272	2128.83574
8412.30572	2241.10849
8382.89182	2262.33954
8491.13824	2190.71155
8484.42735	2195.27609
8433.85028	2226.22343
8393.34049	2254.63839
8377.10105	2264.83603
8375.94260	2266.61749
8483.26891	2197.05755
8474.89880	2200.90920
8492.29668	2188.93009
9100.66408	2125.69142
9146.18378	2109.83356
9231.75095	2101.70956
8392.18204	2256.41984
8384.44818	2260.35542
8554.61708	2153.84739
8561.43632	2149.77098
8511.37747	2181.00204
8473.99138	2205.88208
8404.43639	2247.45449
8445.88282	2221.93759
8528.92224	2165.62885
8451.24817	2214.24433
9123.35489	2112.25996
8448.83444	2218.51838
8575.26203	2143.84739
8413.46416	2239.32703
8530.08069	2163.84739
8553.45863	2155.62885
8562.59477	2147.98952
8572.14700	2145.69457
8473.99138	2205.88208
8463.28070	2209.95848
8447.04126	2220.15613
8585.97271	2139.77098
8362.10400	2282.59666
8408.09881	2247.02029
8429.96604	2231.33714
8397.22472	2249.52468
8396.06628	2251.30614
8524.81076	2173.07223
8513.84125	2174.04504
8526.50852	2169.90290
8510.21902	2182.78349
8431.12449	2229.55568
8499.50835	2186.85990
	
NSGA-II_8:	71
9867.20073	2088.70382
8199.32786	2249.36980
9506.46344	2106.81147
9020.03674	2106.98809
8206.66955	2224.11792
8206.65758	2245.51629
8711.86299	2117.56732
9559.02698	2099.28305
8220.35066	2200.48881
8219.59375	2214.47227
9703.14957	2099.15112
8855.98558	2117.43540
8227.68038	2196.63530
9018.87829	2108.76955
8954.97107	2111.06450
8627.71887	2125.49526
8547.81183	2128.01462
8234.69044	2186.54432
9802.13506	2092.78023
8379.76870	2160.88753
9866.04229	2090.48528
9534.57016	2102.73506
8285.31649	2168.88444
8218.76685	2216.54432
8495.24829	2135.54305
8333.89184	2163.08953
8286.14339	2166.81239
8423.45994	2153.08941
8426.31860	2149.75091
8270.75183	2175.25534
8468.98997	2139.30361
8327.38902	2164.87098
9800.97662	2094.56169
8935.89263	2114.91604
8953.81262	2112.84596
8249.25510	2180.17343
9754.27285	2098.83574
8855.98558	2117.43540
8907.10885	2117.12001
8381.75405	2157.03401
9781.89817	2098.41322
8395.52076	2153.58200
9506.46344	2106.81147
9520.23015	2103.35945
8659.29945	2125.09574
8673.06615	2121.64372
8447.38607	2141.59856
8281.75113	2172.86790
8213.99926	2220.26441
8509.01499	2132.09103
8546.98493	2130.08668
8523.35500	2131.46664
9783.05662	2096.63176
8687.40616	2121.01933
8627.71887	2125.49526
8659.29945	2125.09574
8242.02016	2182.69081
8432.82141	2147.96945
8907.10885	2117.12001
8934.73418	2116.69749
8440.05635	2145.45207
8440.88325	2143.38001
8508.18809	2134.16308
8256.58482	2176.31992
8250.08200	2178.10137
8242.02016	2182.69081
8235.51734	2184.47227
8221.17756	2198.41676
8207.49645	2222.04586
8200.15476	2247.29774
8547.81183	2128.01462
	
NSGA-II_9:	78
9438.01843	2107.69764
8421.17013	2410.66975
8449.67628	2388.93803
8449.76362	2352.73384
9255.68904	2138.04288
9194.44258	2142.41900
9117.63365	2163.31558
9054.74744	2165.12492
8792.98413	2224.22834
8910.35219	2194.42661
9390.18100	2116.58789
9161.16980	2144.93836
8487.82200	2328.70717
8496.12867	2320.27173
8699.35047	2242.96679
8655.81432	2261.34402
8668.39000	2256.04939
9126.09211	2158.88284
9369.66797	2124.16148
9016.30934	2176.90638
8986.39698	2181.58877
8511.92081	2306.12959
9146.60514	2151.30925
8599.67245	2273.53914
8616.20249	2265.99277
8831.42223	2212.44688
8807.70168	2212.67129
8745.19893	2235.15281
8721.47838	2235.37721
8798.14945	2214.96624
8590.12022	2275.83409
8875.27450	2208.37110
8840.97446	2210.15193
8908.54728	2205.85174
8524.63482	2298.54001
8977.93851	2186.02150
8772.62399	2226.61578
9361.20950	2128.59422
8478.26977	2331.00213
8521.47304	2303.83464
8505.68090	2317.97678
8545.71790	2294.41387
8625.75472	2263.69782
8968.52414	2187.83085
9324.52420	2129.18861
8436.96227	2396.52761
9395.38418	2115.33696
8560.26932	2286.40374
9404.74566	2110.21700
9021.47466	2167.64428
9021.47466	2167.64428
8586.43070	2285.09619
8754.75116	2232.85785
8711.92615	2237.67217
9298.32330	2130.40356
9291.25142	2131.70797
9265.05052	2132.92292
8689.79824	2245.26175
8683.72361	2252.04828
8677.94223	2253.75444
8646.26209	2263.63897
8433.88415	2403.08017
8441.92261	2394.69592
9404.74566	2110.21700
8508.84268	2312.68215
8462.47763	2345.14426
8465.55575	2338.59171
8884.82674	2206.07615
8426.13048	2408.83806
8547.55531	2293.99332
9126.09211	2158.88284
9369.66797	2124.16148
8953.17720	2189.61230
8919.90442	2192.13166
8935.25137	2190.35020
8475.10799	2336.29675
8459.31585	2350.43889
8550.71709	2288.69869
	
NSGA-II_10:	56
8721.12548	2183.94194
8400.32664	2341.22796
8546.12356	2246.03174
8514.44474	2247.87892
8712.70976	2188.01835
8681.76883	2189.86553
8615.54554	2212.57146
8666.69115	2203.81002
8640.10113	2209.79981
8493.06574	2271.48962
8493.31500	2259.54491
8579.93013	2225.17300
8571.51441	2229.24941
8424.71901	2306.56122
8424.37656	2316.78563
8672.61521	2193.94194
8668.92569	2203.20404
8400.84788	2332.53260
8649.25476	2205.72340
8459.57530	2285.45056
8648.51685	2205.72340
8607.12981	2216.64786
8417.04383	2320.86204
8672.61521	2193.94194
8506.02901	2251.95533
8408.62810	2324.93845
8602.83152	2220.16104
8433.13473	2302.48481
8681.03093	2189.86553
8570.31744	2236.01890
8404.61623	2330.17192
8594.41580	2224.23745
8475.65919	2277.29774
8489.37137	2273.78457
8549.72758	2245.47307
8554.53929	2241.95533
8448.88319	2294.33200
8602.83152	2220.16104
8453.18148	2290.81882
8501.73072	2255.46850
8445.84875	2294.89523
8440.46747	2298.40841
8437.43302	2298.97164
8567.82489	2238.51150
8561.90172	2240.09531
8484.65001	2275.56603
8501.73072	2255.46850
8470.93783	2279.07920
8462.52210	2283.15561
8485.63982	2273.84573
8640.83903	2209.79981
8462.52210	2283.15561
8570.31744	2236.01890
8467.24346	2281.37415
8433.13473	2302.48481
8549.72758	2245.47307
	
NSGA-II_11:	80
10119.15729	2110.45373
8641.20188	2525.86182
9934.28747	2115.62927
8642.77026	2514.08037
8646.05469	2460.00396
10110.88806	2113.85796
9401.56879	2143.40040
9575.72793	2142.30126
9586.43861	2138.22486
9742.11916	2136.86033
9788.60184	2124.29512
9780.33261	2127.69935
9927.17669	2117.25205
8658.67875	2423.35355
8656.03880	2444.14609
9851.91551	2121.39418
9394.45801	2145.02318
9327.46605	2145.76108
9860.18473	2117.98995
9042.97722	2187.18621
8998.12245	2193.64255
8792.80382	2275.97600
8741.50020	2310.71304
8861.75028	2238.96895
8828.02316	2258.29771
8976.02342	2201.80551
8922.26198	2202.41149
9255.88316	2152.06625
9309.64460	2151.46026
8887.04264	2220.08978
8723.99243	2335.52895
8725.26076	2320.91068
8809.04326	2265.77835
8696.82273	2353.16827
8681.74173	2361.58446
8726.41921	2319.12923
8801.07304	2272.57177
8895.31186	2216.68555
8786.49136	2287.37453
9061.95712	2179.70557
9105.47734	2178.84858
9180.66014	2170.08978
9137.81758	2170.93662
8820.65803	2263.24301
9236.90326	2159.54689
8662.82113	2390.64891
8854.71892	2247.34617
8641.61181	2515.86182
8646.46463	2450.00396
8678.35286	2374.59697
8659.43226	2403.66142
8679.51131	2372.81552
8840.67759	2252.55189
8707.53340	2349.09186
8718.00074	2340.69570
9044.13566	2185.40475
9245.17248	2156.14266
8678.00928	2384.28910
9187.77091	2168.46700
8759.54124	2301.64859
8903.28208	2209.89213
8659.02233	2413.66142
9136.65914	2172.71808
9206.48252	2166.99214
8661.66269	2392.43036
8660.59071	2401.87996
8680.58329	2363.36592
8659.08868	2413.35355
8874.03701	2235.94764
8884.44053	2229.34173
8915.15121	2204.03427
8767.51146	2294.85517
8647.62308	2448.22250
8747.59722	2306.65666
9116.18802	2174.77217
9209.40048	2164.63146
8986.73410	2197.72910
9320.35528	2147.38386
9578.16939	2141.62909
8775.78068	2291.45094
	
NSGA-II_12:	67
9111.69969	2127.76600
8405.61587	2350.50697
8409.20760	2300.50697
8405.61587	2350.50697
8417.49187	2298.72551
8417.96904	2250.50697
8728.02829	2171.48608
8666.85484	2176.27317
8838.88076	2162.23904
8795.15500	2163.04278
9042.63171	2131.06554
8531.39285	2208.19145
9086.37038	2129.38878
8996.59572	2133.46519
8639.74406	2177.89595
8437.18587	2241.13593
8461.30863	2237.68391
8634.57874	2187.15804
8495.43055	2220.21146
8492.47893	2229.47356
8964.57278	2135.14195
8769.82568	2164.66556
8755.13906	2169.86331
8578.85008	2198.97909
8604.66638	2191.84043
8795.15500	2163.04278
8501.93336	2218.43001
8527.26268	2216.80723
8729.80974	2171.48608
8939.24346	2136.76472
8629.99569	2190.21766
8665.07338	2176.27317
8753.35760	2169.86331
8910.43069	2141.55181
8929.01817	2139.09818
8872.20370	2155.82917
8885.10137	2143.17459
8907.28138	2141.88469
8873.57155	2155.49630
8883.31992	2143.17459
8553.52076	2200.60187
8769.82568	2164.66556
8429.94515	2242.91738
8640.48197	2177.89595
8426.25331	2248.72551
8873.95844	2148.29455
9023.70649	2131.84241
8998.37717	2133.46519
8850.02369	2157.11907
9017.30239	2132.68832
8848.24223	2157.11907
8842.79487	2161.80410
8531.39285	2208.19145
8531.19688	2214.33304
8481.09076	2234.15595
8463.34938	2234.63311
8424.47185	2248.72551
8487.59358	2232.37449
8436.44797	2241.13593
8415.71042	2298.72551
8495.43055	2220.21146
8529.04414	2216.80723
8531.19688	2214.33304
8488.33148	2232.37449
8629.99569	2190.21766
8492.47893	2229.47356
9021.92504	2131.84241
	
NSGA-II_13:	71
9019.28083	2162.42748
8421.84157	2348.83364
8912.04322	2171.19642
8774.62914	2179.99419
8870.72511	2179.28631
8988.84853	2166.37523
8481.09023	2293.05624
8482.67403	2277.00073
8481.09023	2293.05624
8464.59317	2301.90328
8506.75058	2263.03979
8707.04219	2188.08408
8748.61788	2181.77565
8532.05751	2262.82977
8615.54554	2212.57146
8643.03793	2210.40516
8668.92569	2203.20404
8681.03093	2189.86553
8721.12548	2183.94194
8747.13674	2182.16048
9016.34093	2164.20893
8672.61521	2193.94194
8422.36281	2340.13828
8423.94661	2324.08277
8423.42537	2332.77813
8991.78844	2164.59377
8884.55082	2173.36272
8909.10331	2172.97788
8708.52332	2187.69924
8655.64009	2206.64786
8591.33767	2230.79000
8594.41580	2224.23745
8504.91353	2265.21984
8537.87192	2257.18192
8432.36234	2320.00636
8572.23598	2240.33386
8607.12981	2216.64786
8587.03938	2234.30317
8594.41580	2224.23745
8569.28917	2242.62882
8602.83152	2220.16104
8456.17744	2305.97969
8544.94076	2252.85916
8578.62366	2238.37958
8665.23879	2204.00767
8881.61092	2175.14417
8447.24230	2310.36175
8559.44899	2246.90835
8435.05822	2316.79884
8454.57503	2306.28534
8607.12981	2216.64786
8591.33767	2230.79000
8602.83152	2220.16104
8485.62084	2274.70578
8451.87915	2309.49286
8496.73245	2267.42184
8462.99076	2302.20893
8536.26951	2257.48757
8493.55100	2271.59121
8535.00431	2260.53482
8445.07636	2312.41678
8438.82658	2314.43816
8563.82025	2244.41027
8562.09495	2246.60270
8427.71497	2321.72209
8553.35648	2248.78276
8436.66063	2316.49319
8423.94661	2324.08277
8550.40967	2251.07771
8496.49781	2269.29625
8534.24298	2260.87349
	
NSGA-II_14:	72
8915.69548	2083.84366
8162.73057	2229.48392
8571.23284	2110.44071
8646.05563	2110.37499
8176.16781	2227.41186
8754.13693	2091.77160
8177.07036	2215.53943
8518.09575	2112.15644
8483.01807	2126.10093
8809.07829	2091.70914
8190.50759	2213.46737
8493.94784	2118.30491
8275.54793	2179.58372
8280.62028	2170.81807
8294.05752	2168.74601
8193.30980	2205.34178
8296.85972	2160.62042
8314.07321	2154.76256
8809.07829	2091.70914
8857.30651	2087.63273
8839.97487	2090.08636
8705.90870	2095.84801
8888.20309	2086.00995
8374.41187	2146.18768
8327.51045	2152.69050
8663.91207	2107.50128
8646.05563	2110.37499
8418.43522	2136.93442
8407.72454	2141.01083
8677.58941	2100.08636
8353.21557	2152.33615
8504.65852	2114.22850
8493.94784	2118.30491
8726.64453	2093.93790
8396.30731	2144.52400
8857.30651	2087.63273
8241.53653	2187.66155
8429.38880	2135.28979
8678.41631	2098.01431
8753.31002	2093.84366
8225.51427	2195.82805
8199.81261	2203.56032
8229.27211	2193.32177
8350.26395	2152.33615
8515.61210	2112.58387
8273.06428	2180.01115
8169.23339	2227.70246
8183.57317	2213.75797
8287.12310	2169.03661
8219.01146	2197.60951
8458.87015	2132.24939
8437.37043	2132.73567
8239.98278	2189.24536
8204.02048	2201.26537
8436.54352	2134.80772
8251.40002	2185.73219
8262.11069	2181.65578
8360.97463	2148.25974
8407.26089	2142.87937
8667.70563	2102.09071
8666.87873	2104.16277
8469.58083	2128.17298
8480.53441	2126.52835
8303.36254	2158.83896
8210.52329	2199.48392
8464.86282	2130.56937
8201.36636	2201.97652
8193.30980	2205.34178
8223.96053	2197.41186
8307.57040	2156.54401
8371.92821	2146.61511
8666.87873	2104.16277
	
NSGA-II_15:	79
9445.47782	2073.62134
8103.92754	2271.64495
9042.47334	2100.12416
9267.16481	2081.54929
8735.92194	2109.32041
8912.75914	2101.39247
9380.65020	2081.16771
8842.18368	2109.25795
8183.30032	2215.19250
9187.68221	2096.04775
8364.56569	2141.11098
9043.30024	2098.05210
8588.43026	2124.60816
8512.05737	2125.82323
8439.09636	2140.06158
9121.14894	2096.83703
8178.40163	2225.77151
9214.96718	2089.54493
9413.10543	2075.24412
9189.24086	2091.74693
8116.70974	2262.73906
8243.48286	2181.52304
8644.04543	2123.55877
8227.24342	2191.72069
8104.46780	2265.58944
8199.53976	2204.99485
8175.36102	2227.84357
8120.70724	2255.39179
8449.80704	2135.98517
8275.99693	2165.66518
8450.63394	2133.91312
8225.56410	2196.68009
8232.88073	2187.06493
8311.07462	2151.72069
8301.99561	2157.22176
8275.04549	2171.49582
8216.64129	2197.26258
8716.17954	2111.39247
8687.21134	2113.55877
8509.75466	2127.89529
9444.00201	2073.62134
8676.50066	2117.63517
8852.89436	2105.18154
8880.38675	2103.01525
9381.38810	2081.16771
8911.28334	2101.39247
8147.87064	2248.17314
8148.41090	2242.11763
8198.61398	2210.95415
8363.73879	2143.18303
8163.69889	2237.75062
8164.65034	2231.91998
9247.42241	2083.62134
8164.65034	2231.91998
8321.78530	2147.64428
8200.36666	2202.92280
8131.41791	2251.31538
8286.70761	2161.58877
8847.93152	2108.93884
8654.75611	2119.48236
8472.37849	2132.06593
8483.08917	2127.98952
8682.24850	2117.31606
8232.05383	2189.13699
9248.89822	2083.62134
8105.29470	2263.51738
8260.58440	2173.79077
8254.19354	2177.44663
8210.25043	2200.91844
9411.54678	2079.54493
8336.24639	2145.34933
8269.50720	2173.20828
8322.61220	2145.57222
8149.23780	2240.04557
8197.78708	2213.02621
8287.53451	2159.51671
8337.07329	2143.27727
9234.70958	2087.47288
8244.30976	2179.45098
	
NSGA-II_16:	60
9159.72347	2090.19712
8139.49220	2220.71749
8921.84271	2119.50792
8689.74919	2119.89964
8510.58156	2125.82323
8661.42990	2124.13799
9128.82689	2091.81990
8998.16491	2098.12506
8449.80704	2135.98517
8364.56569	2141.11098
8166.44232	2206.44343
8140.31910	2218.64543
8225.67341	2178.60461
8245.46311	2169.02713
8167.26922	2204.37138
8183.43530	2197.24568
8971.46114	2119.06062
8202.34691	2190.42689
8210.38542	2182.97162
8260.75110	2164.66013
8321.24504	2153.69979
8321.78530	2147.64428
8997.33801	2100.19712
8996.79775	2106.25263
8301.99561	2157.22176
8509.75466	2127.89529
8989.25763	2110.48574
8322.61220	2145.57222
8259.92420	2166.73218
8224.84651	2180.67667
8336.24639	2145.34933
8974.42005	2112.55780
8483.08917	2127.98952
8450.63394	2133.91312
8477.29943	2133.81888
8337.07329	2143.27727
8688.92229	2121.97170
8363.73879	2143.18303
8662.25680	2122.06593
8286.70761	2161.58877
8201.52000	2192.49895
8198.72330	2192.87867
8972.12509	2116.69994
8972.94424	2114.18058
8482.26227	2130.06158
8478.12633	2131.74682
8997.33801	2100.19712
8166.44232	2206.44343
8139.49220	2220.71749
8211.21232	2180.89957
8197.89639	2194.95073
8246.29001	2166.95508
8183.43530	2197.24568
8287.53451	2159.51671
8482.26227	2130.06158
8301.99561	2157.22176
8301.16871	2159.29382
8184.26220	2195.17362
8197.89639	2194.95073
8972.94424	2114.18058
	
NSGA-II_17:	85
10157.16222	2210.87922
9119.04689	2438.84979
9136.05846	2436.65328
9148.44784	2394.36098
9484.40019	2302.00041
9874.13874	2234.32305
9420.07308	2312.12684
9726.65703	2254.99522
9708.79085	2259.90151
9532.19401	2301.33547
9962.23117	2222.88555
9756.52649	2248.24637
9258.85152	2367.29131
9284.50561	2353.37405
9437.08466	2309.93033
10029.73311	2219.22420
9638.11691	2266.01296
9573.12485	2285.70201
9286.15561	2346.87123
9912.92382	2232.80859
9802.50629	2238.95705
9306.94907	2341.55988
9344.29228	2338.43936
9988.27874	2220.81349
10072.79225	2214.95563
9215.79238	2371.55988
9765.17575	2245.91841
10114.57757	2214.60128
9360.76091	2326.51502
9261.28734	2361.40120
9781.71282	2244.26840
9208.70901	2378.87978
9680.70156	2262.29090
9692.25377	2261.55151
9192.87441	2383.92056
9932.78845	2230.52487
9945.21959	2225.08206
9534.14431	2299.16618
9263.23765	2359.23191
9377.29798	2324.86501
9633.38603	2270.22082
9441.81554	2305.72247
10046.74468	2217.02769
9407.60193	2319.13161
9148.92234	2393.81447
9174.49541	2392.28892
9987.80424	2221.36000
10131.11465	2212.95128
9828.55385	2236.88499
9307.42357	2341.01337
10072.31775	2215.50214
9216.26687	2371.01337
9242.31444	2368.94131
9829.02835	2236.33848
9382.02886	2320.65715
9802.98078	2238.41054
9332.99664	2339.48782
9285.68111	2347.41774
9616.37445	2272.41733
9556.58777	2287.35201
9857.60166	2235.97305
9408.07643	2318.58510
9191.50698	2390.09241
9615.19895	2278.37364
9555.41227	2293.30832
9345.46779	2332.48306
9174.96991	2391.74241
9616.84895	2271.87082
9945.69409	2224.53555
9119.52138	2438.30328
9578.33023	2280.94764
9345.94229	2331.93655
9604.37780	2278.87558
9458.35262	2304.07247
10156.68772	2211.42573
9664.16448	2263.94090
9654.65399	2264.36296
9550.68139	2297.51618
9594.86731	2279.29764
9279.77473	2357.58191
9136.05846	2436.65328
9554.93777	2293.85483
9743.19411	2253.34522
10140.62514	2212.52922
9557.06227	2286.80550
	
NSGA-II_18:	75
9039.75085	2126.00862
8398.72699	2458.38609
8964.20240	2145.84994
8900.05571	2148.71455
8714.11645	2248.73854
8653.57280	2250.72806
8411.35104	2421.73568
8405.87506	2443.59600
8526.00227	2316.20769
8872.94493	2150.33732
8626.46202	2252.35084
9009.72211	2129.99208
8623.54406	2254.71152
8413.92505	2400.81250
8442.25113	2373.54984
8800.77176	2196.28974
9012.64007	2127.63140
9039.75085	2126.00862
8987.27178	2134.00229
8449.35969	2368.11797
8516.15968	2322.00688
8583.70274	2277.07220
8788.65385	2204.13550
8597.04813	2273.58189
8857.02134	2168.55587
8751.05357	2227.02969
8830.18565	2175.05868
8783.82060	2207.52079
8613.45639	2268.20870
8580.09697	2284.81295
8819.41284	2184.26353
8513.24172	2324.36756
8577.17901	2287.17363
8439.93631	2384.95463
8801.89908	2192.96312
8458.45921	2361.14237
8421.07312	2386.02241
8418.84269	2397.25347
8411.69462	2412.04355
8469.04531	2358.78169
8859.93930	2166.19519
8555.41617	2294.97663
8475.37095	2352.26011
8483.82782	2345.59862
8862.17212	2159.54217
8870.02697	2152.69800
8436.71803	2384.97701
8843.53104	2171.56838
8740.46747	2229.39037
8503.14021	2337.67056
8570.68328	2292.73588
8487.87310	2339.91132
8411.35104	2421.73568
8507.92379	2330.76537
8554.28885	2298.30325
8723.51631	2240.62143
8727.12208	2232.88068
8503.14021	2337.67056
8537.33769	2309.53431
8810.40079	2188.80427
8421.07312	2386.02241
8762.64259	2219.99336
8984.35382	2136.36297
8967.12036	2143.48926
8822.33080	2181.90285
8769.88136	2208.15932
8739.35494	2231.43006
8486.74578	2343.23794
8550.68308	2306.04401
8767.64151	2213.52563
8600.09717	2271.50482
8756.87573	2224.01718
8714.26505	2242.59019
8610.53843	2270.56938
8534.41973	2311.89499
	
NSGA-II_19:	68
9135.40574	2174.90052
8621.88485	2399.42037
9134.93124	2175.44703
8981.73231	2183.07389
8915.53329	2202.87625
8950.61097	2188.93176
8981.25781	2183.62040
8946.18013	2197.56489
8641.92290	2380.21152
8685.00161	2338.36433
8626.17444	2388.36433
8700.75007	2330.21152
8786.02158	2273.06375
8798.95037	2264.05756
8737.76598	2302.57908
8733.26414	2314.35365
8888.58317	2217.15030
8912.11198	2205.71771
8711.95173	2324.09028
8850.65851	2242.26012
8734.81917	2304.87403
8742.90748	2291.34802
8676.09175	2351.95607
8764.71609	2288.30502
8877.87771	2229.96517
8739.96067	2293.64297
8761.76929	2290.59997
8856.06909	2233.00817
8874.93090	2232.26012
8766.91079	2279.36892
8880.07240	2221.02906
8727.70018	2315.93746
8622.40609	2390.72501
8681.13351	2343.64297
8675.57051	2360.65143
8668.87302	2365.93746
8834.02806	2250.11307
8665.52019	2372.44074
8724.34735	2322.44074
8826.65520	2254.23922
8845.48577	2242.93183
8836.97486	2247.81812
8665.52019	2372.44074
8653.12456	2374.09028
8681.23325	2340.72501
8853.12228	2235.30312
8812.97170	2258.78969
8823.70839	2256.53418
8680.71201	2349.42037
8947.18967	2191.77322
8708.18337	2326.45095
8946.65463	2197.01838
8679.86011	2349.59539
8769.85760	2277.07396
8883.01921	2218.73411
8842.06447	2245.77329
8799.42487	2263.51105
8947.66417	2191.22671
8775.42156	2275.49016
8888.10867	2217.69681
8774.94706	2276.03667
8649.35621	2376.45095
8818.53565	2257.20588
8783.07477	2275.35870
8802.37167	2261.21610
8810.02489	2261.08464
8915.05879	2203.42276
8818.06116	2257.75239
	
NSGA-II_20:	67
8907.49967	2085.69142
8034.32707	2264.66487
8374.78099	2113.46255
8775.06135	2111.52206
8230.09388	2150.81127
8237.41051	2141.19611
8203.14376	2165.08533
8126.06391	2207.45091
8113.15959	2214.26793
8316.39201	2117.25162
8188.37224	2175.98320
8188.65699	2167.25162
8343.88440	2115.08533
8270.60365	2135.27252
8818.69650	2103.68509
8272.48820	2127.25162
8108.01809	2225.49899
8108.01809	2225.49899
8109.82447	2217.64856
8853.77419	2089.74061
8204.89643	2157.05397
8820.58106	2095.66420
8876.60308	2087.31420
8374.78099	2113.46255
8101.39265	2232.36992
8305.68133	2121.32803
8876.60308	2087.31420
8248.12119	2137.11970
8129.39903	2204.07029
8172.62379	2184.13601
8215.60711	2152.97756
8077.02565	2242.23800
8061.27719	2250.39081
8085.64420	2240.52274
8096.35488	2236.44633
8145.14749	2195.91747
8066.31497	2246.31441
8183.51549	2178.48268
8050.56651	2254.46722
8283.19888	2123.17521
8273.22610	2127.25162
8161.91311	2188.21242
8049.09871	2262.10164
8050.07553	2256.51205
8808.25448	2105.59847
8140.10971	2199.99388
8172.62379	2184.13601
8061.27719	2250.39081
8177.66156	2180.05960
8310.69127	2121.00892
8843.40995	2093.23779
8283.19888	2123.17521
8785.50337	2109.60868
8155.85817	2191.84106
8113.15959	2214.26793
8136.77459	2203.37450
8248.12119	2137.11970
8265.17156	2136.86678
8797.89024	2109.09565
8188.37224	2175.98320
8077.02565	2242.23800
8221.17107	2151.39376
8140.10971	2199.99388
8045.74211	2263.88655
8797.89024	2109.09565
8045.74211	2263.88655
8049.09871	2262.10164
	
NSGA-II_21:	72
9828.87768	2100.93269
8323.27739	2387.02551
9545.09498	2124.76824
8962.39147	2125.36532
8327.02783	2378.70565
8327.76737	2338.99613
8413.64205	2249.38837
8433.69972	2227.88184
8350.68950	2314.23238
8364.25277	2282.74141
8350.87432	2292.09460
9726.20119	2101.32441
8369.43232	2264.78128
8337.31105	2323.58557
8673.11736	2164.16308
8672.29046	2166.23514
8615.20112	2168.59582
8352.01082	2285.59179
8729.89119	2163.80838
9602.70555	2114.20057
8537.70940	2183.53050
9707.14694	2103.61937
8952.70370	2128.05199
8591.45626	2183.02856
8474.40278	2200.95650
8338.44756	2317.08276
9680.50294	2105.40082
8763.49834	2150.37728
8519.09558	2187.17069
8505.35783	2191.46953
8326.13124	2380.32842
9668.28496	2105.75715
8753.81057	2153.06395
8894.78746	2132.48472
8858.77698	2133.87446
8492.18969	2199.38837
8504.53093	2193.54159
9603.53246	2112.12851
8808.36969	2148.37292
8599.80957	2177.03877
9571.73898	2122.98678
8458.28835	2218.55845
8916.69322	2129.44172
8809.19659	2146.30087
8463.43912	2212.18756
8466.34093	2207.32739
8614.37422	2170.66788
9649.23071	2108.05210
9622.58671	2109.83356
8379.12009	2262.09460
8379.94699	2260.02255
9590.79323	2120.69183
8451.78794	2223.44910
8781.28526	2148.80914
8395.85513	2250.95650
8381.08349	2253.51973
8826.98351	2144.73273
8600.63647	2174.96671
8729.89119	2163.80838
8848.26231	2138.63319
8734.76808	2160.12416
8380.25659	2255.59179
8744.45585	2157.43749
8961.56456	2127.43737
8848.26231	2138.63319
8904.47523	2129.79805
8735.59498	2158.05210
8857.95008	2135.94652
8745.28275	2155.36543
9725.37429	2103.39647
8843.38542	2142.31741
8519.92248	2185.09864
	
NSGA-II_22:	73
9968.07640	2134.69174
8702.42692	2399.26060
8702.94816	2390.56524
8704.82497	2342.69205
9746.05886	2144.04679
9213.34018	2171.81792
9877.77770	2139.52308
9548.03793	2161.70714
9435.35772	2162.46287
9317.56663	2169.46050
9672.40477	2148.72299
9735.77950	2145.38094
8837.00227	2238.61393
9592.38543	2152.22017
9355.33837	2165.96006
8769.06213	2264.48825
8768.05384	2278.56419
8987.39554	2194.38682
9561.26409	2158.07803
9639.20746	2150.05714
9402.16041	2163.79702
9106.48878	2177.82827
9059.66675	2179.99130
9888.05705	2138.18893
8861.32562	2231.98981
9934.87908	2136.02590
8868.76497	2226.01648
8932.04276	2209.88924
8977.11618	2195.72097
9001.05302	2188.01546
8871.71178	2223.72152
8763.72352	2283.33529
8705.34621	2333.99670
8709.81347	2320.26565
8710.33471	2311.57029
9139.68610	2176.49411
8706.37961	2327.94118
8805.88094	2244.47180
8729.85153	2301.05679
9672.40477	2148.72299
9107.96459	2177.82827
9968.07640	2134.69174
9021.89501	2183.49175
9032.17436	2182.15759
8945.95106	2204.86352
8973.44345	2202.69722
9185.84778	2173.98421
8904.55037	2212.05553
8826.29160	2242.69034
9345.05902	2167.29421
8976.10664	2201.51264
9175.56843	2175.31837
9582.10608	2153.55432
8753.01285	2287.41170
8741.59561	2290.92487
8795.17026	2248.54820
9550.98474	2159.41219
8833.37333	2242.30550
8780.80622	2254.35633
8722.07880	2301.43837
8711.36812	2305.51478
8770.09554	2258.43274
8882.42246	2219.64512
8893.83969	2216.13194
8942.32212	2208.55509
8730.88494	2295.00128
8783.75303	2252.06138
8765.10703	2280.85915
9018.26606	2187.18332
9018.26606	2187.18332
9049.38740	2181.32545
9203.06083	2173.15207
9327.84598	2168.12635
	
NSGA-II_23:	57
9431.08519	2089.38625
8093.66811	2239.01543
8201.40177	2194.29407
8228.35189	2180.02001
8752.28051	2118.93884
8867.46993	2118.78016
9284.99919	2091.16771
9400.18861	2091.00903
8259.24847	2178.39723
8263.42958	2166.07552
8994.19630	2115.82334
8898.36652	2117.15738
8171.44437	2202.64406
8315.08926	2157.92271
9045.85598	2107.67053
8513.13730	2135.44165
8600.43775	2135.28298
8120.61822	2224.74137
8136.36668	2216.58855
8155.69591	2210.79688
8109.41656	2230.86261
9133.15642	2107.51185
8390.58392	2155.11384
9014.95940	2109.29330
8994.19630	2115.82334
9254.10261	2092.79049
8454.74833	2139.23073
8693.89154	2122.72791
8671.93796	2128.71443
8432.79475	2145.21725
8403.08865	2147.38354
9233.33951	2099.32053
8296.53987	2164.45275
8721.38393	2120.56162
8644.44557	2130.88073
8454.74833	2139.23073
8721.38393	2120.56162
8600.43775	2135.28298
8513.13730	2135.44165
8294.32616	2164.45275
9164.05301	2105.88907
9254.10261	2092.79049
8631.33433	2133.66020
8669.72425	2128.71443
8430.58104	2145.21725
8405.30236	2147.38354
8345.98584	2156.29993
8390.58392	2155.11384
9202.44293	2100.94330
9233.33951	2099.32053
9204.65664	2100.94330
8642.23186	2130.88073
8631.33433	2133.66020
8482.24072	2137.06443
9284.99919	2091.16771
9400.18861	2091.00903
8482.24072	2137.06443
	
NSGA-II_24:	63
9423.08510	2105.69142
8435.93450	2381.36643
8862.87403	2135.62885
9342.48771	2135.49377
8448.93846	2348.96838
8444.35022	2377.29002
8852.16335	2139.70525
8805.96646	2164.63114
8827.79634	2149.57333
9366.60173	2132.78034
9377.56539	2121.54929
9388.00741	2119.63591
8541.98581	2287.26704
8585.49093	2253.67857
8606.80334	2243.94194
8545.74637	2276.23363
8451.16889	2337.73732
8789.26562	2168.77002
8761.77323	2170.93631
9366.17753	2134.69372
8670.67635	2213.09608
8795.25578	2168.70755
8487.04102	2314.27315
8495.94773	2308.15191
8751.06255	2175.01272
8750.10568	2183.23126
8537.69379	2287.46469
8459.58461	2333.66091
8662.85264	2219.21732
8683.47079	2204.81507
8715.98486	2188.95721
8506.65841	2304.07550
8618.00500	2237.82070
8607.29433	2241.89711
8653.08269	2223.87621
8633.75346	2229.66788
8694.18147	2200.73866
8623.04278	2233.74429
8726.69554	2184.88080
8534.16210	2293.38828
8715.98486	2188.95721
8642.37201	2227.95262
8570.40154	2261.95957
8679.09208	2209.01967
8554.16210	2272.15722
8658.12047	2219.79981
8705.75404	2199.15159
8477.18015	2321.87946
8522.40686	2295.92269
8513.99114	2299.99909
8471.29256	2322.42597
8467.40833	2327.53967
8479.70829	2318.34956
8503.28046	2304.07550
8714.16976	2195.07518
8590.52871	2249.60216
8683.47079	2204.81507
8574.78025	2257.75497
8667.23135	2215.01272
8679.09208	2209.01967
8558.54081	2267.95262
8561.98581	2266.03598
8654.43691	2223.29373
	
NSGA-II_25:	55
8981.67676	2205.32841
8661.98967	2431.97014
8676.51869	2366.75897
8675.15398	2396.11228
8663.57348	2415.91463
8890.85496	2237.42572
8914.02913	2231.64169
8736.92967	2300.70346
8828.56239	2255.31827
8847.99003	2247.97580
8946.59908	2219.27290
8957.97223	2208.16988
8780.87277	2277.23165
8923.36904	2221.56785
8946.12458	2219.81941
8678.10250	2350.70346
8796.04831	2271.17613
8863.64008	2241.37378
8886.39561	2239.62534
8958.44673	2207.62337
8981.20226	2205.87492
8828.08789	2255.86478
8813.38684	2261.37378
8848.46453	2247.42929
8769.44374	2284.84559
8812.91235	2261.92029
8804.52143	2270.90111
8914.50362	2231.09518
8922.89454	2222.11436
8711.14039	2340.14961
8693.27805	2344.64794
8721.61792	2330.31799
8713.18019	2336.75897
8768.96924	2285.39210
8752.10521	2294.64794
8731.78816	2311.93451
8728.81769	2316.62316
8722.04560	2327.23165
8863.16558	2241.92029
8729.29219	2316.07665
8890.85496	2237.42572
8886.87011	2239.07883
8946.59908	2219.27290
8847.99003	2247.97580
8914.50362	2231.09518
8957.97223	2208.16988
8981.67676	2205.32841
8958.44673	2207.62337
8914.02913	2231.64169
8812.91235	2261.92029
8813.38684	2261.37378
8923.36904	2221.56785
8981.20226	2205.87492
8922.89454	2222.11436
8848.46453	2247.42929
	
NSGA-II_26:	59
9436.35689	2106.30152
8374.77392	2350.29839
9117.94721	2146.12639
8930.67037	2147.24384
8866.58065	2154.79021
8737.97967	2156.01279
8379.96934	2328.38501
9282.88404	2115.07047
9357.64336	2114.65152
8479.72425	2253.06340
8612.70649	2198.67354
8385.82610	2314.35377
8461.32350	2267.33745
8618.56324	2184.64230
8455.46675	2281.36870
8467.21109	2266.79094
9151.14034	2140.20280
8704.78654	2161.93638
9204.17051	2123.42046
8391.71368	2313.80726
8485.61184	2252.51689
8512.91739	2247.13981
8897.47723	2153.16743
8899.77379	2148.86662
9359.93991	2110.35071
8567.18678	2214.53141
9237.36364	2117.49687
8455.37246	2291.31827
8410.11443	2299.53320
8401.57455	2306.20095
8692.45997	2171.87065
8669.70885	2175.88086
8595.76054	2204.93290
8558.81429	2223.50580
8536.75745	2243.75545
8404.22685	2300.07971
8651.75638	2178.71871
8702.90199	2169.95727
9191.84393	2133.35474
8594.30574	2212.94760
9405.46030	2107.92430
9237.36364	2117.49687
8419.97530	2291.92689
8548.78603	2228.80546
9192.28904	2131.52812
9390.83649	2108.72793
9201.66446	2128.30050
8600.16249	2198.91636
8425.86289	2291.38038
8540.41354	2237.77985
9168.47132	2134.22409
8543.06584	2231.65861
9159.09591	2137.45171
9357.64336	2114.65152
9158.65080	2139.27833
8659.26683	2177.79424
9390.83649	2108.72793
8524.66509	2245.93267
8530.86986	2244.30196
	
NSGA-II_27:	74
9281.90502	2094.75012
8220.76941	2267.11756
8639.50474	2119.18274
9174.50972	2117.46712
9202.04484	2111.12101
9268.46778	2096.82217
9220.02942	2101.60926
8393.94818	2184.75198
8580.54780	2137.11266
8547.27940	2146.53157
8293.22627	2238.63724
8506.65003	2161.76783
8465.23570	2162.22050
8569.56799	2145.84423
8533.84216	2148.60363
8257.27050	2249.09667
8222.93072	2263.04116
8379.38352	2191.12287
8297.97426	2232.15628
8381.54483	2187.04647
9236.38462	2097.17652
8519.27751	2154.97452
8409.54673	2178.60351
8306.02685	2220.92523
8577.16306	2141.57018
8288.23476	2243.17308
8445.50249	2168.14409
8451.79847	2164.29256
9222.94738	2099.24858
8623.14954	2123.61548
8293.22627	2238.63724
8308.18816	2216.84882
8314.08869	2214.55433
8316.25000	2210.47792
8300.13558	2228.07987
8305.28634	2221.70898
8432.06526	2170.21615
8429.90395	2174.29256
8350.58978	2196.53344
8291.06496	2242.71365
8396.10949	2180.67557
8255.10919	2253.17308
8234.34576	2262.26283
8247.78299	2260.19077
8361.76971	2194.62006
8364.02702	2194.46138
8591.72772	2135.19928
8626.06750	2121.25480
8406.27876	2180.15042
9188.60760	2113.19307
8268.68554	2248.31834
8282.12278	2246.24629
8348.42847	2200.60984
8253.89498	2257.11756
8255.10919	2253.17308
8342.52794	2202.90433
8303.12503	2225.78539
8340.36663	2206.98074
8253.89498	2257.11756
8611.50285	2127.62569
8329.68723	2208.40587
8593.98503	2135.04060
9177.42768	2115.10644
8605.16495	2133.12723
8375.20694	2192.54800
8608.58489	2129.98637
8417.50060	2176.58704
8427.07375	2174.75198
8347.94295	2200.99095
8509.56799	2159.40715
8530.92420	2150.96431
8524.13265	2153.03625
8516.35954	2157.33520
8572.48595	2143.48355
	
NSGA-II_28:	82
9449.06872	2110.86883
8433.54403	2372.23232
9085.50233	2142.37252
9230.38414	2139.83356
8855.63257	2175.96017
8779.14488	2176.96196
9043.89507	2148.07171
8973.43732	2148.22350
9407.46146	2116.56801
9337.00371	2116.71981
8680.65653	2208.38709
9418.17214	2112.49161
8452.37108	2318.44640
8470.75936	2298.48164
8713.17061	2192.52922
8737.06312	2183.20766
8529.58653	2248.48164
8550.83289	2238.86099
8450.45771	2332.58854
8452.45362	2316.83210
8459.96615	2304.17234
8495.04384	2290.22786
8518.79332	2254.17234
8436.88254	2360.45087
9276.66441	2125.98191
8628.07487	2217.05651
8665.75903	2216.14756
9263.25280	2134.69361
8701.98543	2197.15214
8436.96507	2358.83657
8513.73435	2263.78910
8511.19825	2268.44640
8436.08868	2370.61803
9306.10713	2118.34259
9285.86078	2123.46255
8597.17829	2218.67929
8506.13928	2278.06316
8778.67038	2177.50847
8942.54074	2149.84628
9054.60575	2143.99530
9337.00371	2116.71981
8972.96282	2148.77002
8438.80782	2349.93737
8446.40289	2335.66331
8444.56014	2344.56251
8748.24829	2178.58474
8627.60038	2217.60302
8921.81989	2155.51275
9085.02783	2142.91903
8896.75237	2167.86718
8585.91058	2224.91650
8901.91284	2162.10852
8562.10061	2232.62378
9230.38414	2139.83356
8866.81775	2171.33725
8902.38734	2161.56201
8505.31258	2284.04902
8886.74220	2169.45724
8444.47761	2346.17681
9265.95373	2130.05832
8866.34325	2171.88376
9407.46146	2116.56801
8747.77379	2179.13125
8942.06624	2150.39279
8737.53761	2182.66115
8856.10707	2175.41366
8460.04869	2302.55805
8518.87585	2252.55805
8586.46761	2222.75570
8913.09802	2157.48560
8676.46971	2212.07115
8596.62126	2220.84009
8529.50399	2250.09594
8470.67683	2300.09594
8506.05674	2279.67746
8931.83006	2153.92269
9054.13125	2144.54181
9250.78309	2137.40704
9265.95373	2130.05832
8551.38993	2236.70018
8666.23353	2215.60105
8495.12637	2288.61356
	
NSGA-II_29:	58
8789.53335	2091.00892
8192.37293	2242.88500
8207.86148	2200.88053
8207.53961	2226.86845
8461.81338	2133.65822
8381.90633	2136.17758
8774.96869	2097.37981
8625.48219	2101.45622
8705.38924	2098.93686
8575.83984	2121.77160
8511.98796	2122.94719
8206.71271	2228.94051
8199.70265	2239.03149
8215.19119	2197.02702
8295.68304	2158.88350
8366.51478	2144.62053
8346.82865	2150.12207
8222.20126	2186.93604
8331.43709	2158.56502
8496.59640	2131.39014
8511.16105	2125.01925
8332.26399	2156.49296
8367.34168	2142.54847
8281.11838	2165.25440
8294.85613	2160.95556
8780.17187	2096.12888
8497.42330	2129.31808
8258.99047	2172.84398
8258.16357	2174.91604
8244.09563	2176.71164
8616.12071	2106.57618
8624.65529	2103.52828
8589.57760	2117.47276
8581.04303	2120.52067
8789.53335	2091.00892
8600.72916	2115.01913
8272.72822	2168.54514
8236.76592	2180.56515
8381.07943	2138.24964
8346.00175	2152.19412
8610.09063	2109.89917
8601.55606	2112.94708
8273.55513	2166.47309
8237.59282	2178.49309
8229.53098	2183.08253
8193.19983	2240.81294
8208.68838	2198.80848
8223.02816	2184.86399
8590.40450	2115.40071
8780.17187	2096.12888
8610.91753	2107.82712
8229.53098	2183.08253
8381.07943	2138.24964
8294.85613	2160.95556
8625.48219	2101.45622
8346.00175	2152.19412
8590.40450	2115.40071
8346.82865	2150.12207
	
NSGA-II_30:	73
9146.45442	2147.08069
8530.45629	2469.30741
8530.45629	2469.30741
8537.41847	2420.49230
9034.25168	2167.62032
9109.19668	2163.38585
8787.76877	2269.63383
8848.87755	2267.48579
9031.33372	2169.98099
8784.85081	2271.99451
8999.91190	2181.56480
8992.71988	2196.69713
9128.42711	2160.77226
8753.42898	2283.57832
8934.44980	2222.39243
8635.52488	2352.26342
8746.23697	2298.71065
8872.80785	2255.73498
8649.02895	2347.54206
8750.51102	2285.93900
8996.99394	2183.92548
8664.93878	2331.03236
8685.88592	2328.51300
8945.76147	2215.07436
9143.53646	2149.44137
8699.27856	2317.08787
8660.66472	2343.80401
8695.43653	2323.96336
8667.85674	2328.67168
8914.33965	2226.65816
8639.27818	2347.82566
8911.42169	2229.01884
8908.78920	2239.18573
8583.78352	2388.03019
8571.73511	2392.76034
9112.11464	2161.02517
8711.89718	2312.65514
8596.91104	2378.97955
8600.31367	2373.60636
8958.38010	2210.64162
8626.32494	2357.74850
8967.58004	2205.15654
8882.00779	2250.24990
8613.19742	2366.79914
8734.60119	2302.44869
8985.79443	2198.42383
8739.31152	2300.43735
8626.32494	2357.74850
8592.91312	2380.28777
8618.57373	2363.49447
8932.36883	2226.49948
8609.86428	2369.05672
8724.85042	2302.73230
8971.33334	2200.71879
8721.09713	2307.17005
8566.83236	2399.26125
8563.49923	2401.51883
9128.42711	2160.77226
8866.93330	2264.68252
8851.79551	2265.12511
8867.97460	2259.12028
8545.65435	2411.73382
8560.00059	2411.67407
8702.19652	2314.72719
8563.40322	2406.30088
8542.25172	2417.10701
8948.67943	2212.71368
8981.08411	2200.43518
8900.22218	2243.51719
8589.15983	2384.72553
8885.76109	2245.81215
8895.51186	2245.52854
8908.78920	2239.18573
	
Math-AUGMECON-II_1:	30
9069.79784	2069.96537
8963.77510	2073.39682
8913.07694	2077.09166
8831.75461	2079.38614
8525.14879	2103.52828
8438.86845	2104.88768
8389.85220	2109.12603
8377.27359	2110.94319
8349.78119	2113.10949
8343.88440	2115.08533
8339.07052	2117.18589
8316.39201	2117.25162
8293.12947	2118.87114
8265.63708	2121.03743
8089.68219	2159.77098
8089.14194	2165.82649
8077.03949	2176.49669
8066.32882	2180.57310
8046.99959	2186.36477
8046.17269	2188.43683
8041.96181	2190.44118
8030.42423	2196.58964
8029.93325	2198.63448
8029.88397	2202.64516
8014.18479	2206.78729
8013.64453	2212.84281
7976.96702	2264.05222
7961.21856	2272.20504
7941.88933	2277.99671
7926.14087	2286.14953
	
Math-AUGMECON-II_2:	15
9601.79204	2048.07921
9402.99428	2052.22135
9241.43572	2060.14929
9138.83085	2065.46888
9119.13650	2067.09166
9069.79784	2069.96537
9051.83689	2072.03742
8961.99365	2073.39682
8944.03270	2075.46888
8912.33904	2077.09166
7987.10587	2251.41181
7976.96702	2264.05222
7961.21856	2272.20504
7941.88933	2277.99671
7926.14087	2286.14953
	
Math-AUGMECON-II_3:	26
9215.73846	2063.66020
9046.59930	2073.23965
8963.77526	2073.39682
8667.70344	2089.83344
8622.00519	2093.90985
8437.08700	2104.88768
8417.34460	2106.95974
8409.59461	2107.05397
8389.85220	2109.12603
8349.78119	2113.10949
8089.14194	2165.82649
8082.07727	2172.42028
8081.25037	2174.49234
8076.21259	2178.56875
8066.32882	2180.57310
8057.71027	2182.28836
8030.42423	2196.58964
8029.93325	2198.63448
8015.01169	2204.71524
8014.47143	2210.77075
8014.18479	2206.78729
8013.64453	2212.84281
8008.17856	2237.82887
8001.63828	2239.13322
7987.10587	2251.41181
7976.96702	2264.05222
	
Math-AUGMECON-II_4:	16
9375.66062	2053.84412
9241.43572	2060.14929
9215.73846	2063.66020
9138.83092	2065.46888
9115.57359	2067.09166
9107.93427	2067.09166
9069.79784	2069.96537
9050.05544	2072.03742
9046.59930	2073.23965
8961.99365	2073.39682
7991.93912	2248.02652
7987.10587	2251.41181
7976.96702	2264.05222
7961.21856	2272.20504
7941.88933	2277.99671
7926.14087	2286.14953
	
Math-AUGMECON-II_5:	24
9241.43572	2060.14929
9218.69010	2063.66020
9212.28232	2064.86243
9069.79784	2069.96537
8961.99365	2073.39682
8831.75461	2079.38614
8786.05635	2083.46255
8783.56375	2085.98191
8747.61049	2087.31409
8671.39296	2089.83344
8041.96181	2190.44118
8031.25113	2194.51759
8030.42423	2196.58964
8029.93325	2198.63448
8015.01169	2204.71524
8014.18479	2206.78729
8013.64453	2212.84281
8008.17856	2237.82887
8001.63828	2239.13322
7991.93912	2248.02652
7987.10587	2251.41181
7976.96702	2264.05222
7941.88933	2277.99671
7926.14086	2286.14954
	
Math-AUGMECON-II_6:	33
9402.99428	2052.22135
9138.83085	2065.46888
9115.57359	2067.09166
8927.61768	2077.09166
8831.75461	2079.38614
8671.39296	2089.83344
8622.00519	2093.90985
8590.66694	2098.58251
8566.73746	2100.74881
8555.53522	2100.74881
8544.89119	2101.45622
8525.14879	2103.52828
8517.39880	2103.62252
8438.86845	2104.88768
8437.08700	2104.88768
8417.34460	2106.95974
8409.59461	2107.05397
8389.85220	2109.12603
8377.27359	2110.94319
8349.78119	2113.10949
8030.42423	2196.58964
8029.93325	2198.63448
8029.88397	2202.64516
8014.18479	2206.78729
8013.64453	2212.84281
8008.17856	2237.82887
8001.63828	2239.13322
7991.93912	2248.02652
7987.10587	2251.41181
7976.96702	2264.05222
7961.21856	2272.20504
7941.88931	2277.99672
7926.14087	2286.14953
	
Math-AUGMECON-II_7:	27
9245.12523	2060.14929
9215.73846	2063.66020
9146.47017	2065.46888
9138.83097	2065.46888
9107.93427	2067.09166
9069.79784	2069.96537
8669.48490	2089.83344
8613.92420	2096.95974
8583.02762	2098.58251
8555.53522	2100.74881
8544.89119	2101.45622
8526.93024	2103.52828
8525.14879	2103.52828
8517.39880	2103.62252
8438.86845	2104.88768
8030.42423	2196.58964
8029.93325	2198.63448
8015.01169	2204.71524
8014.18479	2206.78729
8013.64453	2212.84281
8001.63828	2239.13322
7991.93912	2248.02652
7987.10587	2251.41181
7976.96702	2264.05222
7961.21856	2272.20504
7941.88930	2277.99672
7926.14087	2286.14953
	
Math-AUGMECON-II_8:	35
9853.12092	2044.13473
9601.79204	2048.07921
9521.76483	2049.70199
9519.98336	2049.70199
9465.48688	2049.70199
8961.99365	2073.39682
8942.25125	2075.46888
8912.33904	2077.09166
8831.75461	2079.38614
8667.70344	2089.83344
8623.78677	2093.90985
8544.89117	2101.45622
8519.18025	2103.62252
8437.08700	2104.88768
8141.82622	2133.55679
8140.99932	2135.62884
8139.94167	2141.57768
8117.45921	2143.42487
8106.74853	2147.50128
8105.92163	2149.57333
8105.38138	2155.62884
8089.68219	2159.77098
8089.14194	2165.82649
8082.07727	2172.42028
8081.25037	2174.49234
8077.03949	2176.49669
8076.21259	2178.56875
8057.71027	2182.28836
8056.88336	2184.36042
8046.99959	2186.36477
8030.42423	2196.58964
8029.93325	2198.63448
8013.64453	2212.84281
8001.63828	2239.13322
7991.93912	2248.02652
	
Math-AUGMECON-II_9:	24
9418.27292	2052.22135
9402.99428	2052.22135
9375.66061	2053.84413
9361.47733	2058.05199
9321.63337	2059.70199
9245.12550	2060.14928
9138.83085	2065.46888
9107.93427	2067.09166
9053.00705	2072.03742
8961.99365	2073.39682
8944.03270	2075.46888
8912.33904	2077.09166
8850.72276	2079.38614
8831.75461	2079.38614
8829.26201	2081.90550
8786.05635	2083.46255
8749.39223	2087.31407
8013.64453	2212.84281
8001.63828	2239.13322
7987.10587	2251.41181
7976.96702	2264.05222
7961.21856	2272.20504
7941.88933	2277.99671
7926.14087	2286.14953
	
Math-AUGMECON-II_10:	14
8669.48490	2089.83344
8667.70344	2089.83344
8622.00519	2093.90985
8613.92420	2096.95974
8583.02762	2098.58251
8566.73746	2100.74881
8555.53522	2100.74881
8544.89119	2101.45622
8437.08700	2104.88768
7987.10587	2251.41181
7976.96702	2264.05222
7961.21856	2272.20504
7941.88933	2277.99671
7926.14087	2286.14953
	
Math-AUGMECON-II_11:	22
9853.12092	2044.13473
9822.22433	2045.75750
9608.00092	2048.07921
9465.48688	2049.70199
9372.09769	2053.84413
9321.63337	2059.70199
9245.12523	2060.14929
9215.73846	2063.66020
9138.83085	2065.46888
9107.93427	2067.09166
9069.79819	2069.96535
9050.05544	2072.03742
8961.99365	2073.39682
8913.07694	2077.09166
8831.75461	2079.38614
8013.64453	2212.84281
8008.17856	2237.82887
8001.63828	2239.13322
7987.10587	2251.41181
7976.96702	2264.05222
7961.21856	2272.20504
7926.14087	2286.14953
	
Math-AUGMECON-II_12:	18
9107.93427	2067.09166
9069.79784	2069.96537
8961.99365	2073.39682
8927.61768	2077.09166
8835.44412	2079.38614
8786.05635	2083.46255
8747.61049	2087.31409
8667.70344	2089.83344
8622.00519	2093.90985
8046.99959	2186.36477
8046.17269	2188.43683
8041.96181	2190.44118
8029.93325	2198.63448
8014.18479	2206.78729
8013.64453	2212.84281
8001.63828	2239.13322
7991.93912	2248.02652
7926.14087	2286.14953
	
Math-AUGMECON-II_13:	15
8961.99365	2073.39682
8833.53606	2079.38614
8747.61049	2087.31409
8671.39318	2089.83343
8667.70344	2089.83344
8622.00519	2093.90985
8613.92420	2096.95974
8583.02762	2098.58251
8555.53522	2100.74881
8001.63828	2239.13322
7991.93912	2248.02652
7987.10587	2251.41181
7976.96702	2264.05222
7961.21856	2272.20504
7926.14087	2286.14953
	
Math-AUGMECON-II_14:	33
8912.33904	2077.09166
8850.72276	2079.38614
8835.44412	2079.38614
8787.83781	2083.46255
8747.61049	2087.31409
8667.70344	2089.83344
8666.87654	2091.90550
8622.00519	2093.90985
8555.53522	2100.74881
8517.39880	2103.62252
8437.08700	2104.88768
8417.34460	2106.95974
8391.63366	2109.12603
8117.45921	2143.42487
8116.63231	2145.49692
8106.74853	2147.50128
8105.92163	2149.57333
8105.38138	2155.62884
8090.50909	2157.69892
8089.68219	2159.77098
8089.14194	2165.82649
8076.21259	2178.56875
8066.32882	2180.57310
8056.88336	2184.36042
8046.99959	2186.36477
8046.17269	2188.43683
8041.13491	2192.51324
8031.25113	2194.51759
8030.42423	2196.58964
8029.93325	2198.63448
8029.88397	2202.64516
8015.01169	2204.71524
8013.64453	2212.84281
	
Math-AUGMECON-II_15:	41
9408.46529	2052.22135
9375.78721	2053.84413
9241.43575	2060.14929
9215.73846	2063.66020
9212.28232	2064.86243
9146.47017	2065.46888
9107.93427	2067.09166
8963.77510	2073.39682
8912.33904	2077.09166
8833.53606	2079.38614
8667.70344	2089.83344
8622.00519	2093.90985
8583.02762	2098.58251
8437.08700	2104.88768
8349.78119	2113.10949
8316.39201	2117.25162
8117.45921	2143.42487
8116.63231	2145.49692
8106.74853	2147.50128
8105.92163	2149.57333
8105.38138	2155.62884
8090.50909	2157.69892
8089.68219	2159.77098
8089.14194	2165.82649
8082.07727	2172.42028
8077.03949	2176.49669
8076.21259	2178.56875
8066.32882	2180.57310
8046.99959	2186.36477
8046.17269	2188.43683
8041.96181	2190.44118
8030.42423	2196.58964
8029.93325	2198.63448
8029.88396	2202.64517
8015.01169	2204.71524
8014.18479	2206.78729
8013.64453	2212.84281
8001.63828	2239.13322
7991.93912	2248.02652
7987.10587	2251.41181
7976.96702	2264.05222
	
Math-AUGMECON-II_16:	27
9146.47017	2065.46888
9107.93427	2067.09166
8961.99365	2073.39682
8912.33904	2077.09166
8667.70344	2089.83344
8622.00519	2093.90985
8437.08700	2104.88768
8349.78119	2113.10949
8319.95492	2117.25162
8116.63231	2145.49692
8106.74853	2147.50128
8105.92163	2149.57333
8105.38138	2155.62884
8090.50909	2157.69892
8089.68219	2159.77098
8089.14194	2165.82649
8076.21259	2178.56875
8066.32882	2180.57310
8057.71027	2182.28836
8046.17269	2188.43683
8041.96181	2190.44118
8041.13491	2192.51324
8031.25113	2194.51759
8030.42423	2196.58964
8029.88397	2202.64516
8015.01169	2204.71524
8013.64453	2212.84281
	
Math-AUGMECON-II_17:	6
9951.63006	2044.13473
9853.12092	2044.13473
9822.22433	2045.75750
9601.79204	2048.07921
9465.48688	2049.70199
7926.14087	2286.14953
	
Math-AUGMECON-II_18:	17
8961.99365	2073.39682
8886.25109	2079.38614
8835.44412	2079.38614
8829.26200	2081.90550
8786.05635	2083.46255
8783.56375	2085.98191
8753.08152	2087.31408
8747.61049	2087.31409
8667.70344	2089.83344
8626.73826	2093.90985
8624.95681	2093.90985
8622.00519	2093.90985
8583.02762	2098.58251
7976.96702	2264.05222
7961.21856	2272.20504
7941.88933	2277.99671
7926.14087	2286.14953
	
Math-AUGMECON-II_19:	12
9107.93427	2067.09166
8961.99365	2073.39682
8942.25125	2075.46888
8912.33904	2077.09166
8850.72276	2079.38614
8847.03325	2079.38614
8831.75461	2079.38614
8789.00797	2083.46255
8785.34521	2085.98191
7961.21856	2272.20504
7941.88933	2277.99671
7926.14087	2286.14953
	
Math-AUGMECON-II_20:	28
8886.25109	2079.38614
8847.03325	2079.38614
8831.75461	2079.38614
8787.83781	2083.46255
8783.56375	2085.98191
8751.30001	2087.31409
8349.78119	2113.10949
8343.88440	2115.08533
8316.39201	2117.25162
8293.12947	2118.87114
8265.63708	2121.03743
8215.00388	2121.39049
8185.73003	2123.55679
8081.25037	2174.49234
8077.03949	2176.49669
8076.21259	2178.56875
8057.71027	2182.28836
8046.99959	2186.36477
8041.96181	2190.44118
8031.25113	2194.51759
8029.93325	2198.63448
8029.88397	2202.64516
8014.18479	2206.78729
8013.64453	2212.84281
8001.63828	2239.13322
7991.93912	2248.02652
7987.10587	2251.41181
7976.96702	2264.05222
	
Math-AUGMECON-II_21:	27
9826.65175	2045.75750
9601.79204	2048.07921
9465.48688	2049.70199
8961.99365	2073.39682
8942.25125	2075.46888
8912.33904	2077.09166
8833.53606	2079.38614
8789.00797	2083.46255
8747.61049	2087.31409
8669.48507	2089.83344
8089.68219	2159.77098
8089.14194	2165.82649
8081.25037	2174.49234
8077.03949	2176.49669
8057.71027	2182.28836
8056.88336	2184.36042
8046.99959	2186.36477
8041.96181	2190.44118
8041.13491	2192.51324
8029.93325	2198.63448
8014.18479	2206.78729
8013.64453	2212.84281
7991.93912	2248.02652
7987.10587	2251.41181
7976.96702	2264.05222
7941.88933	2277.99671
7926.14087	2286.14953
	
Math-AUGMECON-II_22:	28
9956.05748	2044.13473
9853.12092	2044.13473
9624.71001	2048.07921
9465.48688	2049.70199
9402.99428	2052.22135
9372.09769	2053.84413
9321.63337	2059.70199
9241.43572	2060.14929
9212.28232	2064.86243
9148.25162	2065.46888
9138.83085	2065.46888
9107.93427	2067.09166
9071.57929	2069.96537
9051.83689	2072.03742
9046.59930	2073.23965
8961.99374	2073.39682
8029.93325	2198.63448
8029.88397	2202.64516
8015.01169	2204.71524
8014.18479	2206.78729
8013.64453	2212.84281
8008.17856	2237.82887
8001.63828	2239.13322
7991.93912	2248.02652
7987.10587	2251.41181
7976.96702	2264.05222
7941.88933	2277.99671
7926.14087	2286.14953
	
Math-AUGMECON-II_23:	27
9402.99428	2052.22135
9372.09769	2053.84413
9243.21717	2060.14929
9226.32939	2063.66020
9138.83085	2065.46888
9107.93427	2067.09166
8963.77510	2073.39682
8850.72276	2079.38614
8747.61049	2087.31409
8667.70344	2089.83344
8622.00519	2093.90985
8141.82622	2133.55679
8140.99932	2135.62884
8117.45921	2143.42487
8116.63230	2145.49693
8105.92163	2149.57333
8105.38138	2155.62884
8090.50909	2157.69892
8089.68219	2159.77098
8089.14194	2165.82649
8077.03949	2176.49669
8076.21259	2178.56875
8041.13491	2192.51324
8029.93325	2198.63448
8014.47143	2210.77075
8013.64453	2212.84281
8008.17856	2237.82887
	
Math-AUGMECON-II_24:	17
9402.99428	2052.22135
9372.09769	2053.84413
9364.42894	2058.05199
9321.63337	2059.70199
8835.44412	2079.38614
8786.05640	2083.46255
8749.39195	2087.31409
8667.70344	2089.83344
8666.87654	2091.90550
8622.00519	2093.90985
8013.64453	2212.84281
8001.63828	2239.13322
7991.93912	2248.02652
7987.10587	2251.41181
7976.96702	2264.05222
7961.21856	2272.20504
7926.14087	2286.14953
	
Math-AUGMECON-II_25:	10
8963.77510	2073.39682
8942.25125	2075.46888
8912.33904	2077.09166
8835.44412	2079.38614
8001.63828	2239.13322
7987.10587	2251.41181
7976.96702	2264.05222
7961.21856	2272.20504
7941.88932	2277.99672
7926.14087	2286.14953
	
Math-AUGMECON-II_26:	20
9402.99428	2052.22135
9375.78722	2053.84412
9325.32301	2059.70198
9241.43572	2060.14929
9215.73846	2063.66020
9148.25162	2065.46888
9107.93427	2067.09166
8913.07694	2077.09166
8847.03325	2079.38614
8667.70386	2089.83343
8622.00519	2093.90985
8056.88336	2184.36042
8029.93325	2198.63448
8015.01169	2204.71524
8013.64453	2212.84281
8001.63828	2239.13322
7987.10587	2251.41181
7976.96702	2264.05222
7941.88933	2277.99671
7926.14087	2286.14953
	
Math-AUGMECON-II_27:	29
9241.43572	2060.14929
9218.69007	2063.66020
9138.83085	2065.46888
8622.00519	2093.90985
8583.02762	2098.58251
8555.53522	2100.74881
8544.89119	2101.45622
8525.14879	2103.52828
8520.35041	2103.62252
8517.39880	2103.62252
8438.86845	2104.88768
8417.34460	2106.95974
8391.63366	2109.12603
8076.21259	2178.56875
8066.32882	2180.57310
8056.88336	2184.36042
8046.99959	2186.36477
8041.96181	2190.44118
8041.13491	2192.51324
8031.25113	2194.51759
8029.93325	2198.63448
8029.88397	2202.64516
8014.18479	2206.78729
8013.64453	2212.84281
8008.17856	2237.82887
8001.63828	2239.13322
7991.93912	2248.02652
7987.10587	2251.41181
7976.96699	2264.05223
	
Math-AUGMECON-II_28:	26
9421.96243	2052.22135
9402.99428	2052.22135
9321.63370	2059.70198
9241.43572	2060.14929
9218.69007	2063.66020
9069.79784	2069.96537
9050.05544	2072.03742
8963.77510	2073.39682
8942.25125	2075.46888
8927.61768	2077.09166
8914.12050	2077.09166
8912.33904	2077.09166
8833.53606	2079.38614
8751.30006	2087.31408
8747.61049	2087.31409
8667.70344	2089.83344
8041.13491	2192.51324
8030.42423	2196.58964
8014.18479	2206.78729
8013.64453	2212.84281
8008.17856	2237.82887
7991.93912	2248.02652
7987.10587	2251.41181
7976.96702	2264.05222
7941.88933	2277.99671
7926.14087	2286.14953
	
Math-AUGMECON-II_29:	28
8786.05635	2083.46255
8749.39238	2087.31407
8667.70344	2089.83344
8622.00519	2093.90985
8613.92420	2096.95974
8583.02762	2098.58251
8555.53522	2100.74881
8438.86845	2104.88768
8379.05504	2110.94319
8349.78119	2113.10949
8343.88440	2115.08533
8105.92163	2149.57333
8105.38138	2155.62884
8090.50909	2157.69892
8089.68219	2159.77098
8089.14194	2165.82649
8082.07727	2172.42028
8081.25037	2174.49234
8077.03949	2176.49669
8076.21259	2178.56875
8057.71027	2182.28836
8056.88336	2184.36042
8046.99959	2186.36477
8030.42423	2196.58964
8029.93325	2198.63448
8013.64453	2212.84281
8008.17856	2237.82887
8001.63828	2239.13322
	
Math-AUGMECON-II_30:	10
9138.83107	2065.46886
9107.93427	2067.09166
8961.99365	2073.39682
8942.25125	2075.46888
8912.33904	2077.09166
8833.53606	2079.38614
8786.05635	2083.46255
8783.56375	2085.98191
8749.39195	2087.31409
7926.14087	2286.14953