Numfront:	
61	
	
AUGMECON-II:	18
6481.61040	2083.75139
6482.50592	2050.95314
6486.54017	2038.35827
6491.07592	2026.52041
6498.76949	2024.89763
6515.75018	2006.92190
6518.02146	1999.72026
6518.37424	1977.05382
6544.25626	1966.33948
6559.40345	1953.97881
6578.12702	1944.07164
6615.26131	1932.06589
6630.40850	1919.70522
6649.13207	1909.79805
6704.70291	1898.60270
6793.67705	1887.05056
6836.58700	1872.84747
6877.81806	1863.36785
	
NSGA-II_1:	60
7226.25572	1866.37348
6860.40788	2195.23662
6863.31896	2129.37875
6866.39032	2060.60981
6863.47924	2126.46768
7175.54505	1868.08921
6889.79615	2033.46364
7005.28120	1928.66796
7147.53903	1884.50606
7030.28082	1927.44550
6895.13363	2010.51686
7122.53941	1885.72853
7079.87135	1909.77782
7058.28683	1911.02864
6947.70761	1977.53146
6926.57111	1985.81573
7166.26260	1874.59890
6995.99876	1935.17766
6917.28866	1992.32543
6907.84753	1995.72289
6898.56509	2002.23259
7005.28120	1928.66796
6977.27519	1945.08482
6882.12687	2058.77277
6995.99188	1936.95223
7089.30561	1908.15493
7113.25009	1894.01280
7166.25572	1876.37348
6964.08365	1958.48905
6886.36469	2041.74791
6960.65220	1966.77332
6942.30766	1983.97869
6960.13917	1972.63119
6885.11389	2050.70265
6938.42517	1984.04116
7113.25697	1892.23822
7039.56326	1920.93580
7048.99751	1919.31291
7103.81584	1895.63569
7156.82147	1877.99637
6885.11389	2050.70265
6886.36469	2041.74791
7049.00439	1917.53834
7156.82147	1877.99637
7151.60056	1882.23134
7094.52652	1903.91996
7098.59493	1899.87066
7089.31249	1906.38036
6973.36609	1951.97936
6986.55763	1938.57512
7122.53941	1885.72853
7055.25285	1915.20815
7094.53340	1902.14538
7036.52927	1925.11531
6960.65220	1966.77332
6973.36609	1951.97936
7147.53903	1884.50606
6977.26831	1946.85940
6967.98587	1953.36909
7055.25285	1915.20815
	
NSGA-II_2:	73
6972.78038	1865.72853
6547.79501	1984.69314
6587.27821	1951.17071
6557.62706	1965.71967
6556.65851	1967.05382
6548.76357	1983.35899
6654.56478	1921.69109
6815.81814	1880.54774
6856.30281	1879.31669
6932.29571	1866.95958
6773.08829	1896.79733
6638.61594	1933.58697
6686.57707	1908.93181
6613.71530	1948.74430
6972.78038	1865.72853
6884.67648	1876.57113
6619.29050	1938.41143
6681.00187	1919.26468
6762.36809	1901.58441
6732.33959	1901.68094
6793.41183	1890.15929
6723.73172	1903.01510
6705.90251	1904.10735
6904.00192	1871.74667
6921.57815	1870.44989
6805.10058	1884.03805
6667.03213	1919.44484
6613.71530	1948.74430
6599.74556	1948.92446
6884.67648	1876.57113
6692.43494	1908.93181
6663.17266	1920.35693
6923.68783	1868.29374
6587.27821	1951.17071
6932.29571	1866.95958
6723.73172	1903.01510
6769.76002	1900.78078
6772.11974	1898.13148
6695.18495	1907.59765
6801.77231	1888.02150
6794.38038	1888.82513
6769.76002	1900.78078
6624.91363	1936.24005
6921.57815	1870.44989
6923.68783	1868.29374
6895.39404	1873.08082
6893.28436	1875.23697
6814.84959	1881.88190
6904.00192	1871.74667
6893.28436	1875.23697
6895.39404	1873.08082
6595.88609	1949.83656
6697.29463	1905.44150
6619.29050	1938.41143
6623.94508	1937.57420
6703.15250	1905.44150
6638.61594	1933.58697
6801.77231	1888.02150
6595.88609	1949.83656
6686.57707	1908.93181
6630.00806	1934.92112
6635.86593	1934.92112
6804.13203	1885.37220
6556.65851	1967.05382
6557.62706	1965.71967
6805.09794	1885.33483
6794.38038	1888.82513
6793.41183	1890.15929
6772.11974	1898.13148
6773.08829	1896.79733
6630.00806	1934.92112
6804.12939	1886.66898
6815.81814	1880.54774
	
NSGA-II_3:	65
9770.22862	1964.74541
8355.13311	2148.87394
9602.80900	1971.79862
8358.28402	2106.82695
9291.21245	1974.50548
8363.55578	2087.95658
8367.05296	2075.59590
8380.05859	2057.95658
9620.09557	1970.60327
9752.94205	1965.94076
9035.33492	1994.02749
8920.12648	1994.09467
8811.34597	1997.89063
8749.81979	2002.42133
9199.71851	1977.10609
8828.63254	1996.69527
9263.67576	1976.28694
9143.53800	1981.82745
9182.43194	1978.30144
8732.17800	2012.00274
8732.53322	2003.61668
8892.58979	1995.87613
8429.38106	2053.51883
8397.34516	2056.76123
8664.24895	2013.61668
8635.98978	2022.32849
9046.35772	1993.93465
9064.72525	1987.55350
8486.64253	2043.61166
8596.10378	2027.63596
8692.55832	2012.32849
8504.10288	2041.73737
9047.43868	1988.74885
8585.08098	2027.72880
8437.32006	2048.04942
9103.61919	1984.02749
8653.36525	2017.72880
8465.62943	2046.76123
8435.81861	2051.73737
8522.89090	2036.85407
8554.92680	2033.61166
8606.98748	2023.52384
9120.90576	1982.83214
8505.60433	2038.04942
9047.43868	1988.74885
8448.34287	2047.95658
8561.36435	2031.83021
8811.34597	1997.89063
9752.94205	1965.94076
9602.80900	1971.79862
8624.27405	2022.32849
8681.53552	2012.42133
9770.22862	1964.74541
8675.27175	2013.52384
8749.81979	2002.42133
8902.83991	1995.29002
9103.61919	1984.02749
9620.09557	1970.60327
9273.92588	1975.70083
8578.65092	2030.63486
8493.08008	2041.83021
8561.36435	2031.83021
8454.60663	2046.85407
8522.89090	2036.85407
8902.83991	1995.29002
	
NSGA-II_4:	79
7919.59241	1920.03782
7039.25944	2245.08580
7045.64752	2141.36949
7044.07970	2222.08017
7470.80743	1950.68242
7543.22805	1949.74185
7650.41307	1930.61669
7790.40560	1923.88947
7862.82622	1922.94890
7722.83369	1929.67612
7268.42460	1980.63921
7739.69492	1925.60520
7913.53690	1921.23317
7059.31415	2097.91718
7099.83297	2050.05310
7099.21684	2051.28416
7274.48012	1979.44386
7048.98602	2123.08522
7046.26365	2140.13843
7102.55534	2032.99989
7223.76944	1981.15958
7599.70239	1932.33242
7644.35755	1931.81204
7784.35008	1925.08482
7077.13818	2060.79824
7062.03653	2080.86397
7420.09675	1952.39815
7868.88173	1921.75355
7464.75191	1951.87777
7311.41020	1978.21280
7117.65699	2012.93416
7144.30678	2001.15958
7044.07970	2222.08017
7043.30703	2235.57047
7593.64687	1933.52777
7364.54920	1963.38881
7184.94356	1983.45454
7217.71393	1982.35494
7397.31956	1962.28921
7069.67585	2064.36115
7056.44835	2119.52231
7056.62534	2106.58240
7110.01767	2029.43697
7110.19466	2016.49707
7069.49886	2077.30106
7412.07632	1960.16939
7581.05802	1938.83524
7177.48123	1987.01745
7058.69803	2099.14824
7572.58344	1945.27921
7056.62534	2106.58240
7403.37508	1961.09386
7414.04124	1953.59350
7170.86762	1992.42113
7351.03136	1968.14707
7549.28357	1948.54650
7554.03377	1946.86628
7040.74119	2240.36444
7357.08687	1966.95172
7048.98602	2123.08522
7102.55534	2032.99989
7110.01767	2029.43697
7324.92805	1973.45454
7317.46572	1977.01745
7345.85060	1972.59580
7358.49369	1964.58416
7157.82462	1996.40132
7184.94356	1983.45454
7169.46080	1994.78869
7572.58344	1945.27921
7560.08928	1945.67093
7338.44250	1973.45454
7171.42572	1988.21280
7041.35732	2239.13338
7150.36229	1999.96423
7345.90483	1969.89163
7733.63940	1926.80055
7728.88920	1928.48077
7650.41307	1930.61669
	
NSGA-II_5:	72
7633.73143	1889.20583
6973.81453	2052.26305
7006.73752	2019.53379
6980.66213	2037.60053
7207.30634	1942.10479
7264.46145	1941.59176
6996.38364	2037.16011
6996.97744	2024.65375
7448.70841	1911.18494
7416.02472	1915.02633
7559.26569	1898.82426
7020.51510	2008.21666
7592.43986	1894.38138
7481.88258	1906.74206
7523.17415	1901.56651
7045.05117	2001.35938
7625.12356	1890.53999
7514.56628	1902.90067
7365.40502	1920.33022
7299.54715	1928.61449
7340.83872	1923.43895
7004.19979	2021.16345
7170.25687	1960.78436
7165.12430	1966.82615
7055.77980	1994.90527
7069.95843	1987.95515
7364.43646	1921.66437
7103.53669	1981.06388
7323.78390	1928.51663
7029.30663	2004.43085
7273.16420	1933.82052
7296.21888	1932.59795
7473.27471	1908.07621
7403.36831	1919.13813
7389.64177	1920.23236
7104.50524	1979.72972
7143.74488	1970.28700
7089.23290	1986.23942
7457.31629	1909.85079
7203.00951	1947.42240
7119.64465	1975.45567
7269.83593	1937.80398
7046.01972	2000.02523
7051.23486	1997.86231
7070.92699	1986.62100
7125.43896	1970.66858
7272.19565	1935.15467
7124.47041	1972.00273
7144.71343	1968.95285
7122.11069	1974.65204
7090.20145	1984.90527
7405.72803	1916.48883
7337.51045	1927.42240
7116.73621	1978.43982
7158.49517	1967.60302
7183.87488	1956.24693
7410.10443	1916.25381
7567.87357	1897.49011
7583.83199	1895.71553
7185.40406	1952.50009
7198.60359	1949.87603
7559.26569	1898.82426
7475.96230	1907.96954
7517.25386	1902.79399
7337.51045	1927.42240
7339.87016	1924.77310
7298.57860	1929.94864
7206.33778	1943.43895
7180.27149	1958.54188
7171.22543	1959.45021
7203.97806	1946.08825
7523.17415	1901.56651
	
NSGA-II_6:	81
8811.45724	1950.97828
7195.02066	2150.76604
8245.52437	1955.59820
8682.72360	1954.62726
7201.22508	2119.53498
7200.78952	2135.56401
8682.72360	1954.62726
8106.88000	1957.95888
8022.00364	1960.96292
7523.40724	2010.78721
7660.42806	1990.27418
7403.67752	2054.71444
7494.58943	2031.26242
7197.21487	2141.44836
7196.16891	2150.73955
7361.44802	2059.26504
7507.37414	2023.14789
7789.18128	1978.11756
7348.67890	2060.86845
7448.86302	2039.54669
7305.58015	2081.34367
7684.28534	1989.62923
7783.32341	1982.25970
7263.60259	2087.88572
7309.32900	2079.60145
7406.10393	2048.85658
7412.29467	2048.21163
8201.66709	1956.24316
7927.21656	1962.67864
7253.83720	2094.41502
7414.72108	2042.35376
7826.29054	1976.33611
8150.73729	1957.31393
7514.79010	2017.29002
7209.66803	2108.89003
7259.85374	2089.62794
7340.06176	2067.37127
7457.48016	2033.04388
7270.25172	2083.09864
7560.51651	2009.00575
7780.56413	1984.62038
7751.41117	1987.33428
7377.24079	2055.14939
7978.14636	1961.60787
7414.72108	2042.35376
7199.64127	2135.59050
7455.05376	2038.90174
7520.98084	2016.64507
7198.36311	2141.42188
7252.55904	2100.24640
7202.37333	2119.50850
7707.55388	1987.97923
7883.35927	1963.32360
7978.14636	1961.60787
8022.00364	1960.96292
7853.63285	1965.68428
7630.70163	1992.63486
7617.58524	1995.99324
7587.85881	1998.35392
7203.65149	2113.67712
7220.06601	2102.36073
7251.41079	2100.27289
7268.47089	2083.12512
7218.28518	2102.38722
7259.19859	2093.80931
7339.40661	2071.55264
7573.18124	2001.91683
7209.01288	2113.07141
7343.81061	2065.62905
7314.19730	2074.84085
7213.41688	2107.14782
7334.04522	2072.15835
7617.58524	1995.99324
7829.04982	1973.97543
7564.72965	2008.42653
7834.90769	1969.83329
7503.20657	2024.75961
7502.97014	2029.07148
7566.25006	2005.06815
7838.95527	1969.24719
7379.02162	2055.12291
	
NSGA-II_7:	55
7738.89041	1928.85262
7129.09132	2102.53335
7559.28478	1948.91834
7498.30337	1950.11369
7677.90901	1930.04797
7483.39033	1951.44785
7452.44551	1958.39797
7632.05115	1938.33224
7180.50232	2037.22589
7339.24536	1986.92216
7350.45117	1976.57603
7298.02193	1995.48180
7129.54029	2089.58657
7437.53247	1959.73212
7617.13811	1939.66639
7317.61510	1993.18685
7252.16406	2003.76607
7251.51911	2015.48180
7179.85737	2048.94161
7662.99597	1931.38212
7396.30904	1968.29176
7370.04435	1974.28108
7153.23377	2059.13926
7136.59215	2080.81762
7144.23147	2064.31481
7137.17961	2073.08375
7271.75724	2001.47112
7415.90221	1965.99681
7595.50785	1945.93108
7137.17961	2073.08375
7133.16939	2084.41102
7140.80871	2067.90821
7244.52474	2020.26889
7198.57233	2032.05034
7244.43019	2023.76607
7632.05115	1938.33224
7575.91468	1948.22603
7165.55322	2058.17846
7408.62849	1967.33096
7575.91468	1948.22603
7226.41868	2028.56004
7362.77063	1975.61523
7264.48352	2002.80527
7310.34138	1994.52100
7588.23413	1947.26523
7206.82550	2030.85499
7218.16550	2029.75539
7238.67964	2027.98081
7192.82177	2036.26509
7251.38766	2019.55821
7179.72591	2053.01802
7206.82550	2030.85499
7172.82694	2056.84431
7226.36018	2028.94161
7172.86300	2053.72870
	
NSGA-II_8:	50
7630.05941	1956.47133
7319.16672	2104.80143
7322.03788	2026.74812
7373.95126	2014.32171
7387.69043	1998.18433
7337.39022	2017.23279
7503.74284	1968.60327
7413.94002	1988.66900
7407.47178	1996.67002
7497.27459	1976.60429
7562.75764	1962.06309
7356.66469	2015.51706
7503.74284	1968.60327
7521.02941	1967.40792
7354.67679	2016.03744
7612.77284	1957.66668
7580.04421	1960.86774
7431.22659	1987.47365
7479.98803	1977.79964
7494.77982	1976.92325
7404.97700	1996.98898
7390.18521	1997.86537
7441.52881	1985.98833
7463.95522	1984.27260
7472.95482	1982.12882
7553.75804	1964.20687
7562.75764	1962.06309
7472.95482	1982.12882
7477.49325	1978.11860
7590.34643	1959.38241
7531.33163	1965.92260
7602.47062	1959.15201
7453.65299	1985.75792
7543.45581	1965.69220
7548.61820	1964.72725
7590.34643	1959.38241
7436.36643	1986.95327
7585.18405	1960.34736
7531.33163	1965.92260
7526.16924	1966.88755
7585.18405	1960.34736
7463.95522	1984.27260
7553.75804	1964.20687
7526.16924	1966.88755
7612.77284	1957.66668
7607.63300	1958.18706
7458.81538	1984.79298
7436.36643	1986.95327
7387.69043	1998.18433
7477.49325	1978.11860
	
NSGA-II_9:	39
7502.79775	1901.04614
7006.74880	2073.21030
7030.89125	2046.31903
7039.28835	2019.87179
7014.24963	2051.49457
7384.59294	1919.42826
7431.58133	1914.50595
7312.54115	1940.48839
7340.83495	1935.70130
7308.09644	1941.34164
7279.80265	1946.12873
7446.72852	1906.22168
7125.63663	1992.78287
7105.79190	1999.06326
7055.92997	2014.69625
7142.15591	1986.59948
7089.15028	2004.23880
7369.44576	1927.71254
7278.69937	1948.90789
7257.90126	1951.94432
7195.04385	1974.75918
7474.50396	1905.83322
7225.49832	1967.09920
7248.04948	1957.11986
7235.25840	1961.97924
7082.36705	2012.26984
7496.20645	1905.32019
7204.89563	1969.58364
7164.05730	1980.78389
7030.51940	2051.10285
7180.69892	1975.60835
7158.79753	1981.42394
7359.68568	1932.83250
7231.53020	1963.30325
7348.86700	1933.57040
7030.51940	2051.10285
7155.03370	1985.21663
7250.40558	1953.69497
7308.09644	1941.34164
	
NSGA-II_10:	37
7425.60538	1888.61973
6856.89148	1984.33025
6975.49876	1955.76061
6894.68498	1960.93616
7338.73076	1895.18827
6882.16562	1977.28029
7243.88748	1919.25780
7181.51572	1919.64626
7039.49221	1952.91526
7094.64110	1926.21480
7157.01286	1925.82634
7297.43919	1900.36382
7295.96339	1909.62591
6885.98223	1968.70740
6885.98223	1968.70740
7057.64456	1938.77313
7071.27319	1931.00189
7384.31382	1893.79527
7325.21464	1899.97536
7175.45487	1921.03926
7055.58688	1944.34039
7281.40609	1912.72450
7412.08926	1893.40682
7071.27319	1931.00189
7297.43919	1900.36382
7050.21241	1948.12818
7046.88413	1952.11163
7261.71325	1914.50595
7258.38498	1918.48941
7053.12084	1945.14402
7158.14782	1924.43334
7262.32950	1914.47071
7258.38498	1918.48941
7039.49221	1952.91526
7261.71325	1914.50595
7071.27319	1931.00189
7297.43919	1900.36382
	
NSGA-II_11:	71
7802.33062	1957.89316
7101.30934	2164.89752
7582.28145	1970.76196
7745.39027	1966.17743
7123.76297	2122.47112
7113.52571	2141.78191
7254.79084	2043.30734
7342.31780	2010.02220
7195.14359	2072.78696
7321.86962	2024.30313
7194.17503	2074.12112
7189.58480	2084.01802
7396.96718	2001.83076
7147.51248	2107.44213
7129.93755	2113.49764
7359.89272	2003.96668
7414.54210	1995.77525
7222.25285	2065.88555
7303.77451	2031.68457
7396.96718	2001.83076
7369.42706	2003.12078
7102.27789	2163.56337
7164.89915	2104.60413
7108.31968	2149.42123
7187.68010	2090.90929
7128.96900	2114.83180
7106.51537	2157.25820
7767.81667	1964.46170
7107.48392	2155.92405
7436.96851	1994.05952
7234.34266	2057.58828
7294.24016	2032.53047
7341.34924	2011.35635
7458.85467	1989.41772
7336.24128	2020.93429
7169.13663	2098.29896
7124.73152	2121.13696
7780.45621	1962.61452
7163.93059	2105.93828
7212.71851	2066.73145
7235.31121	2056.25413
7252.88613	2050.19862
7272.36576	2037.25183
7322.83818	2022.96898
7188.61625	2085.35217
7340.41310	2016.91347
7498.23184	1985.94765
7481.01680	1986.64507
7461.15737	1988.08357
7515.80676	1979.89214
7572.74711	1971.60787
7550.87270	1976.32923
7547.76751	1977.33051
7253.82228	2044.64150
7570.44440	1972.94202
7560.40704	1975.48332
7170.10518	2096.96481
7513.50405	1981.22629
7512.05037	1985.56608
7525.34110	1979.04623
7538.23316	1978.17641
7281.90010	2036.40593
7512.05037	1985.56608
7498.23184	1985.94765
7335.27272	2022.26845
7183.41022	2092.99149
7424.07645	1994.92935
7446.50285	1993.21362
7212.71851	2066.73145
7470.69172	1987.23767
7424.07645	1994.92935
	
NSGA-II_12:	75
7454.39197	1923.61135
6928.38416	2044.65577
7168.74251	1968.12817
7263.32335	1966.64911
7051.50054	1989.15423
7160.13463	1969.46233
7130.72774	1973.30372
6942.99030	2029.37713
6971.06992	2025.53574
6974.72452	2024.08012
7445.78410	1924.94550
7335.10925	1949.43184
7350.37400	1945.59045
6933.98800	2034.55267
6975.79530	2017.57731
7280.47479	1960.52052
7041.82188	1996.99120
7042.89266	1990.48839
7076.26201	1982.92214
7376.05361	1938.40531
6942.02174	2030.71128
6932.91722	2041.05549
6933.01945	2035.88683
7313.84413	1952.95427
7299.76421	1959.87135
7300.49011	1958.40531
7372.35924	1942.48172
7114.27677	1977.74660
7358.98188	1944.25630
7421.91147	1930.12104
7326.50138	1950.76599
7001.08536	2007.46375
6929.35271	2043.32162
7038.25737	1999.25733
7264.29190	1965.31495
7408.53411	1931.89562
7279.50623	1961.85467
7275.89158	1965.04689
6984.79760	2012.40176
6984.40317	2016.24315
7114.27677	1977.74660
7097.35840	1980.86996
7430.51935	1928.78689
7384.66148	1937.07116
7399.92624	1933.22977
6993.40547	2011.06761
7000.11681	2008.79791
7022.45364	2005.89207
7030.65546	2004.11749
7310.14976	1957.03068
7309.09799	1957.07116
7326.33265	1952.23625
7084.86988	1981.58799
7033.48615	2001.23166
7384.66148	1937.07116
6984.79760	2012.40176
7168.74251	1968.12817
7130.72774	1973.30372
7022.45364	2005.89207
6984.40317	2016.24315
7160.13463	1969.46233
7421.91147	1930.12104
6975.79530	2017.57731
7430.51935	1928.78689
7013.84577	2007.22622
7122.11987	1974.63787
7041.82188	1996.99120
7034.45471	1999.89751
7312.87558	1954.28843
7275.89158	1965.04689
7097.35840	1980.86996
6972.03847	2024.20159
7445.78410	1924.94550
6993.40547	2011.06761
7076.26201	1982.92214
	
NSGA-II_13:	15
7020.53840	1905.05635
6745.94011	2005.76015
6826.41821	1946.28053
6759.13164	1975.76015
6759.13164	1975.76015
6745.94011	2005.76015
6908.69122	1943.85412
6953.25183	1934.53597
6996.59392	1919.19849
7020.53840	1905.05635
6996.40801	1924.96340
6938.28297	1941.92779
6953.25183	1934.53597
6938.28297	1941.92779
6953.25183	1934.53597
	
NSGA-II_14:	15
7472.19273	1940.09264
7046.68762	2020.28294
7113.97418	1990.80332
7073.12470	2017.85654
7140.41127	1988.37691
7393.19778	1945.95051
7198.49836	1970.73759
7358.91684	1965.94363
7230.21409	1968.31119
7286.62924	1968.31119
7308.67360	1966.01624
7383.90846	1950.09264
7382.64050	1958.31119
7203.77700	1970.73759
7224.93545	1968.31119
	
NSGA-II_15:	51
7803.51828	1885.28122
6905.56416	2112.32639
6920.34325	2102.25266
6921.81113	2064.46231
6936.59022	2054.38858
6954.24703	2024.78718
7706.62817	1889.13287
7611.84108	1890.84860
7708.73119	1886.99695
7033.08082	1970.15189
7276.04874	1929.67576
7334.66572	1923.58288
7570.54951	1896.02414
7501.28380	1903.20928
6958.98407	2010.64504
7434.26582	1916.66910
7192.44912	1947.21199
7142.51636	1948.34161
7085.06112	1968.98656
7386.60602	1917.31508
7272.72047	1933.65922
7234.75718	1934.85131
7459.99223	1908.38482
6969.78770	2007.30654
6975.29938	1997.69826
7000.20664	1984.29403
7017.93363	1978.43616
6916.64888	2106.32907
7213.66067	1944.22783
6997.72579	1991.84040
7119.79975	1959.77032
7127.36918	1956.62588
6985.05946	1992.57830
7223.33014	1943.16607
7224.10844	1935.94356
7345.31446	1922.49063
7367.75142	1921.87513
6932.89585	2058.46499
7100.20831	1960.70229
7130.24752	1951.48604
7095.71176	1964.97635
7008.17356	1983.55612
6932.89585	2058.46499
7383.27775	1921.29854
6969.53447	2009.41399
7091.50556	1968.47353
7367.75142	1921.87513
7334.66572	1923.58288
7136.79351	1949.43387
7223.33014	1943.16607
7120.39575	1956.66159
	
NSGA-II_16:	67
7357.87967	1916.12873
6819.00572	2195.28484
7260.98956	1919.98038
7334.51634	1919.66682
6822.43030	2188.13019
6823.24019	2158.43678
6833.44721	2108.64380
6832.63732	2138.33721
7099.72490	1944.14776
7141.25088	1940.73573
6849.69418	2060.77972
7229.01835	1924.85262
7036.80333	1957.02608
7075.39302	1949.02000
7000.74141	1967.51076
6846.52054	2080.33428
7195.13169	1928.26465
7163.16049	1933.13689
7142.21944	1939.40158
7076.36157	1947.68585
7013.44001	1960.56417
7013.44001	1960.56417
6836.87178	2101.48915
6900.35421	2014.97719
7098.75635	1945.48191
6866.19209	2025.31555
6826.66476	2151.28213
6906.66693	2010.04379
7186.52382	1929.59880
6933.47866	1993.47525
6993.10209	1969.87144
6977.37808	1971.04885
7252.38168	1921.31453
6837.68541	2097.93623
6841.10998	2090.78159
6829.21275	2145.49186
6822.34983	2192.06040
6849.69418	2060.77972
6853.93238	2050.07215
6969.73876	1973.40953
6853.11876	2053.62507
6910.09151	2002.88915
6966.31418	1980.56417
6925.83934	1995.83593
6917.73083	2000.52847
6956.84199	1989.93716
6900.35421	2014.97719
6966.31418	1980.56417
6960.00146	1985.49757
6862.76752	2032.47020
6949.20267	1992.29784
6873.83141	2022.95487
6889.55542	2021.77746
7237.62623	1923.51847
7349.27179	1917.46288
7171.76836	1931.80274
6860.85414	2038.13042
6857.35696	2042.91750
6844.60717	2085.99450
6969.73876	1973.40953
6993.10209	1969.87144
7171.76836	1931.80274
7229.01835	1924.85262
7237.62623	1923.51847
7357.87967	1916.12873
6826.58429	2155.21234
7195.13169	1928.26465
	
NSGA-II_17:	43
7371.26564	1882.69567
6826.11918	2045.16147
7292.27069	1888.55354
6844.27947	1993.60442
6885.41597	1982.95947
6894.27947	1965.32015
6826.11918	2045.16147
6834.98268	2027.52215
6835.41597	2011.24374
7001.66914	1946.65430
6948.30607	1949.63937
6844.27947	1993.60442
7282.98137	1892.69567
6835.41597	2011.24374
6911.56604	1964.12480
6948.30607	1949.63937
6917.49229	1954.81492
7061.58196	1923.78839
7105.56335	1922.68879
7238.39193	1896.83781
6917.49229	1954.81492
7122.84991	1921.49344
7148.18103	1919.58006
7012.22642	1934.29363
7002.93709	1938.43576
7211.81604	1902.17529
7207.83465	1909.19849
7029.51299	1933.09827
7044.29539	1924.98374
7178.99480	1914.40452
7190.54808	1910.39384
7169.70548	1918.54665
7221.10536	1898.03316
7178.99480	1914.40452
7061.58196	1923.78839
7105.56335	1922.68879
7122.84991	1921.49344
7207.83465	1909.19849
7044.29539	1924.98374
7190.54808	1910.39384
7221.10536	1898.03316
7238.39193	1896.83781
7002.93709	1938.43576
	
NSGA-II_18:	69
7772.94443	1911.50032
6984.50464	2041.91005
7395.86986	1918.22754
7561.63167	1916.32478
7615.86239	1911.50032
6993.31567	2002.10770
6992.38933	2025.21317
7288.61258	1920.52249
7374.65165	1919.56170
6997.95095	1993.33876
6987.75404	2033.98211
7066.68253	1963.27303
7151.06488	1935.25411
7142.51515	1940.88710
7039.53343	1983.62936
7042.02899	1977.12654
7089.06407	1955.14733
7016.68253	1991.55730
6996.88018	1999.84157
6991.31855	2031.71598
7046.88018	1971.55730
7067.75331	1956.77022
7017.75331	1985.05449
7047.95095	1965.05449
7092.02899	1948.84227
7577.35761	1914.02982
7234.38186	1925.34695
7166.79083	1932.95916
7151.06488	1935.25411
7250.10781	1923.05200
7267.39438	1921.85665
7234.38186	1925.34695
7231.46390	1929.55481
7131.26253	1943.53838
7122.89444	1946.31277
7067.75331	1956.77022
7122.89444	1946.31277
7166.79083	1932.95916
7594.64418	1912.83447
7047.95095	1965.05449
7271.32601	1921.71785
7288.61258	1920.52249
7378.58329	1919.42289
7085.03988	1955.57486
7250.10781	1923.05200
7184.07739	1931.76381
7615.86239	1911.50032
7598.57582	1912.69567
7035.80552	1984.07666
7221.53651	1930.14092
7105.60787	1947.50812
7092.02899	1948.84227
7043.31567	1973.82343
7065.23752	1963.85914
7016.68253	1991.55730
7204.24994	1931.33627
7205.29560	1930.42966
7395.86986	1918.22754
7105.60787	1947.50812
7046.88018	1971.55730
7043.31567	1973.82343
7188.00903	1931.62501
7131.26253	1943.53838
7561.63167	1916.32478
6989.13993	2033.14111
7225.46815	1930.00212
7204.24994	1931.33627
7205.29560	1930.42966
7225.46815	1930.00212
	
NSGA-II_19:	29
7725.64285	1880.78276
7002.13736	2007.21075
7721.95333	1890.04486
7422.41809	1890.20354
7140.48047	1928.14272
7010.90630	1975.97969
7003.01733	2002.03521
7295.73182	1924.03029
7321.39203	1907.97478
7354.13382	1900.20354
7024.85079	1959.92418
7011.78627	1970.80415
7123.19391	1929.33807
7307.44755	1924.03029
7308.79634	1913.15032
7422.41809	1890.20354
7377.96058	1897.97478
7064.79190	1953.16483
7070.18827	1946.97739
7096.02296	1935.91397
7354.13382	1900.20354
7025.73076	1954.74864
7309.67630	1907.97478
7078.73639	1937.10932
7077.85642	1942.28486
7077.85642	1942.28486
7043.01733	1953.55329
7064.79190	1953.16483
7078.73639	1937.10932
	
NSGA-II_20:	70
7754.10498	1901.36349
6844.75746	2091.49897
7717.90781	1904.76773
7497.59263	1913.44372
7034.04913	1933.90775
7405.13510	1914.31856
7624.91816	1905.21514
7375.94629	1918.62952
7126.50666	1933.03291
6853.62095	2073.85965
6866.67146	2031.63840
7295.76306	1919.03992
6846.98149	2076.39603
6855.84498	2058.75671
6868.89549	2016.53546
6860.03199	2034.17478
6857.80797	2049.27772
6901.51936	1984.97655
6906.11993	1970.45284
6897.11013	2001.44303
6897.25644	1988.09216
6878.50047	2014.76451
7163.23595	1930.05610
7211.18331	1928.95661
6947.91997	1946.50298
6856.81353	2057.42256
6888.20609	2005.56814
7534.32191	1910.46691
7016.76256	1935.10310
7571.35525	1909.93650
6941.50871	1953.91789
6910.38285	1967.33723
6915.82556	1961.25647
6920.08848	1958.14086
7003.56685	1939.96326
6938.21434	1955.69935
7582.26927	1909.36742
7137.34151	1932.58560
7508.42747	1912.99642
6959.82221	1943.38737
7599.02372	1907.74465
7236.54563	1925.99968
7219.79118	1927.62246
7736.81841	1902.55885
7236.54563	1925.99968
7624.91816	1905.21514
7387.84853	1915.51391
6986.28028	1941.15861
7278.47649	1920.23527
7145.94938	1931.25145
6959.82221	1943.38737
7163.23595	1930.05610
7253.83220	1924.80433
7517.03534	1911.66226
7534.32191	1910.46691
7034.04913	1933.90775
6977.10878	1942.19202
7004.86032	1938.21871
7253.83220	1924.80433
7266.57425	1923.35088
6861.00055	2032.84063
6847.95004	2075.06188
7295.76306	1919.03992
7607.63159	1906.41049
7728.21053	1903.89300
7269.86861	1921.56942
7379.24065	1916.84806
7590.87715	1908.03327
7497.59263	1913.44372
7126.50666	1933.03291
	
NSGA-II_21:	46
7069.43706	1869.93639
6602.72680	2012.16102
6895.68621	1894.33844
6904.54970	1876.69912
6637.54111	1959.80034
6629.96752	1969.80034
6657.55458	1942.25386
6873.10975	1898.69783
7052.15049	1871.13174
7018.72638	1871.65212
6679.90179	1931.51607
6921.83627	1875.50377
6955.26038	1874.98339
6822.39907	1900.41355
6855.82318	1899.89318
6972.54695	1873.78804
6672.32820	1941.51607
7001.43981	1872.84747
6766.28662	1903.90386
6756.02771	1910.47928
6621.03301	1976.88238
6604.01670	2004.52170
6619.74311	1984.52170
6681.19169	1923.87675
6698.62536	1921.60891
6610.87961	2002.16102
6612.16952	1994.52170
6612.88019	1986.88238
6805.11250	1901.60891
6783.57319	1902.70851
6738.74114	1911.67463
6717.20183	1912.77423
6611.59029	1994.52170
6638.83101	1952.16102
6656.26468	1949.89318
6699.91526	1913.96959
6621.03301	1976.88238
6805.11250	1901.60891
6873.10975	1898.69783
7001.43981	1872.84747
6822.39907	1900.41355
6855.82318	1899.89318
6698.47826	1922.68140
7052.15049	1871.13174
6612.88019	1986.88238
6604.01670	2004.52170
	
NSGA-II_22:	54
7953.42341	1894.60905
6917.74786	2042.15846
7475.43351	1900.46691
7844.26680	1899.43350
6923.51277	2030.44273
6928.80937	1994.08681
6978.80937	1965.80253
6957.53544	1984.46838
6917.74786	2042.15846
7037.84527	1952.21437
7052.99245	1943.93010
7403.22106	1901.66226
7881.21095	1895.80440
7037.84527	1952.21437
7007.53544	1956.18411
6942.38826	1992.75265
6993.95656	1957.51826
6992.38826	1964.46838
6943.95656	1985.80253
7124.06703	1939.56309
7218.42939	1928.46058
7130.06824	1934.02294
7184.29896	1929.19849
7068.71840	1941.63515
7325.06250	1911.28069
7052.99245	1943.93010
7309.33655	1913.57564
7366.27690	1905.29137
7859.99275	1897.13855
7225.40562	1926.04113
7241.13157	1923.74618
7254.68717	1921.76707
7270.41311	1919.47212
7280.05501	1917.84970
7089.93660	1940.30100
7120.13539	1939.70190
7254.68717	1921.76707
7352.72130	1907.27047
7309.33655	1913.57564
7167.01239	1930.39384
7086.00496	1940.43980
7336.99536	1909.56543
6978.80937	1965.80253
7347.48890	1909.56496
7859.99275	1897.13855
7145.79419	1931.72799
7382.00285	1902.99642
7270.41311	1919.47212
7295.78095	1915.55474
7295.78095	1915.55474
6993.95656	1957.51826
7325.06250	1911.28069
7347.48890	1909.56496
7336.99536	1909.56543
	
NSGA-II_23:	46
8065.67755	1919.03980
7220.96037	2210.52948
7256.92563	2103.22593
7252.78350	2135.65234
7921.75454	1933.82689
7852.00617	1933.91984
8024.67250	1923.18194
7935.25172	1925.54262
7223.51994	2183.77917
7227.66207	2151.35276
7224.25371	2176.38735
7630.56181	1986.05565
7649.05955	1970.91581
7402.49336	2022.06795
7757.34743	1951.40048
7814.16164	1950.95318
7576.53598	1986.53282
7293.38259	2074.94166
7324.96310	2062.12680
7476.87342	2013.64698
7481.74529	1997.76387
7370.91286	2034.88281
7541.21477	1991.70836
7722.02622	1956.57603
7449.75036	2021.18798
7288.50613	2090.41107
7366.04099	2050.76593
7365.07243	2052.10008
7683.73581	1957.45600
7502.92436	1992.58833
7649.05955	1970.91581
7662.55674	1962.63154
7306.99421	2067.30234
7270.53724	2095.58661
7465.40981	2017.30611
7449.75036	2021.18798
7381.27858	2032.41904
7267.29135	2100.76215
7838.50898	1942.20411
7228.39585	2143.96094
7287.54217	2092.15892
7475.90486	2014.98114
7242.00746	2136.32162
7238.76157	2141.49717
7384.52447	2027.24349
7303.74832	2072.47788
	
NSGA-II_24:	66
7711.18932	1914.28305
6917.86717	2130.82986
6927.12078	2113.67521
6934.11414	2082.96578
7702.58145	1915.61721
7614.29921	1918.13470
7023.74292	2011.53754
7064.17345	2005.13616
7464.13678	1929.40850
6958.53689	2052.24822
7413.42610	1931.12423
7083.39017	1982.05792
7316.53599	1934.97588
7367.24667	1933.26015
7519.97883	1928.91846
7413.42610	1931.12423
7180.28028	1978.20627
7134.10084	1980.34219
7552.45934	1922.40876
7605.69134	1919.46886
7134.10084	1980.34219
7187.77502	1973.77365
6992.86170	2048.87486
7367.24667	1933.26015
7228.42270	1971.84732
7081.74705	1988.56762
7314.89287	1941.48558
7301.36686	1948.53879
7273.58729	1955.62771
7260.06128	1962.68093
6921.29862	2122.54559
6937.54560	2074.68151
7004.52620	2034.61578
6926.50466	2114.90627
6943.36776	2065.81113
6953.33085	2059.88754
7007.95766	2026.33151
7067.60491	1996.85189
7255.24562	1970.96520
7528.58671	1927.58430
7543.85146	1923.74291
7275.23041	1949.11802
7301.36686	1948.53879
6938.16172	2073.45045
6921.91475	2121.31453
7022.09980	2018.04724
6956.89377	2058.75792
7068.22104	1995.62083
6994.50482	2042.36517
7255.24562	1970.96520
7256.88874	1964.45550
7002.39888	2037.56257
7081.74705	1988.56762
6942.75163	2067.04219
6999.78346	2042.36517
7018.18413	2022.76860
7008.57379	2025.10045
7528.58671	1927.58430
7711.18932	1914.28305
7552.45934	1922.40876
7605.69134	1919.46886
7543.85146	1923.74291
7702.58145	1915.61721
7614.29921	1918.13470
7003.01501	2036.33151
7004.52620	2034.61578
	
NSGA-II_25:	66
7722.42802	1902.81745
6882.26112	2095.11873
7693.13870	1906.95958
7334.05962	1971.88543
7254.45647	1977.36172
7608.28588	1921.10172
7558.37948	1930.79318
7613.63025	1912.88317
6995.77368	2039.23085
7037.74294	2033.37986
7449.58171	1940.85890
7413.46343	1946.70989
6929.44421	2075.57292
6919.83563	2081.42390
6891.70384	2087.47941
7372.65655	1957.53146
7529.09016	1934.93531
7558.37948	1930.79318
7492.97188	1940.78630
7522.26120	1936.64416
7492.97188	1940.78630
6941.90837	2065.63911
7449.58171	1940.85890
7134.91523	2005.05300
6951.35109	2057.99979
7054.10509	2022.72115
7044.66237	2030.36047
7364.89546	1969.37864
7118.35516	2010.81465
7608.28588	1921.10172
7613.63025	1912.88317
7367.31219	1965.75000
7413.46343	1946.70989
7397.92578	1951.81240
7144.35795	1997.41368
7102.81610	2014.23923
7254.45647	1977.36172
7233.87724	1979.78813
7118.35516	2010.81465
6989.09146	2046.09329
7722.42802	1902.81745
7693.13870	1906.95958
6979.48288	2051.94428
6973.86680	2056.80397
7233.87724	1979.78813
7156.51410	1994.98727
7385.33164	1952.76540
7169.62718	1991.69462
7184.64589	1988.93176
7220.76416	1983.08078
7172.48974	1991.35817
7134.91523	2005.05300
6986.33096	2046.87017
7082.23688	2016.66564
7218.33819	1983.21270
7384.81270	1955.10505
7156.51410	1994.98727
7074.68432	2020.29474
7082.23688	2016.66564
7044.66237	2030.36047
7208.60801	1985.50719
7197.75897	1985.63911
7529.09016	1934.93531
7522.26120	1936.64416
7197.75897	1985.63911
7208.60801	1985.50719
	
NSGA-II_26:	68
8166.61186	1889.00441
6977.51321	2166.60162
6984.31485	2143.04880
7635.72223	1912.32589
6985.69833	2066.14801
7957.89651	1906.93247
8019.01107	1894.57179
7069.59672	2007.74696
7585.01155	1914.04162
8115.90118	1890.72014
7287.58862	1954.24886
7236.87794	1955.96459
7538.83212	1916.17754
7488.12144	1917.89327
8166.61186	1889.00441
7374.84556	1943.74425
7538.83212	1916.17754
7178.32060	1972.50569
7147.50682	1977.68123
7478.83900	1924.40297
7999.78748	1902.21111
8069.72175	1892.85606
7178.32060	1972.50569
7221.09268	1970.75856
6990.74242	2051.32355
7412.54114	1938.09092
7388.48660	1942.80306
7221.70881	1969.52750
7059.78214	2009.31609
7342.30716	1944.93898
6983.17342	2150.54611
6987.31096	2059.60782
7488.12144	1917.89327
7289.95336	1953.16440
7087.93496	2001.67677
7314.61588	1946.65471
8007.42680	1899.85043
6983.69872	2144.27985
6978.65463	2159.10431
7445.95992	1928.91373
7235.23482	1962.47429
7054.64184	2020.61287
7038.17768	2024.10318
7119.35401	1985.32055
7036.53456	2030.61287
7010.02486	2031.74250
7145.86370	1984.19093
6994.85573	2045.30541
6991.35855	2050.09250
6987.31096	2059.60782
6980.26726	2152.56412
7006.52768	2036.52958
7036.53456	2030.61287
7115.85682	1990.10764
7291.59648	1946.65471
7054.64184	2020.61287
7056.28496	2014.10318
7114.21370	1996.61734
7004.88456	2043.03928
7443.44085	1929.47019
7434.15153	1933.61233
7097.74954	2000.10764
7119.35401	1985.32055
7056.28496	2014.10318
7006.52768	2036.52958
7010.02486	2031.74250
7115.85682	1990.10764
8007.42680	1899.85043
	
NSGA-II_27:	63
7524.83650	1920.76253
7038.64948	2193.64386
7041.46835	2180.43728
7042.55123	2129.60296
7483.54493	1925.93807
7405.03066	1938.33415
7367.06737	1939.52623
7408.35893	1934.35069
7450.80315	1933.70932
7045.96298	2093.09529
7045.37010	2116.39638
7317.88123	1951.79396
7288.46771	1955.58175
7359.17280	1946.61842
7482.47416	1932.44089
7152.08558	2005.85391
7334.32558	1947.29747
7076.42188	2053.82083
7225.66868	1977.29013
7247.62640	1976.37429
7175.18187	2005.60963
7071.61409	2066.68543
7107.52548	2030.54852
7084.89205	2046.27446
7187.84976	2000.58262
7106.45470	2037.05133
7093.60215	2039.77164
7044.55827	2125.63865
7120.63700	2023.33456
7039.77852	2188.69810
7285.13944	1959.56520
7208.14678	1989.32108
7211.55634	1988.12899
7117.30873	2027.31801
7144.16357	2022.04672
7129.97662	2022.29100
7278.40161	1964.74075
7271.52655	1969.00585
7198.63383	1993.72721
7191.32211	1997.71067
7086.29042	2043.75510
7321.20950	1947.81050
7064.91234	2070.76184
7147.68653	2016.34019
7077.58033	2050.25792
7334.32558	1947.29747
7222.34041	1981.27358
7214.88461	1984.14553
7270.55799	1970.34001
7261.43286	1972.01883
7057.60062	2074.74530
7056.20224	2077.26465
7106.45470	2037.05133
7148.75731	2009.83737
7252.09324	1973.06239
7204.81851	1993.30453
7225.66868	1977.29013
7222.34041	1981.27358
7362.50107	1942.63496
7047.73207	2084.81102
7047.12143	2089.53238
7047.73207	2084.81102
7048.89052	2081.24811
	
NSGA-II_28:	47
7663.16204	1884.50595
7095.47248	2215.05811
7443.16951	1891.23317
7643.71933	1886.28741
7098.54384	2146.28916
7100.76547	2045.43089
7097.81231	2212.83686
7098.38356	2149.20024
7335.91224	1893.52813
7423.72680	1893.01463
7316.46952	1895.30958
7199.21131	1938.24902
7214.48995	1932.32543
7262.95463	1922.14527
7104.70996	2031.28876
7116.55026	2024.26556
7233.93267	1930.54397
7443.16951	1891.23317
7161.48432	1949.96475
7180.92704	1948.18329
7282.90661	1911.16745
7263.46389	1912.94890
7643.71933	1886.28741
7121.65194	2008.28472
7307.19571	1906.93236
7292.52503	1909.45172
7130.42089	1977.05367
7129.91163	1986.25004
7125.08717	2003.33896
7125.59643	1994.14259
7121.14269	2017.48109
7134.36537	1962.91153
7315.96026	1904.50595
7133.85612	1972.10790
7146.20568	1955.88834
7187.37100	1945.27221
7249.18295	1924.78920
7239.51940	1927.09104
7307.19571	1906.93236
7254.19008	1924.57168
7146.20568	1955.88834
7196.17732	1942.42852
7196.17732	1942.42852
7249.18295	1924.78920
7098.54384	2146.28916
7098.38356	2149.20024
7095.47248	2215.05811
	
NSGA-II_29:	59
7796.65576	1911.59487
6935.81245	2111.75690
6966.51596	2090.95354
6972.58177	2054.42480
7753.60588	1918.16341
7641.33204	1919.23419
6987.59015	2035.94288
7387.92122	1941.96956
7289.72126	1943.88982
7015.54843	2016.65356
7552.36545	1921.66060
6949.75694	2095.70139
7630.42146	1920.56835
7445.04498	1936.25050
7515.93373	1934.99910
6986.52625	2038.36928
6973.64566	2051.99839
6936.38109	2111.73042
7075.01065	1988.91968
7213.24245	1966.11170
7060.92329	2000.76733
7219.10031	1957.89316
7415.75566	1940.39264
7288.65736	1946.31623
7445.04498	1936.25050
7030.10951	2005.94288
7059.85939	2003.19374
7176.44537	1969.74081
6950.32558	2095.67490
7232.59750	1949.60888
7088.50783	1980.63541
7260.43194	1948.03196
7175.38147	1972.16721
6965.34123	2090.98003
7415.75566	1940.39264
7387.92122	1941.96956
7260.43194	1948.03196
7529.10332	1926.87351
7785.74518	1912.92902
7145.63160	1974.91635
7119.32161	1975.45987
7147.15605	1973.88294
7088.50783	1980.63541
7116.34227	1979.05849
7759.46375	1914.02128
7016.61233	2014.22715
7029.04561	2008.36928
7521.79160	1930.85697
7119.32161	1975.45987
7546.50758	1925.80273
7547.76003	1922.99475
7641.33204	1919.23419
7754.85833	1915.35543
7289.72126	1943.88982
7175.38147	1972.16721
7060.92329	2000.76733
7176.44537	1969.74081
7059.85939	2003.19374
7754.85833	1915.35543
	
NSGA-II_30:	71
7564.54418	1918.63961
6780.81628	2143.17832
6782.42891	2136.63814
6782.88570	2106.33027
7502.33690	1919.28456
7564.54418	1918.63961
7354.73611	1924.85193
7405.44679	1923.13621
7451.62622	1921.00029
6965.92489	1971.76619
7502.33690	1919.28456
7266.54547	1945.04958
7295.94431	1940.32822
6905.36916	1995.43595
7010.77770	1970.05046
7104.42993	1952.96842
7062.22265	1953.61337
6798.77989	2070.27475
6801.29771	2058.46618
6938.22764	1981.76572
6816.57578	2023.64173
6787.92979	2091.50581
7201.32004	1949.11677
6943.76827	1980.05734
7037.31736	1969.53696
7045.92390	1961.90452
6930.24226	1987.11056
7144.45713	1951.54318
7112.93333	1951.89764
7405.44679	1923.13621
7436.97059	1922.78174
6794.73231	2079.79008
6784.49833	2099.79008
6802.91035	2051.92600
6806.34180	2043.64173
6798.16377	2071.50581
7340.08048	1926.63339
7330.79803	1933.14309
6881.84113	2001.89076
6945.41139	1973.54764
6813.14433	2031.92600
6951.26925	1973.54764
6867.18550	2003.67222
7310.59994	1938.54677
6847.01667	2007.06630
6830.71792	2015.35746
7229.64139	1947.79184
7251.88984	1946.83104
6890.71353	1997.21740
6908.28992	1989.15754
6817.19191	2022.41067
6793.11968	2086.33027
6811.53169	2038.46618
7047.56702	1955.39483
6832.36104	2008.84776
7178.93072	1949.50757
7209.82344	1948.04599
6788.54591	2090.27475
6806.95793	2042.41067
7016.63556	1970.05046
7340.08048	1926.63339
6922.94555	1987.37608
7295.94431	1940.32822
7451.62622	1921.00029
7062.22265	1953.61337
7047.56702	1955.39483
7436.97059	1922.78174
7178.93072	1949.50757
7229.64139	1947.79184
7159.11276	1949.76172
7330.79803	1933.14309
	
Math-AUGMECON-II_1:	21
7186.57996	1857.11826
7160.93810	1857.80549
7126.79597	1857.80549
7103.36451	1857.80549
7098.21044	1859.00084
7051.64190	1859.00084
7023.13586	1860.23189
6980.25134	1860.45677
6615.26131	1932.06589
6611.54283	1936.85986
6599.13207	1938.08233
6578.12702	1944.07164
6559.40345	1953.97880
6544.25626	1966.33948
6518.37424	1977.05382
6518.02146	1999.72026
6515.75018	2006.92190
6491.07592	2026.52041
6486.54017	2038.35827
6482.50592	2050.95314
6481.61040	2083.75139
	
Math-AUGMECON-II_2:	24
6928.52873	1861.65212
6923.45415	1862.88317
6900.02270	1862.88317
6877.81805	1863.36785
6853.87357	1871.65212
6815.81814	1880.54774
6814.84959	1881.88189
6798.30273	1882.84747
6793.67705	1887.05056
6776.39048	1888.24591
6769.11676	1889.58006
6756.79731	1890.54086
6687.41634	1899.79805
6683.69786	1904.59202
6666.41864	1908.60270
6645.41359	1914.59202
6630.40850	1919.70521
6615.26131	1932.06589
6611.54283	1936.85986
6599.13207	1938.08233
6578.12702	1944.07164
6548.99394	1961.17071
6544.25626	1966.33948
6518.37424	1977.05382
	
Math-AUGMECON-II_3:	7
7743.73323	1852.46263
6515.75018	2006.92190
6509.42123	2023.02079
6491.07592	2026.52041
6486.54017	2038.35827
6482.50592	2050.95314
6481.61040	2083.75139
	
Math-AUGMECON-II_4:	12
7748.16974	1852.46263
7544.73825	1852.46263
7333.12459	1854.46698
7309.69313	1854.46698
7186.57996	1857.11826
6518.37424	1977.05382
6518.02146	1999.72026
6515.75018	2006.92190
6491.07592	2026.52041
6486.54017	2038.35827
6482.50592	2050.95314
6481.61040	2083.75139
	
Math-AUGMECON-II_5:	17
7544.73828	1852.46263
7333.12459	1854.46698
7309.69313	1854.46698
7298.66569	1856.99649
7186.57996	1857.11826
6599.13207	1938.08233
6578.12702	1944.07164
6559.40345	1953.97880
6557.60182	1959.83656
6544.25626	1966.33948
6543.97318	1973.91296
6518.37424	1977.05382
6518.02146	1999.72026
6515.75018	2006.92190
6509.42123	2023.02079
6491.07592	2026.52041
6482.50592	2050.95314
	
Math-AUGMECON-II_6:	7
7743.73323	1852.46263
7635.44896	1852.46263
7544.73828	1852.46263
7407.65954	1854.46698
6486.54017	2038.35827
6482.50592	2050.95314
6481.61040	2083.75139
	
Math-AUGMECON-II_7:	11
7544.73828	1852.46263
7413.83526	1854.46698
7356.26206	1854.46698
7309.69319	1854.46698
7186.57996	1857.11826
6515.75018	2006.92190
6509.42123	2023.02079
6491.07592	2026.52041
6486.54017	2038.35827
6482.50592	2050.95314
6481.61040	2083.75139
	
Math-AUGMECON-II_8:	6
7544.73828	1852.46263
7413.83526	1854.46698
6518.37424	1977.05382
6515.75018	2006.92190
6491.07592	2026.52041
6481.61040	2083.75139
	
Math-AUGMECON-II_9:	12
7407.65954	1854.46698
7361.09100	1854.46698
7309.69313	1854.46698
7298.66569	1856.99649
7240.98346	1857.11826
7186.57996	1857.11826
6544.25626	1966.33948
6543.97318	1973.91296
6518.37424	1977.05382
6515.75018	2006.92190
6486.54017	2038.35827
6482.50592	2050.95314
	
Math-AUGMECON-II_10:	12
7361.09100	1854.46698
7309.69313	1854.46698
7186.57996	1857.11826
7154.76238	1857.80549
6626.69002	1924.49918
6619.99899	1926.89712
6599.13207	1938.08233
6578.12702	1944.07164
6559.40345	1953.97880
6557.60182	1959.83656
6544.25626	1966.33948
6518.37424	1977.05382
	
Math-AUGMECON-II_11:	9
7635.44872	1852.46263
7544.73828	1852.46263
7309.69296	1854.46698
6515.75018	2006.92190
6509.42123	2023.02079
6491.07592	2026.52041
6486.54017	2038.35827
6482.50592	2050.95314
6481.61040	2083.75139
	
Math-AUGMECON-II_12:	13
7413.83511	1854.46698
7361.09100	1854.46698
7309.69313	1854.46698
7298.66569	1856.99649
7244.15356	1857.11826
7103.36451	1857.80549
6518.37424	1977.05382
6518.02146	1999.72026
6515.75018	2006.92190
6509.42123	2023.02079
6498.76949	2024.89763
6491.07592	2026.52041
6486.54017	2038.35827
	
Math-AUGMECON-II_13:	7
7003.68280	1860.45677
6980.25134	1860.45677
6928.52873	1861.65212
6599.13207	1938.08233
6578.12702	1944.07164
6519.34279	1975.71967
6518.02146	1999.72026
	
Math-AUGMECON-II_14:	7
7309.69313	1854.46698
7298.66569	1856.99649
7240.98346	1857.11826
7186.57996	1857.11826
6544.25626	1966.33948
6518.37424	1977.05382
6515.75018	2006.92190
	
Math-AUGMECON-II_15:	14
7544.73828	1852.46263
7309.69313	1854.46698
7240.98346	1857.11826
7186.57996	1857.11826
7103.36451	1857.80549
6559.40345	1953.97880
6557.60182	1959.83656
6548.99394	1961.17071
6544.25626	1966.33948
6518.37424	1977.05382
6515.75018	2006.92190
6509.42123	2023.02079
6482.50592	2050.95314
6481.61040	2083.75139
	
Math-AUGMECON-II_16:	16
7356.26167	1854.46698
7309.69313	1854.46698
7186.57996	1857.11826
7103.36451	1857.80549
7063.62053	1859.00084
7023.13586	1860.23189
6980.25134	1860.45677
6928.52873	1861.65212
6518.37424	1977.05382
6518.02146	1999.72026
6515.75018	2006.92190
6498.76949	2024.89763
6491.49577	2026.23178
6486.54017	2038.35827
6482.50592	2050.95314
6481.61039	2083.75135
	
Math-AUGMECON-II_17:	16
7367.26672	1854.46698
7244.15356	1857.11826
7210.01142	1857.11826
7186.57996	1857.11826
7103.36451	1857.80549
7051.64190	1859.00084
6626.69002	1924.49918
6615.26131	1932.06589
6599.13207	1938.08233
6578.12702	1944.07164
6559.40345	1953.97880
6548.99394	1961.17071
6518.37424	1977.05382
6515.75018	2006.92190
6491.07592	2026.52041
6486.54017	2038.35827
	
Math-AUGMECON-II_18:	16
7658.88042	1852.46263
7544.73828	1852.46263
7309.69313	1854.46698
7186.57996	1857.11826
7149.93305	1857.80549
7103.36451	1857.80549
6599.13207	1938.08233
6578.12702	1944.07164
6559.40345	1953.97880
6548.99394	1961.17071
6544.25626	1966.33948
6518.37424	1977.05382
6518.02146	1999.72026
6498.76949	2024.89763
6491.07592	2026.52041
6486.54017	2038.35827
	
Math-AUGMECON-II_19:	16
7544.73828	1852.46263
7361.09100	1854.46698
7309.69313	1854.46698
7298.66569	1856.99649
7186.57996	1857.11826
7103.36451	1857.80549
7051.64190	1859.00084
6611.54283	1936.85986
6599.13207	1938.08233
6578.12702	1944.07164
6559.40345	1953.97880
6557.60182	1959.83656
6544.25626	1966.33948
6519.34279	1975.71967
6518.02146	1999.72026
6515.75018	2006.92190
	
Math-AUGMECON-II_20:	18
7544.73828	1852.46263
7361.09100	1854.46698
7240.98375	1857.11826
7186.57996	1857.11826
7103.36451	1857.80549
6615.26131	1932.06589
6599.13207	1938.08233
6578.12702	1944.07164
6559.40345	1953.97880
6548.99394	1961.17071
6544.25626	1966.33948
6518.37424	1977.05382
6518.02146	1999.72026
6515.75018	2006.92190
6491.07592	2026.52041
6486.54017	2038.35827
6482.50592	2050.95314
6481.61040	2083.75139
	
Math-AUGMECON-II_21:	24
7051.64190	1859.00084
6980.25134	1860.45677
6928.52873	1861.65212
6900.02270	1862.88317
6877.81805	1863.36785
6839.53378	1873.36785
6815.81814	1880.54774
6798.30273	1882.84747
6776.39048	1888.24591
6756.79731	1890.54086
6746.07975	1894.03116
6738.12702	1898.08233
6716.41864	1898.60270
6649.13207	1909.79805
6630.40850	1919.70521
6619.99899	1926.89712
6599.13207	1938.08233
6578.12702	1944.07164
6559.40345	1953.97880
6544.25626	1966.33948
6519.34279	1975.71967
6518.37424	1977.05382
6518.02146	1999.72026
6515.75018	2006.92190
	
Math-AUGMECON-II_22:	15
7680.27828	1852.46263
7465.23313	1854.46698
7309.69313	1854.46698
7298.66569	1856.99649
7186.57996	1857.11826
6619.99899	1926.89712
6616.28051	1931.69109
6615.26131	1932.06589
6599.13207	1938.08233
6578.12702	1944.07164
6559.40345	1953.97880
6548.99394	1961.17071
6518.37424	1977.05382
6491.07592	2026.52041
6486.54017	2038.35827
	
Math-AUGMECON-II_23:	8
7612.99906	1852.46263
7544.73828	1852.46263
7309.69313	1854.46698
6515.75018	2006.92190
6491.07592	2026.52041
6486.54017	2038.35827
6482.50592	2050.95314
6481.61040	2083.75139
	
Math-AUGMECON-II_24:	15
7544.73828	1852.46263
7309.69313	1854.46698
7298.66569	1856.99649
7244.15356	1857.11826
7186.57996	1857.11826
7126.79597	1857.80549
6518.37424	1977.05382
6518.02146	1999.72026
6515.75018	2006.92190
6498.76949	2024.89763
6491.49577	2026.23178
6491.07592	2026.52041
6486.54017	2038.35827
6482.50592	2050.95314
6481.61040	2083.75139
	
Math-AUGMECON-II_25:	14
7635.44896	1852.46263
7544.73828	1852.46263
7407.65954	1854.46698
7361.09100	1854.46698
7309.69313	1854.46698
7240.98346	1857.11826
7186.57996	1857.11826
6518.37424	1977.05382
6518.02146	1999.72026
6515.75018	2006.92190
6491.07592	2026.52041
6486.54017	2038.35827
6482.50592	2050.95314
6481.61040	2083.75139
	
Math-AUGMECON-II_26:	15
7635.44896	1852.46263
7544.73828	1852.46263
7413.83526	1854.46698
7309.69313	1854.46698
7186.57996	1857.11826
7160.93813	1857.80549
7103.36451	1857.80549
6518.37424	1977.05382
6518.02146	1999.72026
6515.75018	2006.92190
6509.42123	2023.02079
6491.07592	2026.52041
6486.54017	2038.35827
6482.50592	2050.95314
6481.61040	2083.75139
	
Math-AUGMECON-II_27:	12
7333.12459	1854.46698
7309.69313	1854.46698
7244.15385	1857.11826
7210.01142	1857.11826
7186.57996	1857.11826
6518.02146	1999.72026
6515.75018	2006.92190
6509.42123	2023.02079
6491.07592	2026.52041
6486.54017	2038.35827
6482.50592	2050.95314
6481.61040	2083.75139
	
Math-AUGMECON-II_28:	18
7589.56761	1852.46263
7361.09100	1854.46698
7309.69313	1854.46698
7298.66569	1856.99649
7240.98346	1857.11826
7186.57996	1857.11826
6578.12702	1944.07164
6559.40345	1953.97880
6548.99394	1961.17071
6544.25626	1966.33948
6519.34279	1975.71967
6518.37424	1977.05382
6518.02146	1999.72026
6515.75018	2006.92190
6509.42123	2023.02079
6491.07592	2026.52041
6486.54017	2038.35827
6481.76864	2087.80120
	
Math-AUGMECON-II_29:	14
7544.73828	1852.46263
7367.26660	1854.46698
7240.98346	1857.11826
7186.57996	1857.11826
7160.93810	1857.80549
6544.25626	1966.33948
6543.97318	1973.91296
6518.37424	1977.05382
6518.02146	1999.72026
6515.75018	2006.92190
6491.07592	2026.52041
6486.54017	2038.35827
6482.50592	2050.95314
6481.61040	2083.75139
	
Math-AUGMECON-II_30:	17
7544.73828	1852.46263
7407.65954	1854.46698
7309.69313	1854.46698
7244.15371	1857.11826
7186.57996	1857.11826
7103.36451	1857.80549
7051.64190	1859.00084
7023.13586	1860.23189
6544.25626	1966.33948
6518.37424	1977.05382
6518.02146	1999.72026
6515.75018	2006.92190
6509.42123	2023.02079
6491.07592	2026.52041
6486.54017	2038.35827
6482.50592	2050.95314
6481.61040	2083.75139