param n=50;
param m=4;
param K = 20;
param Q = 60;
param L =27;
param HC:= 
1 240.385
2 240.438
3 178.919
4 198.661;

param o:
	1	2	3	4	5	6	7	8	9	10	11	12	13	14	15	16	17	18	19	20	21	22	23	24	25	26	27	28	29	30	31	32	33	34	35	36	37	38	39	40	41	42	43	44	45	46	47	48	49	50:=
1	196.977156	110	128.0624847	152.6433752	98.48857802	114.0175425	100.4987562	36.05551275	152.6433752	148.6606875	156.2049935	94.86832981	50.99019514	160.3121954	172.626765	78.10249676	100	36.05551275	76.15773106	94.33981132	123.6931688	85.44003745	120.4159458	104.4030651	67.08203932	144.222051	70.71067812	89.4427191	131.5294644	78.10249676	192.3538406	148.6606875	136.0147051	30	104.4030651	58.30951895	67.08203932	50	180.2775638	141.4213562	56.56854249	152.6433752	106.3014581	125.2996409	85.44003745	133.4166406	136.0147051	70.71067812	42.42640687	133.4166406
2	170	140	152.6433752	170.2938637	126.4911064	110	70.71067812	20	178.8854382	120.8304597	138.9244399	123.6931688	53.85164807	130.3840481	143.1782106	102.9563014	125.2996409	58.30951895	70	82.46211251	120	114.0175425	142.126704	133.4166406	94.86832981	120.4159458	41.23105626	117.0469991	161.245155	63.2455532	162.788206	120.8304597	113.137085	42.42640687	100	50	60	31.6227766	150.3329638	111.8033989	80.62257748	139.2838828	130.3840481	114.0175425	58.30951895	130	161.245155	94.33981132	30	143.1782106
3	123.6931688	263.0589288	277.3084925	286.0069929	240	192.0937271	70.71067812	121.6552506	282.8427125	90.55385138	167.6305461	240.208243	140.3566885	31.6227766	22.36067977	210.2379604	230.8679276	170.2938637	123.6931688	156.2049935	200	240.4163056	264.1968963	250.1999201	210.2379604	123.6931688	94.33981132	230	286.3564213	141.4213562	41.23105626	14.14213562	126.4911064	150.3329638	184.3908891	150	156.2049935	110.4536102	58.30951895	22.36067977	206.1552813	183.8477631	254.9509757	174.9285568	98.99494937	208.0865205	286.3564213	219.317122	120.4159458	247.5883681
4	50	252.9822128	230	215.8703314	250.5992817	104.4030651	76.15773106	141.4213562	305.2867504	31.6227766	50	245.9674775	176.9180601	94.86832981	117.0469991	230.2172887	252.3885893	186.0107524	180.2775638	80	107.7032961	215.8703314	210.2379604	254.9509757	219.544984	10	92.19544457	241.8677324	266.8332813	82.46211251	125.2996409	130.3840481	20	170.2938637	101.9803903	104.4030651	101.9803903	142.126704	86.02325267	100.4987562	174.642492	70.71067812	210.2379604	76.15773106	70.71067812	111.8033989	240	182.4828759	148.6606875	167.6305461;

param cost:
	1	2	3	4	5	6	7	8	9	10	11	12	13	14	15	16	17	18	19	20	21	22	23	24	25	26	27	28	29	30	31	32	33	34	35	36	37	38	39	40	41	42	43	44	45	46	47	48	49	50:=
1	0	300.8321791	280	264.7640459	295.4657341	152.9705854	106.3014581	180.2775638	348.8552709	50	89.4427191	291.5475947	214.0093456	92.19544457	110.4536102	272.9468813	295.2964612	228.2542442	212.1320344	130	155.241747	264.7640459	260.1922366	300.8321791	264.0075756	60	130.3840481	286.3564213	315.7530681	131.5294644	110.4536102	136.0147051	70	210.9502311	151.3274595	152.9705854	151.3274595	178.0449381	70	107.7032961	223.6067977	111.8033989	260.1922366	123.6931688	111.8033989	158.113883	290	231.9482701	186.0107524	215.8703314
2	300.8321791	0	80.62257748	133.4166406	44.72135955	178.0449381	210.2379604	141.4213562	82.46211251	254.9509757	241.8677324	36.05551275	130	270.1851217	281.6025568	70.71067812	67.08203932	94.86832981	156.5247584	178.8854382	184.3908891	42.42640687	94.86832981	31.6227766	58.30951895	243.5159132	180.2775638	50	28.28427125	170.8800749	301.4962686	254.9509757	234.0939982	114.0175425	172.0465053	148.6606875	152.3154621	152.9705854	290.1723626	250.7987241	80.62257748	230.2172887	76.15773106	202.4845673	192.3538406	191.0497317	80	78.10249676	143.1782106	152.6433752
3	280	80.62257748	0	53.85164807	120.4159458	133.4166406	211.896201	164.0121947	162.788206	241.8677324	203.9607805	110.4536102	170.2938637	275.1363298	291.5475947	136.0147051	141.4213562	136.0147051	198.4943324	150	136.0147051	53.85164807	22.36067977	110	117.0469991	220	183.8477631	121.6552506	67.08203932	151.3274595	310.1612484	272.9468813	210	148.6606875	131.5294644	133.4166406	131.5294644	178.0449381	288.6173938	260	72.11102551	186.8154169	22.36067977	162.788206	186.8154169	139.2838828	10	58.30951895	170.2938637	86.02325267
4	264.7640459	133.4166406	53.85164807	0	170.2938637	111.8033989	216.3330765	186.0107524	215.8703314	234.0939982	180.2775638	160.3121954	201.246118	277.8488798	296.8164416	181.1077028	190	170.8800749	228.2542442	139.2838828	110.4536102	100	40	161.245155	161.245155	206.1552813	192.0937271	170	120.8304597	147.6482306	313.8470965	284.2534081	196.468827	178.8854382	114.0175425	136.0147051	130.3840481	200	286.3564213	266.2705391	98.48857802	160	60	141.4213562	188.6796226	110	58.30951895	85.44003745	194.1648784	50
5	295.4657341	44.72135955	120.4159458	170.2938637	0	192.0937271	196.468827	121.6552506	56.56854249	246.9817807	248.394847	10	100.4987562	251.7935662	260.1922366	31.6227766	22.36067977	70.71067812	123.6931688	184.3908891	200	70.71067812	130.3840481	14.14213562	31.6227766	241.8677324	167.6305461	10	72.11102551	172.0465053	280.1785145	230.2172887	233.2380758	90.55385138	184.3908891	150	156.2049935	130.3840481	274.5906044	230.8679276	94.33981132	240.4163056	110.4536102	212.1320344	183.8477631	208.0865205	121.6552506	98.48857802	120.4159458	180.2775638
6	152.9705854	178.0449381	133.4166406	111.8033989	192.0937271	0	122.0655562	130	248.394847	125.2996409	70.71067812	184.3908891	161.245155	176.9180601	197.9898987	183.5755975	202.4845673	148.6606875	180	36.05551275	10	136.0147051	111.8033989	191.0497317	166.4331698	94.86832981	107.7032961	186.0107524	183.5755975	53.85164807	212.6029163	194.1648784	85.44003745	143.1782106	10	60	50	140.3566885	180.2775638	170.2938637	98.99494937	53.85164807	117.0469991	30	94.33981132	20	143.1782106	100	140	63.2455532
7	106.3014581	210.2379604	211.896201	216.3330765	196.468827	122.0655562	0	76.15773106	246.9817807	56.56854249	110	194.1648784	108.1665383	63.2455532	80.62257748	170.8800749	193.1320792	126.4911064	106.3014581	86.02325267	130.3840481	181.1077028	196.977156	203.9607805	164.924225	72.80109889	30	186.8154169	230.2172887	70.71067812	98.48857802	72.11102551	70.71067812	107.7032961	114.0175425	80.62257748	86.02325267	72.11102551	80	50	143.1782106	121.6552506	189.7366596	107.7032961	28.28427125	138.9244399	221.3594362	155.241747	80.62257748	176.9180601
8	180.2775638	141.4213562	164.0121947	186.0107524	121.6552506	130	76.15773106	0	170.8800749	130.3840481	156.5247584	120.4159458	36.05551275	130.3840481	140.3566885	94.86832981	117.0469991	50.99019514	50	101.9803903	140	120.8304597	155.5634919	130.3840481	90.55385138	134.5362405	50	111.8033989	164.924225	82.46211251	160.3121954	114.0175425	128.0624847	31.6227766	120	70	80	14.14213562	152.9705854	110	92.19544457	158.113883	142.126704	133.4166406	70.71067812	150	172.0465053	106.3014581	10	161.5549442
9	348.8552709	82.46211251	162.788206	215.8703314	56.56854249	248.394847	246.9817807	170.8800749	0	299.6664813	304.7950131	64.03124237	143.1782106	298.3286778	304.1381265	76.15773106	53.85164807	120.8304597	160.3121954	240.8318916	256.1249695	120.8304597	177.2004515	58.30951895	86.02325267	296.8164416	219.317122	64.03124237	100	228.035085	323.8826948	271.6615541	288.444102	139.2838828	240.8318916	206.1552813	212.6029163	177.2004515	322.8002478	276.5863337	150	296.9848481	158.113883	268.7005769	237.0653918	264.0075756	161.245155	152.6433752	167.6305461	232.594067
10	50	254.9509757	241.8677324	234.0939982	246.9817807	125.2996409	56.56854249	130.3840481	299.6664813	0	80.62257748	243.5159132	164.0121947	63.2455532	85.44003745	223.6067977	245.9674775	178.8854382	162.788206	94.86832981	130.3840481	220.9072203	223.6067977	252.9822128	215.4065923	36.05551275	80.62257748	237.6972865	271.6615541	90.55385138	94.33981132	100	42.42640687	161.245155	120.8304597	110	110.4536102	128.0624847	56.56854249	70	180.2775638	100	220.9072203	100	63.2455532	136.0147051	251.7935662	190	136.0147051	187.8829423
11	89.4427191	241.8677324	203.9607805	180.2775638	248.394847	70.71067812	110	156.5247584	304.7950131	80.62257748	0	242.0743687	192.3538406	143.1782106	165.5294536	233.4523506	254.5584412	192.0937271	202.4845673	64.03124237	70	201.246118	182.4828759	250	219.317122	44.72135955	114.0175425	240.8318916	250.7987241	78.10249676	174.9285568	174.642492	41.23105626	180.2775638	72.80109889	98.99494937	92.19544457	161.5549442	136.0147051	145.6021978	161.245155	22.36067977	186.8154169	41.23105626	92.19544457	70.71067812	213.7755833	165.5294536	165.5294536	130.3840481
12	291.5475947	36.05551275	110.4536102	160.3121954	10	184.3908891	194.1648784	120.4159458	64.03124237	243.5159132	242.0743687	0	101.9803903	250.7987241	260	36.05551275	31.6227766	70	126.4911064	178.0449381	192.0937271	60.8276253	120.4159458	10	30	237.0653918	164.924225	14.14213562	64.03124237	166.4331698	280	230.8679276	228.2542442	90	176.9180601	144.222051	150	130	272.9468813	230.2172887	86.02325267	233.4523506	100.4987562	205.1828453	180.2775638	200	111.8033989	89.4427191	120	170.8800749
13	214.0093456	130	170.2938637	201.246118	100.4987562	161.245155	108.1665383	36.05551275	143.1782106	164.0121947	192.3538406	101.9803903	0	155.241747	161.245155	70	90.55385138	36.05551275	28.28427125	136.0147051	171.1724277	120.4159458	166.4331698	111.8033989	72.80109889	170.2938637	84.85281374	90.55385138	156.5247584	117.0469991	181.1077028	130	164.0121947	22.36067977	151.3274595	101.9803903	111.8033989	36.05551275	180.2775638	133.4166406	102.9563014	193.1320792	150	167.6305461	106.3014581	181.1077028	176.9180601	116.6190379	28.28427125	184.3908891
14	92.19544457	270.1851217	275.1363298	277.8488798	251.7935662	176.9180601	63.2455532	130.3840481	298.3286778	63.2455532	143.1782106	250.7987241	155.241747	0	22.36067977	223.6067977	245.1530134	181.1077028	143.1782106	142.126704	183.8477631	243.3105012	260	260.7680962	220.9072203	98.48857802	92.19544457	241.8677324	291.5475947	130.3840481	36.05551275	44.72135955	102.9563014	161.245155	170.2938637	143.1782106	147.6482306	121.6552506	28.28427125	22.36067977	206.1552813	161.245155	252.9822128	156.2049935	89.4427191	191.0497317	284.6049894	218.4032967	131.5294644	236.0084744
15	110.4536102	281.6025568	291.5475947	296.8164416	260.1922366	197.9898987	80.62257748	140.3566885	304.1381265	85.44003745	165.5294536	260	161.245155	22.36067977	0	230.8679276	251.7935662	190	145.6021978	162.788206	205.1828453	257.0992026	277.3084925	270	230	120.8304597	107.7032961	250.1999201	304.1381265	150	20	36.05551275	125.2996409	170	191.0497317	161.245155	166.4331698	130	41.23105626	31.6227766	221.3594362	183.5755975	269.2582404	178.0449381	108.1665383	212.6029163	300.8321791	234.0939982	140	256.1249695
16	272.9468813	70.71067812	136.0147051	181.1077028	31.6227766	183.5755975	170.8800749	94.86832981	76.15773106	223.6067977	233.4523506	36.05551275	70	223.6067977	230.8679276	0	22.36067977	44.72135955	92.19544457	170.2938637	192.3538406	82.46211251	141.4213562	44.72135955	20	222.0360331	143.1782106	22.36067977	98.99494937	155.5634919	250.7987241	200	214.0093456	63.2455532	174.9285568	134.5362405	142.126704	101.9803903	247.3863375	202.2374842	92.19544457	228.035085	121.6552506	200	161.245155	201.246118	139.2838828	100.4987562	92.19544457	182.4828759
17	295.2964612	67.08203932	141.4213562	190	22.36067977	202.4845673	193.1320792	117.0469991	53.85164807	245.9674775	254.5584412	31.6227766	90.55385138	245.1530134	251.7935662	22.36067977	0	67.08203932	110.4536102	191.0497317	210.9502311	90	150	36.05551275	36.05551275	244.1311123	165.5294536	20	94.33981132	176.9180601	271.6615541	220.2271555	236.0084744	85.44003745	194.1648784	155.5634919	162.788206	123.6931688	269.2582404	223.6067977	107.7032961	248.394847	130	220.2271555	183.5755975	219.544984	143.1782106	114.0175425	114.0175425	196.468827
18	228.2542442	94.86832981	136.0147051	170.8800749	70.71067812	148.6606875	126.4911064	50.99019514	120.8304597	178.8854382	192.0937271	70	36.05551275	181.1077028	190	44.72135955	67.08203932	0	64.03124237	130.3840481	158.113883	84.85281374	134.1640786	80	40	178.0449381	98.48857802	60.8276253	120.8304597	114.0175425	210	161.245155	170.2938637	20	139.2838828	94.33981132	102.9563014	60	203.9607805	160.3121954	72.80109889	188.6796226	116.6190379	161.245155	116.6190379	167.6305461	142.126704	85.44003745	50	160.3121954
19	212.1320344	156.5247584	198.4943324	228.2542442	123.6931688	180	106.3014581	50	160.3121954	162.788206	202.4845673	126.4911064	28.28427125	143.1782106	145.6021978	92.19544457	110.4536102	64.03124237	0	151.3274595	190	148.6606875	194.1648784	136.0147051	98.48857802	174.9285568	89.4427191	114.0175425	183.5755975	131.5294644	164.924225	111.8033989	170	50	170	120	130	41.23105626	170	120.8304597	130.3840481	206.1552813	178.0449381	182.4828759	111.8033989	200	205.1828453	144.222051	40	208.8061302
20	130	178.8854382	150	139.2838828	184.3908891	36.05551275	86.02325267	101.9803903	240.8318916	94.86832981	64.03124237	178.0449381	136.0147051	142.126704	162.788206	170.2938637	191.0497317	130.3840481	151.3274595	0	44.72135955	139.2838828	130.3840481	186.0107524	155.5634919	70	72.80109889	176.9180601	189.7366596	20	178.0449381	158.113883	60	120.8304597	28.28427125	36.05551275	28.28427125	110.4536102	147.6482306	134.5362405	98.48857802	58.30951895	130.3840481	31.6227766	58.30951895	53.85164807	160	104.4030651	111.8033989	94.33981132
21	155.241747	184.3908891	136.0147051	110.4536102	200	10	130.3840481	140	256.1249695	130.3840481	70	192.0937271	171.1724277	183.8477631	205.1828453	192.3538406	210.9502311	158.113883	190	44.72135955	0	142.126704	114.0175425	198.4943324	174.9285568	98.48857802	117.0469991	194.1648784	188.6796226	63.2455532	219.317122	202.4845673	89.4427191	152.9705854	20	70	60	150.3329638	186.0107524	178.0449381	106.3014581	50.99019514	120.8304597	31.6227766	102.9563014	10	145.6021978	106.3014581	150	60.8276253
22	264.7640459	42.42640687	53.85164807	100	70.71067812	136.0147051	181.1077028	120.8304597	120.8304597	220.9072203	201.246118	60.8276253	120.4159458	243.3105012	257.0992026	82.46211251	90	84.85281374	148.6606875	139.2838828	142.126704	0	60	63.2455532	63.2455532	206.1552813	151.3274595	70	50.99019514	133.4166406	276.5863337	234.0939982	196.468827	100	130.3840481	111.8033989	114.0175425	134.1640786	260.7680962	225.6102835	41.23105626	188.6796226	40	161.245155	160	148.6606875	58.30951895	36.05551275	125.2996409	111.8033989
23	260.1922366	94.86832981	22.36067977	40	130.3840481	111.8033989	196.977156	155.5634919	177.2004515	223.6067977	182.4828759	120.4159458	166.4331698	260	277.3084925	141.4213562	150	134.1640786	194.1648784	130.3840481	114.0175425	60	0	121.6552506	121.6552506	200.2498439	170	130	86.02325267	133.4166406	295.4657341	260.7680962	190.2629759	144.222051	110.4536102	117.0469991	114.0175425	169.7056275	272.0294102	245.9674775	64.03124237	164.924225	20	141.4213562	170.8800749	117.0469991	31.6227766	50	162.788206	64.03124237
24	300.8321791	31.6227766	110	161.245155	14.14213562	191.0497317	203.9607805	130.3840481	58.30951895	252.9822128	250	10	111.8033989	260.7680962	270	44.72135955	36.05551275	80	136.0147051	186.0107524	198.4943324	63.2455532	121.6552506	0	40	245.9674775	174.642492	22.36067977	58.30951895	174.9285568	290	240.8318916	237.0653918	100	183.8477631	152.6433752	158.113883	140	282.8427125	240.208243	92.19544457	240.8318916	101.9803903	212.6029163	189.7366596	206.1552813	110.4536102	94.33981132	130	174.642492
25	264.0075756	58.30951895	117.0469991	161.245155	31.6227766	166.4331698	164.924225	90.55385138	86.02325267	215.4065923	219.317122	30	72.80109889	220.9072203	230	20	36.05551275	40	98.48857802	155.5634919	174.9285568	63.2455532	121.6552506	40	0	210.9502311	136.0147051	22.36067977	86.02325267	142.126704	250	200.9975124	202.4845673	60	158.113883	120.4159458	127.2792206	100	243.3105012	200.2498439	72.80109889	212.6029163	101.9803903	184.3908891	152.3154621	183.5755975	120.8304597	80.62257748	90	162.788206
26	60	243.5159132	220	206.1552813	241.8677324	94.86832981	72.80109889	134.5362405	296.8164416	36.05551275	44.72135955	237.0653918	170.2938637	98.48857802	120.8304597	222.0360331	244.1311123	178.0449381	174.9285568	70	98.48857802	206.1552813	200.2498439	245.9674775	210.9502311	0	86.02325267	233.2380758	257.0992026	72.80109889	130.3840481	131.5294644	10	162.788206	92.19544457	94.86832981	92.19544457	136.0147051	92.19544457	101.9803903	164.924225	64.03124237	200.2498439	67.08203932	64.03124237	102.9563014	230	172.626765	142.126704	158.113883
27	130.3840481	180.2775638	183.8477631	192.0937271	167.6305461	107.7032961	30	50	219.317122	80.62257748	114.0175425	164.924225	84.85281374	92.19544457	107.7032961	143.1782106	165.5294536	98.48857802	89.4427191	72.80109889	117.0469991	151.3274595	170	174.642492	136.0147051	86.02325267	0	158.113883	200.2498439	53.85164807	126.4911064	92.19544457	80.62257748	80.62257748	98.48857802	56.56854249	64.03124237	50	110	76.15773106	114.0175425	120.4159458	161.5549442	100.4987562	22.36067977	126.4911064	193.1320792	126.4911064	56.56854249	156.2049935
28	286.3564213	50	121.6552506	170	10	186.0107524	186.8154169	111.8033989	64.03124237	237.6972865	240.8318916	14.14213562	90.55385138	241.8677324	250.1999201	22.36067977	20	60.8276253	114.0175425	176.9180601	194.1648784	70	130	22.36067977	22.36067977	233.2380758	158.113883	0	78.10249676	164.0121947	270.1851217	220.2271555	224.7220505	80.62257748	178.0449381	142.126704	148.6606875	120.4159458	264.7640459	220.9072203	89.4427191	233.4523506	110	205.1828453	174.642492	202.4845673	123.6931688	94.86832981	110.4536102	177.2004515
29	315.7530681	28.28427125	67.08203932	120.8304597	72.11102551	183.5755975	230.2172887	164.924225	100	271.6615541	250.7987241	64.03124237	156.5247584	291.5475947	304.1381265	98.99494937	94.33981132	120.8304597	183.5755975	189.7366596	188.6796226	50.99019514	86.02325267	58.30951895	86.02325267	257.0992026	200.2498439	78.10249676	0	184.3908891	323.8826948	278.9265136	247.3863375	139.2838828	178.8854382	162.788206	164.924225	177.2004515	310.1612484	272.9468813	92.19544457	237.0653918	70.71067812	210.2379604	210.2379604	194.1648784	63.2455532	85.44003745	167.6305461	148.6606875
30	131.5294644	170.8800749	151.3274595	147.6482306	172.0465053	53.85164807	70.71067812	82.46211251	228.035085	90.55385138	78.10249676	166.4331698	117.0469991	130.3840481	150	155.5634919	176.9180601	114.0175425	131.5294644	20	63.2455532	133.4166406	133.4166406	174.9285568	142.126704	72.80109889	53.85164807	164.0121947	184.3908891	0	166.4331698	142.126704	63.2455532	102.9563014	44.72135955	22.36067977	20	90.55385138	139.2838828	120.4159458	92.19544457	76.15773106	130.3840481	50.99019514	42.42640687	72.80109889	161.245155	100.4987562	92.19544457	106.3014581
31	110.4536102	301.4962686	310.1612484	313.8470965	280.1785145	212.6029163	98.48857802	160.3121954	323.8826948	94.33981132	174.9285568	280	181.1077028	36.05551275	20	250.7987241	271.6615541	210	164.924225	178.0449381	219.317122	276.5863337	295.4657341	290	250	130.3840481	126.4911064	270.1851217	323.8826948	166.4331698	0	53.85164807	136.0147051	190	206.1552813	178.8854382	183.5755975	150	41.23105626	50.99019514	240.4163056	194.1648784	287.923601	191.0497317	125.2996409	226.27417	319.5309062	252.9822128	160	272.0294102
32	136.0147051	254.9509757	272.9468813	284.2534081	230.2172887	194.1648784	72.11102551	114.0175425	271.6615541	100	174.642492	230.8679276	130	44.72135955	36.05551275	200	220.2271555	161.245155	111.8033989	158.113883	202.4845673	234.0939982	260.7680962	240.8318916	200.9975124	131.5294644	92.19544457	220.2271555	278.9265136	142.126704	53.85164807	0	133.4166406	141.4213562	186.0107524	148.6606875	155.5634919	101.9803903	72.11102551	30	201.246118	189.7366596	250.5992817	178.8854382	100	210.9502311	281.7800561	214.7091055	111.8033989	247.5883681
33	70	234.0939982	210	196.468827	233.2380758	85.44003745	70.71067812	128.0624847	288.444102	42.42640687	41.23105626	228.2542442	164.0121947	102.9563014	125.2996409	214.0093456	236.0084744	170.2938637	170	60	89.4427191	196.468827	190.2629759	237.0653918	202.4845673	10	80.62257748	224.7220505	247.3863375	63.2455532	136.0147051	133.4166406	0	155.5634919	82.46211251	85.44003745	82.46211251	130.3840481	98.99494937	104.4030651	155.241747	58.30951895	190.2629759	58.30951895	58.30951895	94.33981132	220	162.788206	136.0147051	148.6606875
34	210.9502311	114.0175425	148.6606875	178.8854382	90.55385138	143.1782106	107.7032961	31.6227766	139.2838828	161.245155	180.2775638	90	22.36067977	161.245155	170	63.2455532	85.44003745	20	50	120.8304597	152.9705854	100	144.222051	100	60	162.788206	80.62257748	80.62257748	139.2838828	102.9563014	190	141.4213562	155.5634919	0	133.4166406	85.44003745	94.86832981	40	184.3908891	140.3566885	80.62257748	178.8854382	128.0624847	152.3154621	100	162.788206	155.5634919	94.33981132	30	162.788206
35	151.3274595	172.0465053	131.5294644	114.0175425	184.3908891	10	114.0175425	120	240.8318916	120.8304597	72.80109889	176.9180601	151.3274595	170.2938637	191.0497317	174.9285568	194.1648784	139.2838828	170	28.28427125	20	130.3840481	110.4536102	183.8477631	158.113883	92.19544457	98.48857802	178.0449381	178.8854382	44.72135955	206.1552813	186.0107524	82.46211251	133.4166406	0	50	40	130.3840481	174.9285568	162.788206	92.19544457	58.30951895	114.0175425	31.6227766	86.02325267	30	141.4213562	94.33981132	130	67.08203932
36	152.9705854	148.6606875	133.4166406	136.0147051	150	60	80.62257748	70	206.1552813	110	98.99494937	144.222051	101.9803903	143.1782106	161.245155	134.5362405	155.5634919	94.33981132	120	36.05551275	70	111.8033989	117.0469991	152.6433752	120.4159458	94.86832981	56.56854249	142.126704	162.788206	22.36067977	178.8854382	148.6606875	85.44003745	85.44003745	50	0	10	80.62257748	155.241747	130.3840481	70.71067812	94.33981132	111.8033989	67.08203932	53.85164807	80	143.1782106	80	80	100
37	151.3274595	152.3154621	131.5294644	130.3840481	156.2049935	50	86.02325267	80	212.6029163	110.4536102	92.19544457	150	111.8033989	147.6482306	166.4331698	142.126704	162.788206	102.9563014	130	28.28427125	60	114.0175425	114.0175425	158.113883	127.2792206	92.19544457	64.03124237	148.6606875	164.924225	20	183.5755975	155.5634919	82.46211251	94.86832981	40	10	0	90.55385138	158.113883	136.0147051	72.80109889	86.02325267	110.4536102	58.30951895	58.30951895	70	141.4213562	80.62257748	90	92.19544457
38	178.0449381	152.9705854	178.0449381	200	130.3840481	140.3566885	72.11102551	14.14213562	177.2004515	128.0624847	161.5549442	130	36.05551275	121.6552506	130	101.9803903	123.6931688	60	41.23105626	110.4536102	150.3329638	134.1640786	169.7056275	140	100	136.0147051	50	120.4159458	177.2004515	90.55385138	150	101.9803903	130.3840481	40	130.3840481	80.62257748	90.55385138	0	145.6021978	100.4987562	106.3014581	164.924225	156.2049935	141.4213562	72.11102551	160.3121954	186.0107524	120.4159458	10	174.642492
39	70	290.1723626	288.6173938	286.3564213	274.5906044	180.2775638	80	152.9705854	322.8002478	56.56854249	136.0147051	272.9468813	180.2775638	28.28427125	41.23105626	247.3863375	269.2582404	203.9607805	170	147.6482306	186.0107524	260.7680962	272.0294102	282.8427125	243.3105012	92.19544457	110	264.7640459	310.1612484	139.2838828	41.23105626	72.11102551	98.99494937	184.3908891	174.9285568	155.241747	158.113883	145.6021978	0	50	222.0360331	156.2049935	266.8332813	156.2049935	101.9803903	192.0937271	298.3286778	233.4523506	155.241747	241.8677324
40	107.7032961	250.7987241	260	266.2705391	230.8679276	170.2938637	50	110	276.5863337	70	145.6021978	230.2172887	133.4166406	22.36067977	31.6227766	202.2374842	223.6067977	160.3121954	120.8304597	134.5362405	178.0449381	225.6102835	245.9674775	240.208243	200.2498439	101.9803903	76.15773106	220.9072203	272.9468813	120.4159458	50.99019514	30	104.4030651	140.3566885	162.788206	130.3840481	136.0147051	100.4987562	50	0	189.7366596	161.5549442	237.6972865	152.6433752	78.10249676	186.0107524	269.2582404	202.4845673	110.4536102	226.715681
41	223.6067977	80.62257748	72.11102551	98.48857802	94.33981132	98.99494937	143.1782106	92.19544457	150	180.2775638	161.245155	86.02325267	102.9563014	206.1552813	221.3594362	92.19544457	107.7032961	72.80109889	130.3840481	98.48857802	106.3014581	41.23105626	64.03124237	92.19544457	72.80109889	164.924225	114.0175425	89.4427191	92.19544457	92.19544457	240.4163056	201.246118	155.241747	80.62257748	92.19544457	70.71067812	72.80109889	106.3014581	222.0360331	189.7366596	0	150	50	122.0655562	120.4159458	114.0175425	80.62257748	14.14213562	98.99494937	90.55385138
42	111.8033989	230.2172887	186.8154169	160	240.4163056	53.85164807	121.6552506	158.113883	296.9848481	100	22.36067977	233.4523506	193.1320792	161.245155	183.5755975	228.035085	248.394847	188.6796226	206.1552813	58.30951895	50.99019514	188.6796226	164.924225	240.8318916	212.6029163	64.03124237	120.4159458	233.4523506	237.0653918	76.15773106	194.1648784	189.7366596	58.30951895	178.8854382	58.30951895	94.33981132	86.02325267	164.924225	156.2049935	161.5549442	150	0	170.8800749	28.28427125	100	50	196.468827	152.6433752	167.6305461	110
43	260.1922366	76.15773106	22.36067977	60	110.4536102	117.0469991	189.7366596	142.126704	158.113883	220.9072203	186.8154169	100.4987562	150	252.9822128	269.2582404	121.6552506	130	116.6190379	178.0449381	130.3840481	120.8304597	40	20	101.9803903	101.9803903	200.2498439	161.5549442	110	70.71067812	130.3840481	287.923601	250.5992817	190.2629759	128.0624847	114.0175425	111.8033989	110.4536102	156.2049935	266.8332813	237.6972865	50	170.8800749	0	145.6021978	164.924225	125.2996409	31.6227766	36.05551275	148.6606875	78.10249676
44	123.6931688	202.4845673	162.788206	141.4213562	212.1320344	30	107.7032961	133.4166406	268.7005769	100	41.23105626	205.1828453	167.6305461	156.2049935	178.0449381	200	220.2271555	161.245155	182.4828759	31.6227766	31.6227766	161.245155	141.4213562	212.6029163	184.3908891	67.08203932	100.4987562	205.1828453	210.2379604	50.99019514	191.0497317	178.8854382	58.30951895	152.3154621	31.6227766	67.08203932	58.30951895	141.4213562	156.2049935	152.6433752	122.0655562	28.28427125	145.6021978	0	82.46211251	36.05551275	172.626765	125.2996409	143.1782106	92.19544457
45	111.8033989	192.3538406	186.8154169	188.6796226	183.8477631	94.33981132	28.28427125	70.71067812	237.0653918	63.2455532	92.19544457	180.2775638	106.3014581	89.4427191	108.1665383	161.245155	183.5755975	116.6190379	111.8033989	58.30951895	102.9563014	160	170.8800749	189.7366596	152.3154621	64.03124237	22.36067977	174.642492	210.2379604	42.42640687	125.2996409	100	58.30951895	100	86.02325267	53.85164807	58.30951895	72.11102551	101.9803903	78.10249676	120.4159458	100	164.924225	82.46211251	0	111.8033989	196.468827	131.5294644	78.10249676	148.6606875
46	158.113883	191.0497317	139.2838828	110	208.0865205	20	138.9244399	150	264.0075756	136.0147051	70.71067812	200	181.1077028	191.0497317	212.6029163	201.246118	219.544984	167.6305461	200	53.85164807	10	148.6606875	117.0469991	206.1552813	183.5755975	102.9563014	126.4911064	202.4845673	194.1648784	72.80109889	226.27417	210.9502311	94.33981132	162.788206	30	80	70	160.3121954	192.0937271	186.0107524	114.0175425	50	125.2996409	36.05551275	111.8033989	0	148.6606875	113.137085	160	60
47	290	80	10	58.30951895	121.6552506	143.1782106	221.3594362	172.0465053	161.245155	251.7935662	213.7755833	111.8033989	176.9180601	284.6049894	300.8321791	139.2838828	143.1782106	142.126704	205.1828453	160	145.6021978	58.30951895	31.6227766	110.4536102	120.8304597	230	193.1320792	123.6931688	63.2455532	161.245155	319.5309062	281.7800561	220	155.5634919	141.4213562	143.1782106	141.4213562	186.0107524	298.3286778	269.2582404	80.62257748	196.468827	31.6227766	172.626765	196.468827	148.6606875	0	67.08203932	178.0449381	94.33981132
48	231.9482701	78.10249676	58.30951895	85.44003745	98.48857802	100	155.241747	106.3014581	152.6433752	190	165.5294536	89.4427191	116.6190379	218.4032967	234.0939982	100.4987562	114.0175425	85.44003745	144.222051	104.4030651	106.3014581	36.05551275	50	94.33981132	80.62257748	172.626765	126.4911064	94.86832981	85.44003745	100.4987562	252.9822128	214.7091055	162.788206	94.33981132	94.33981132	80	80.62257748	120.4159458	233.4523506	202.4845673	14.14213562	152.6433752	36.05551275	125.2996409	131.5294644	113.137085	67.08203932	0	113.137085	82.46211251
49	186.0107524	143.1782106	170.2938637	194.1648784	120.4159458	140	80.62257748	10	167.6305461	136.0147051	165.5294536	120	28.28427125	131.5294644	140	92.19544457	114.0175425	50	40	111.8033989	150	125.2996409	162.788206	130	90	142.126704	56.56854249	110.4536102	167.6305461	92.19544457	160	111.8033989	136.0147051	30	130	80	90	10	155.241747	110.4536102	98.99494937	167.6305461	148.6606875	143.1782106	78.10249676	160	178.0449381	113.137085	0	170.8800749
50	215.8703314	152.6433752	86.02325267	50	180.2775638	63.2455532	176.9180601	161.5549442	232.594067	187.8829423	130.3840481	170.8800749	184.3908891	236.0084744	256.1249695	182.4828759	196.468827	160.3121954	208.8061302	94.33981132	60.8276253	111.8033989	64.03124237	174.642492	162.788206	158.113883	156.2049935	177.2004515	148.6606875	106.3014581	272.0294102	247.5883681	148.6606875	162.788206	67.08203932	100	92.19544457	174.642492	241.8677324	226.715681	90.55385138	110	78.10249676	92.19544457	148.6606875	60	94.33981132	82.46211251	170.8800749	0;

param d:=
1	8
2	12
3	8
4	2
5	2
6	4
7	8
8	12
9	2
10	2
11	4
12	12
13	1
14	8
15	1
16	4
17	8
18	12
19	8
20	2
21	2
22	4
23	1
24	1
25	4
26	2
27	12
28	1
29	2
30	8
31	8
32	1
33	2
34	4
35	1
36	12
37	4
38	2
39	8
40	2
41	4
42	12
43	4
44	2
45	1
46	12
47	2
48	8
49	8
50	12;
param puntos:= 67; 

param cotas: 
 	 1 	 2:= 

1	3776.107095645439	1815.8444800988366
2	3776.766594849446	1771.969024845889
3	3780.0121480528137	1731.969024845889
4	3786.4675117222555	1714.1208127357029
5	3791.0573162026412	1685.374872770715
6	3795.5922706595966	1682.1293195673475
7	3797.512679872083	1667.526660660529
8	3804.199422218852	1664.2811074571614
9	3808.157630894543	1655.8109319079908
10	3814.6144450803727	1648.7908142131255
11	3816.5348542928596	1634.188155306307
12	3829.594818127056	1630.3206386639552
13	3834.1297725840113	1627.0750854605874
14	3836.050181796498	1612.4724265537689
15	3842.736924143267	1609.2268733504013
16	3862.247347693122	1603.210329727083
17	3868.9340900398906	1599.9647765237155
18	3872.940037492857	1587.6040967487174
19	3875.7601420632254	1579.2945778002645
20	3890.288622297894	1577.433708509675
21	3892.2540050946673	1571.759771081446
22	3895.2754695668636	1557.5788490477264
23	3905.3525880429797	1552.5653787046235
24	3916.2607639873618	1548.6978620622713
25	3918.1811731998487	1534.0952031554527
26	3924.8679155466175	1530.8496499520852
27	3939.420353446142	1525.0306417302986
28	3951.065081443242	1521.5875531253994
29	3955.0710288962077	1509.2268733504013
30	3957.8911334665763	1500.9173544019484
31	3976.310209142501	1500.1623119252472
32	3976.3102091425017	1500.162311925247
33	3977.4064609702145	1479.2016256494103
34	3998.645641216508	1470.1370642242562
35	4004.1726518435094	1469.2016256494103
36	4024.842807113132	1460.8749673975703
37	4038.2414002401556	1457.6040967487177
38	4050.2919496468276	1457.4858968968724
39	4053.5758910470827	1455.1757822683505
40	4055.0752955633143	1447.6040967487177
41	4079.7730569437067	1445.9136854416647
42	4081.272461459938	1438.3419999220318
43	4105.878683241063	1437.7359050540545
44	4126.171159698321	1435.1100551721556
45	4132.075849137688	1428.4738082273684
46	4150.818630426622	1414.2403436935047
47	4177.015796323246	1404.978246866819
48	4177.015796323247	1404.9782468668188
49	4210.708965091776	1396.2093031229956
50	4242.238432946221	1395.9136854416645
51	4246.171159698321	1395.1100551721556
52	4262.439369804211	1394.3721519988417
53	4275.93160171475	1387.1447416978413
54	4279.864328466852	1386.3411114283322
55	4288.636535700836	1385.1100551721554
56	4322.3297044693645	1376.3411114283322
57	4364.873918433587	1369.922309681594
58	4391.071084330211	1360.660212854908
59	4407.339294436101	1359.922309681594
60	4424.7642530987405	1351.891269111085
61	4433.536460332725	1350.660212854908
62	4467.229629101254	1341.891269111085
63	4467.229629101255	1341.8912691110845
64	4501.19048188697	1340.901073975157
65	4549.962689120955	1339.67001771898
66	4583.655857889484	1330.901073975157
67	4583.655857889485	1330.9010739751568
; 
